{"intrinsic":{"linear":[1062.6574829513158,1062.6574829513158],"translation":[549.8792690154128,900.2928433112825]},"extrinsics":[{"linear":[-0.2174060902965183,-0.9760259924917363,-0.010385272384650111,0.9759332091448045,-0.2171755176391012,-0.019727286344342322,0.01699891732744594,-0.01442416440247786,0.9997514592592427],"translation":[-1.691325153368562,10.619265882151053,37.18576418337818]},{"linear":[-0.21768984417322013,-0.9759627626380404,-0.010383529638949889,0.9758139266123503,-0.2174144703809998,-0.022762440518008405,0.019957764735201847,-0.015087544958446854,0.9996869778155065],"translation":[-1.695670227088204,10.6130581407267,37.17900590856138]},{"linear":[-0.2175535169387125,-0.9759969036927902,-0.010025529895390663,0.9758374272680836,-0.21728147025547695,-0.02302342777315028,0.020292432343228545,-0.014792114984150562,0.9996846555408815],"translation":[-1.695433793868485,10.613171610937274,37.17850561101814]},{"linear":[-0.2603113891447405,-0.9650012290693383,-0.0317900704025957,0.9650646608214771,-0.25903000155488276,-0.03941647787416483,0.02980236760833924,-0.04094003162118867,0.9987170433590253],"translation":[-1.5306166831561063,11.043555759453596,37.24194969341305]},{"linear":[-0.4953264147705987,-0.8679844971948106,0.03542111601822503,0.8681477943373425,-0.4931332244700327,0.056027048030354375,-0.031163279957542218,0.05850244057524474,0.9978007388396882],"translation":[4.379771094698299,3.5899454621593585,36.72797794750861]},{"linear":[0.0685355540965425,-0.9675876566573861,-0.2430576156160269,0.9949823568810795,0.08409293854716787,-0.05420781476756348,0.07289024159688412,-0.2381228766220722,0.9684960032489434],"translation":[-11.876744548831017,-2.4792344113714804,34.89709722637202]},{"linear":[0.37515564498959203,-0.8440300184007083,-0.3832382680147474,0.8263783418612334,0.4918278072768771,-0.2742339222122196,0.41994889943315944,-0.2138194004942471,0.8820001053498572],"translation":[-11.907946664074343,-3.533348827217045,35.465292595408854]},{"linear":[-0.15547052117411087,-0.9875750431774629,-0.0229008982112622,0.9878320133024857,-0.15533111883218287,-0.007756095480337065,0.004102504187465109,-0.0238280845930706,0.9997076531886796],"translation":[1.2252924224335153,9.390730997611742,37.094793731489325]},{"linear":[-0.2502242723091066,-0.954304413281734,-0.16337349949849142,0.9579384021642263,-0.21953703058727891,-0.18481750420338786,0.14050562695645732,-0.20274757456484085,0.9690983385609776],"translation":[-0.21020691297442634,7.49386503077106,33.858702209635446]},{"linear":[-0.031219260031409624,-0.999276097246013,-0.0217402685325635,0.8994468887514223,-0.037573237888422706,0.43541192692663633,-0.4359135833149475,-0.005960978724734861,0.8999687853554508],"translation":[-3.443751611744205,7.542762994497725,33.22463230623075]},{"linear":[-0.22288356522113506,-0.9459198883522026,0.23570846648788918,0.9744959265485349,-0.2097220947051417,0.07983941465717347,-0.0260884168670419,0.2474918338294092,0.968538686213993],"translation":[-1.0814807827017592,6.5376562061484025,30.55437537400306]},{"linear":[0.2262926167969903,-0.9020963138472058,0.3674423657207402,0.9592572267764032,0.27190316163072703,0.07677397718276052,-0.1691662627725009,0.3350983605428388,0.9268720862670787],"translation":[-10.922112807145853,3.2970555836529827,27.039926026189253]},{"linear":[0.3062094581409791,-0.9377846956563355,0.16369371502217986,0.938351513806578,0.3263104370881389,0.11409616638718179,-0.1604126063684266,0.1186649200063031,0.9798910309202684],"translation":[-10.856658649587489,3.0541657975408687,24.058625244353617]},{"linear":[0.2877516377093526,-0.9458446622330272,0.1502560145913493,0.9576957207378918,0.28487841932993435,-0.040782259383308164,-0.004231013580094339,0.15563470411630004,0.9878056172135874],"translation":[-11.60505010834195,0.8749733012067124,23.410450845821565]},{"linear":[0.2613865439348894,-0.9600629450123239,0.09978084116721803,0.8896312160011965,0.19951664491885873,-0.4107911974672222,0.37447746816865557,0.19614344244604637,0.9062529314818286],"translation":[-11.439336265925037,1.1007528778946745,23.767094778763408]},{"linear":[-0.5526415699886861,-0.779758662455378,-0.29421713656114623,0.7919430313755961,-0.6013075044145004,0.10609203641384884,-0.2596411565527931,-0.17437234144383557,0.9498319621719005],"translation":[-2.598986229458124,4.808653313023101,24.198371550942237]},{"linear":[-0.5807718120136511,-0.8134508989292824,0.03165023541022697,0.8138180346273034,-0.5791953313962319,0.04725436068938335,-0.020107433593912268,0.053201533060162204,0.9983813339572785],"translation":[-2.7210513348444536,4.653247620142719,23.524638290394506]}],"scale":{"linear":[0.24390243902439027,0.24390243902439027,0.24390243902439027]},"k":0.02569891701222583,"files":["/tmp/jl_Z8FZLb/220.449 extrinsic.png","/tmp/jl_Z8FZLb/intrinsic0001.png","/tmp/jl_Z8FZLb/intrinsic0002.png","/tmp/jl_Z8FZLb/intrinsic0003.png","/tmp/jl_Z8FZLb/intrinsic0004.png","/tmp/jl_Z8FZLb/intrinsic0005.png","/tmp/jl_Z8FZLb/intrinsic0006.png","/tmp/jl_Z8FZLb/intrinsic0008.png","/tmp/jl_Z8FZLb/intrinsic0009.png","/tmp/jl_Z8FZLb/intrinsic0010.png","/tmp/jl_Z8FZLb/intrinsic0011.png","/tmp/jl_Z8FZLb/intrinsic0012.png","/tmp/jl_Z8FZLb/intrinsic0014.png","/tmp/jl_Z8FZLb/intrinsic0015.png","/tmp/jl_Z8FZLb/intrinsic0017.png","/tmp/jl_Z8FZLb/intrinsic0019.png","/tmp/jl_Z8FZLb/intrinsic0020.png"]}