{"intrinsic":{"linear":[3109.9348620178885,3109.9348620178885],"translation":[1010.1241718975562,673.1929191424382]},"extrinsics":[{"linear":[0.9854720868216954,-0.13184563188541756,0.10705837402103402,0.15757153954138367,0.9449816383767852,-0.2866721351252768,-0.06337172888481746,0.29937674005082915,0.9520281463773469],"translation":[-22.01422489893608,6.927433317903541,102.53109903510133]},{"linear":[0.9857507276728424,-0.13336625108732791,0.1025131501972964,0.156596170553772,0.9501162331718457,-0.26973465263335505,-0.0614259087059817,0.2819442968642114,0.9574624124243153],"translation":[-22.07226132416738,6.93974784775994,102.76426660799049]},{"linear":[0.986258626538465,-0.13537340142809287,0.09469933349421801,0.157047616977971,0.9461598701179335,-0.2830504304535783,-0.05128320953295744,0.29403323343493654,0.9544184040848096],"translation":[-22.029442909427047,6.939653418823427,102.59215075355358]},{"linear":[0.9678984747464923,-0.22142725723136217,0.1189222953798405,0.20274999798083712,0.9674813335843295,0.15123593317944667,-0.14854285880574808,-0.12226953390310968,0.9813180830785357],"translation":[-22.302843878870203,6.9543869937749365,100.35367661950085]},{"linear":[0.9290147501547832,-0.2701315381052866,0.25290422320656825,0.21850993974047841,0.9520328674817213,0.21421210392772752,-0.29863857793235304,-0.14374411763756853,0.9434790026360622],"translation":[-20.95803538039308,9.348603273215144,84.37570325215987]}],"scale":{"linear":[0.24390243902439027,0.24390243902439027,0.24390243902439027]},"k":-0.56145430285282,"files":["/tmp/jl_R1EmN5/484.843 extrinsic.png","/tmp/jl_R1EmN5/intrinsic0003.png","/tmp/jl_R1EmN5/intrinsic0004.png","/tmp/jl_R1EmN5/intrinsic0005.png","/tmp/jl_R1EmN5/intrinsic0006.png"]}