{"intrinsic":{"linear":[957.9520353136214,957.9520353136214],"translation":[661.757505752682,965.2397498506512]},"extrinsics":[{"linear":[-0.8064347849671593,-0.5909972242748414,0.0196269838335959,0.5889947416139025,-0.8057594483235304,-0.06194276219649983,0.052422628188061066,-0.03839260784047717,0.9978867048503369],"translation":[-3.6724057374076753,8.512849176286295,33.49580843832317]},{"linear":[0.3848556390757309,-0.9104482110523433,-0.15155920316232346,0.718080971506887,0.19219118460613432,0.6688963050573805,-0.5798671015252859,-0.3662602948058641,0.7277413970754896],"translation":[-6.737378221730085,-5.516930519768933,21.836028174787995]},{"linear":[0.378694961767155,-0.9123829907461775,-0.1553943503774637,0.7171264533776273,0.18312089589529684,0.672455490982511,-0.5850809993481236,-0.36609290580884635,0.7236409389457152],"translation":[-6.4577171947780885,-5.332456386229582,22.16140786965913]},{"linear":[0.17402484061304174,-0.9828298986382239,0.06132491493988529,0.9845703848011859,0.17481701626560925,0.007756816127415397,-0.018344269460796054,0.059028816410024706,0.9980877148884166],"translation":[-5.167993776628943,-2.870889429975323,33.434297196299134]},{"linear":[0.01581801262784971,-0.7001797844920777,-0.71379132795596,0.457525565000937,-0.6296905447747739,0.6278217702436115,-0.8890557619447044,-0.33650867330557205,0.3103896985130872],"translation":[-8.670112936123957,5.947505044285044,22.82127889403831]},{"linear":[0.8944277533332812,-0.4452103722256495,-0.042269593443486006,0.4444990031630499,0.8954170900069869,-0.025472948601889582,0.04918973728567676,0.003994920039025325,0.9987814627633254],"translation":[-16.763791243990767,-1.152520902036279,34.17006264049176]},{"linear":[0.8834894271756006,-0.4649658978963742,-0.057036355619443146,0.46390651446183384,0.8853276686140525,-0.03139530261486534,0.06509360881685286,0.0012778809901905202,0.997878343843263],"translation":[-16.45857107334268,-1.298915215371287,34.19879309242447]},{"linear":[0.8776507686348021,-0.4763306920606482,-0.05327476058852797,0.47602593061467785,0.8792240760473686,-0.01908762638676495,0.05593247444169612,-0.008607897517669999,0.9983974471137005],"translation":[-12.537484639244303,7.76624953433622,33.9263613101131]},{"linear":[0.2221005751186868,-0.9742187656044445,-0.03961226168878633,0.9748112864492076,0.22271695463511082,-0.011836972978888244,0.020354123493521236,-0.035985481269733034,0.9991450118949681],"translation":[2.7543746664470277,2.5395551145424835,33.13403740916447]},{"linear":[0.18127341488293092,-0.9746364994595127,0.13123887754010993,0.9805478100387666,0.1893393289666523,0.05173597138004488,-0.07527244704976556,0.11930763775955433,0.9899998718623024],"translation":[5.081639173957186,2.2788873010981434,32.19320484761732]},{"linear":[-0.5208695319706358,-0.8534878522533211,0.015919067834016535,0.853473691120515,-0.5210437273282336,-0.009802692335544068,0.016661009267590562,0.008480581814628975,0.9998252299788553],"translation":[-9.645130195826347,-1.7977762589320574,33.9437503435017]}],"scale":{"linear":[0.24390243902439027,0.24390243902439027,0.24390243902439027]},"k":-0.03736189078916799,"files":["/tmp/jl_wXKd19/190.025 extrinsic.png","/tmp/jl_wXKd19/intrinsic0001.png","/tmp/jl_wXKd19/intrinsic0002.png","/tmp/jl_wXKd19/intrinsic0003.png","/tmp/jl_wXKd19/intrinsic0004.png","/tmp/jl_wXKd19/intrinsic0007.png","/tmp/jl_wXKd19/intrinsic0008.png","/tmp/jl_wXKd19/intrinsic0009.png","/tmp/jl_wXKd19/intrinsic0011.png","/tmp/jl_wXKd19/intrinsic0012.png","/tmp/jl_wXKd19/intrinsic0013.png"]}