{"intrinsic":{"linear":[1442.6082386747591,1442.6082386747591],"translation":[737.5701052076167,711.6975909968705]},"extrinsics":[{"linear":[0.6049371503135105,-0.79594745319662,-0.02277489671510368,0.7962731666919065,0.6046789520269681,0.017675094964693817,-0.00029694614394511556,-0.028827360707879262,0.9995843611709846],"translation":[-8.64321633466297,10.790540572909672,49.951118785667305]},{"linear":[-0.02282450222114124,-0.8828713786371354,0.4690598798466147,0.7289864677710105,-0.3357709354592971,-0.5965204176786689,0.6841474781836897,0.32832302338421543,0.6512650922709933],"translation":[-4.440284559479081,16.388462134283955,21.18863324887831]},{"linear":[-0.03032155376514356,-0.8777392351699683,0.47817824963135486,0.7445059245527944,-0.3390362528642604,-0.5751220283987999,0.6669269312923689,0.3385679463372161,0.6637621667660365],"translation":[-4.5491215394413125,16.342405098372005,21.324196641985463]},{"linear":[0.5603188592548185,-0.7065546864296901,0.43223055311676095,0.8264379050501962,0.5116697594635191,-0.23493498323320738,-0.05516488973633352,0.48885021462078415,0.8706217907941378],"translation":[-8.394816881987394,10.079847286930876,47.25949019600522]},{"linear":[0.10179642651761284,-0.8607732461723151,0.49870522979232856,0.9947446445969975,0.09360939494270443,-0.04147738207811216,-0.010980874001516289,0.5003066058452914,0.8657786787359267],"translation":[-10.063288647445052,9.165500619095335,44.02171279981628]},{"linear":[0.29654237185248233,-0.9120206595348417,0.2833389106313083,0.9538358341814606,0.2976076286264834,-0.04033485855533228,-0.047537596988716055,0.2822198008024128,0.9581712586524315],"translation":[-8.438233568751643,4.0519991692070025,50.08899672312887]},{"linear":[0.6105325007611185,-0.79099623155665,-0.03968661206947863,0.7919358155788266,0.61031547062515,0.018780051094186446,0.00936640367875879,-0.04289508105575829,0.9990356762915659],"translation":[-4.3759982177809285,8.86913932316577,48.87527094719981]},{"linear":[0.508281666043856,-0.8081341184449468,-0.29760543437392184,0.8119224844688134,0.5648897030682065,-0.14724640091188249,0.28710908585008466,-0.1667898976938418,0.9432653406383626],"translation":[-7.032898123778739,7.752666108437744,30.07117714829162]},{"linear":[0.6276209524648264,-0.6452301817612731,0.43562593193181054,0.7110955563738774,0.702899281218387,0.016604522516491776,-0.31691489351633473,0.2993503182009154,0.8999746314538764],"translation":[-6.823365866091046,5.104219872921126,24.718102885341303]},{"linear":[0.7076325431100325,-0.7000513022481665,0.0958350570108574,0.7044659791834258,0.6885097307257255,-0.17228474938057148,0.05462479386473806,0.18942683262050147,0.9803742178263357],"translation":[-3.5052459494108796,0.3837847398935204,16.018282878971437]},{"linear":[0.4173715513054003,-0.8947546509713116,-0.158792640654818,0.8939000920201987,0.37279505848073907,0.24893065270999207,-0.16353474752236583,-0.2458413287825074,0.9554153167158494],"translation":[-7.110487639315391,15.38233359502155,35.00834619113463]},{"linear":[-0.28354203490025176,-0.9454242504290792,0.1605518643468156,0.9396495524142102,-0.307340113719512,-0.15033553520925114,0.19147488893429063,0.10823604390170276,0.9755113150077296],"translation":[-8.26841539415036,24.00209008339844,48.563671014109175]},{"linear":[0.7995446987356664,-0.5944313556795163,0.08590482005513467,0.5919846454465613,0.7558160292849524,-0.2798147770069288,0.10140243724487999,0.2745787560262821,0.9562029347684818],"translation":[-4.152991725873827,6.1797882026807605,48.575096664669275]},{"linear":[0.789352435793234,-0.6138032384485037,-0.012973687888089922,0.6139300827670864,0.7890408870713232,0.022457337404462353,-0.003547616225984755,-0.025691691260572254,0.9996636191335988],"translation":[-4.1533502096522,6.203881519688547,48.95855550061872]},{"linear":[0.16726653844194478,-0.9740531769301398,0.1524543001359786,0.9856030854559011,0.16133408771170693,-0.05057539008291483,0.02466704395457943,0.15871899903456071,0.987015610964695],"translation":[-13.36660523227415,3.4498083448212333,51.32238579152042]}],"scale":{"linear":[0.24390243902439027,0.24390243902439027,0.24390243902439027]},"k":-0.03845395422394701,"files":["/tmp/jl_m5Vyhl/172.648 extrinsic.png","/tmp/jl_m5Vyhl/intrinsic0001.png","/tmp/jl_m5Vyhl/intrinsic0002.png","/tmp/jl_m5Vyhl/intrinsic0003.png","/tmp/jl_m5Vyhl/intrinsic0005.png","/tmp/jl_m5Vyhl/intrinsic0006.png","/tmp/jl_m5Vyhl/intrinsic0007.png","/tmp/jl_m5Vyhl/intrinsic0008.png","/tmp/jl_m5Vyhl/intrinsic0009.png","/tmp/jl_m5Vyhl/intrinsic0010.png","/tmp/jl_m5Vyhl/intrinsic0011.png","/tmp/jl_m5Vyhl/intrinsic0012.png","/tmp/jl_m5Vyhl/intrinsic0013.png","/tmp/jl_m5Vyhl/intrinsic0014.png","/tmp/jl_m5Vyhl/intrinsic0015.png"]}