{"intrinsic":{"linear":[1793.5981439423354,1793.5981439423354],"translation":[976.9210627933285,631.5941381684801]},"extrinsics":[{"linear":[-0.9997993339676785,-0.013572671209458114,0.014733444744035856,0.014942528284102986,-0.9951486211988765,0.09724167097727769,0.013342137994504226,0.09744231279179642,0.9951517386969289],"translation":[-23.42244007846479,17.043730653549893,63.38042627258613]},{"linear":[-0.9997637260852598,-0.013547604033543496,0.016998659625631622,0.01513917152540191,-0.9951408023615521,0.09729125839833111,0.01559799633421622,0.09752561663561368,0.9951107760496825],"translation":[-23.407799434588647,17.035722868609724,63.32759448536661]},{"linear":[-0.9997673124633074,-0.013504777861781793,0.016820877052007906,0.0150815849030709,-0.9951266270572143,0.09744507128912572,0.015422928603423596,0.09767608252092863,0.995098746947587],"translation":[-23.40820692438406,17.03573135109615,63.32890856995598]},{"linear":[0.997737752417045,0.04681564879172959,0.048245957654426616,-0.06290051347084533,0.9033832014438277,0.4241960829076626,-0.02372557284634672,-0.42627114185376186,0.9042842533273499],"translation":[-24.803149500958455,11.98994323519675,57.057373907411815]},{"linear":[-0.7438954628164409,-0.11882428318651933,-0.6576475728886426,-0.020956508129392502,-0.9794347401294166,0.20066991452294125,-0.667967338399218,0.16305943564489517,0.7261069172505055],"translation":[-22.649707370371537,13.8415536861334,59.724967451740596]}],"scale":{"linear":[0.24390243902439027,0.24390243902439027,0.24390243902439027]},"k":-0.13266476233689994,"files":["/tmp/jl_yvUZNv/452.609 extrinsic.png","/tmp/jl_yvUZNv/intrinsic0001.png","/tmp/jl_yvUZNv/intrinsic0002.png","/tmp/jl_yvUZNv/intrinsic0003.png","/tmp/jl_yvUZNv/intrinsic0004.png"]}