{"intrinsic":{"linear":[895.4085897847908,895.4085897847908],"translation":[548.3137615868974,977.3665732508542]},"extrinsics":[{"linear":[-0.9757404060701251,-0.1686469243360675,0.13960256041381264,0.16687329267987075,-0.9856763935564908,-0.02439982327083788,0.1417179034289094,-0.0005119545435331441,0.9899069520668393],"translation":[-8.563722750871264,2.7401443338365308,32.01941272316245]},{"linear":[0.6368770222583993,-0.5163815962671476,-0.5724838037498242,0.7482170209932641,0.5930342857878788,0.2974586111983083,0.1859003712079138,-0.6177866807536834,0.7640554096844723],"translation":[-5.6040280729387595,-5.906932418933865,15.000245936871073]},{"linear":[0.6319921816760365,-0.5086259996859801,-0.584709735461794,0.7499623137692251,0.5915355795344994,0.2960442299229874,0.19530081983001044,-0.6256079048319495,0.7552961930166895],"translation":[-5.633702635321648,-5.82349225393268,15.12531653306033]},{"linear":[0.30855556462042694,-0.8914239366212914,-0.33189882307771035,0.9423099108609073,0.3340686719968486,-0.021216839622590328,0.12979019776191977,-0.3062049764599879,0.943076357966872],"translation":[-5.754506899393659,6.742467456281898,31.226057491930987]},{"linear":[-0.9758206135023464,-0.1688935657691438,0.1387411031586813,0.16719025828797165,-0.985634283290124,-0.023926494452062543,0.1407890187390525,-0.00015180562291411404,0.9900396098932341],"translation":[-8.559445881962196,2.7411020153913768,31.995935744164395]},{"linear":[0.5297539486337417,-0.846044866465716,-0.05973975086964886,0.843002130110763,0.5329796171676349,-0.07266454646220208,0.0933175360566009,-0.01186640682136876,0.9955656813357292],"translation":[-0.9562458727664651,-1.2750909524141478,31.51549238977383]},{"linear":[0.8024637503997781,-0.4891807937677898,-0.3416929620332231,0.5554131532027143,0.8216526665383107,0.1280746845395361,0.21810125754736198,-0.29255605715691246,0.9310439274690859],"translation":[-7.532105425251663,-1.0396446188146857,28.306242871232598]},{"linear":[0.909936331380283,-0.3956771197637144,-0.1243201099166299,0.3927214689303317,0.9183777044544098,-0.04849989486845101,0.13336311587314614,-0.004691359775111478,0.9910561389084204],"translation":[-12.520354046370159,1.2352765275691384,32.752735705428606]},{"linear":[-0.6555264280168567,-0.7377541875171714,0.1612571268885161,0.6820616522715897,-0.670067125364506,-0.29291969890448877,0.32415583393178293,-0.08202930151248204,0.9424405493299641],"translation":[-3.659975844938177,-3.130306389209148,31.05312376911226]},{"linear":[-0.582711019120651,-0.8063940536016028,0.10087863258068028,0.8056571358392313,-0.5894910405010827,-0.05845419266637418,0.1066041634585582,0.047211688011831246,0.9931800485553336],"translation":[-3.5677462756459426,-2.5208928860938293,31.74423618622542]},{"linear":[-0.9247984779387804,-0.37113542462884247,0.08370347536204116,0.3686234064231276,-0.9285239504085138,-0.044272539511277326,0.09415178935699926,-0.010088116937103847,0.995506740538475],"translation":[0.032225400638729876,7.36679557889141,31.41797884376363]},{"linear":[-0.9466866138621404,-0.32113739761000193,0.02559740202659258,0.31202812119936385,-0.9337924753622326,-0.17512870849084097,0.08014303909280342,-0.15780489476930157,0.9842127353737198],"translation":[-3.0050349792965223,2.9980030186769078,21.5176697310191]},{"linear":[0.39136594496047367,-0.8277356386922538,-0.4021024863936087,0.8893281590896603,0.4524971700520211,-0.06589185492234981,0.2364912737827578,-0.33181323592291934,0.9132205943204357],"translation":[-4.007457015435201,1.2904114054251499,23.420710465835366]},{"linear":[0.4703831889483399,-0.8823800464160688,-0.012046129733920372,0.8491531338565573,0.4563011172426679,-0.26594782507980874,0.24016371669421216,0.11486837724051459,0.963912156315996],"translation":[-4.523714166120521,1.2545528137224355,24.14771346110672]}],"scale":{"linear":[0.24390243902439027,0.24390243902439027,0.24390243902439027]},"k":-0.024847560444034054,"files":["/tmp/jl_ekO46v/200.732 extrinsic.png","/tmp/jl_ekO46v/intrinsic0001.png","/tmp/jl_ekO46v/intrinsic0002.png","/tmp/jl_ekO46v/intrinsic0003.png","/tmp/jl_ekO46v/intrinsic0004.png","/tmp/jl_ekO46v/intrinsic0005.png","/tmp/jl_ekO46v/intrinsic0006.png","/tmp/jl_ekO46v/intrinsic0007.png","/tmp/jl_ekO46v/intrinsic0008.png","/tmp/jl_ekO46v/intrinsic0009.png","/tmp/jl_ekO46v/intrinsic0010.png","/tmp/jl_ekO46v/intrinsic0011.png","/tmp/jl_ekO46v/intrinsic0012.png","/tmp/jl_ekO46v/intrinsic0013.png"]}