{"intrinsic":{"linear":[1008.7375912194926,1008.7375912194926],"translation":[630.1588399937262,833.9372107106739]},"extrinsics":[{"linear":[0.9904015565514204,-0.1364986780093337,-0.021745520969343214,0.13419898915173264,0.9872862834119607,-0.08518465764004066,0.033096647733222954,0.08144879058833243,0.9961278564624729],"translation":[-9.009477113029254,-3.269233629223627,34.16363787505067]},{"linear":[-0.9597123474663048,-0.267414809450098,0.08626430204599608,0.2622343347872039,-0.9626858262054893,-0.06685172908584798,0.1009225632820912,-0.04153696799024638,0.9940268188086023],"translation":[4.743844955465522,8.708628459969168,25.437863521001322]},{"linear":[-0.9191946215420354,-0.3749353363487185,0.12043563129434448,0.393493853543508,-0.8623384363305941,0.3186455843886522,-0.01561521538994029,0.3402879880101246,0.9401916029535398],"translation":[3.6246511671699673,8.520083183672345,30.792145234217763]},{"linear":[0.9903056046365352,-0.13688792032505734,-0.023590394115983224,0.13442285473261753,0.9872212836056588,-0.08558407165781058,0.035004364742132706,0.08158329770900664,0.9960516351996634],"translation":[-9.01196349896267,-3.2693343366449925,34.16317059990186]},{"linear":[0.30302606268195187,-0.9297564233095024,0.20911288494541747,0.9529403089522797,0.297686894452329,-0.05733481006562889,-0.008942757371619744,0.21664603893459367,0.9762092608168307],"translation":[-16.449353546842037,12.63465341417065,32.34702851826876]},{"linear":[0.401470579011629,-0.9073076477579897,0.12495681857318286,0.9155649557285431,0.3940510690331959,-0.08040253003224723,0.023710462455599546,0.14668533435098194,0.9888989971966209],"translation":[-12.306890354417146,4.872447788090652,33.64052832157881]},{"linear":[0.35811071158970836,-0.6111690423729511,0.7058534691348074,0.8997943587313538,0.42772291754295527,-0.08615809772606342,-0.24925254309624292,0.6659771073043517,0.703098614922959],"translation":[-10.411889838653067,2.8922459348723817,30.294114725174328]},{"linear":[0.5162347490587911,-0.8496834912649561,0.10742275613668842,0.7644136732832986,0.40055750133843393,-0.505198400847672,0.38622975022872275,0.34291639329916246,0.8562913798730853],"translation":[-10.762780371832326,4.136276641969278,32.241210617298975]},{"linear":[0.20202295011162935,-0.906621667007159,-0.3704374178472717,0.9696626103678867,0.23831018996983527,-0.054430463998359074,0.13762684942528405,-0.3482031106548318,0.9272612598656158],"translation":[-10.787704653974945,5.295990620745956,29.873260101612715]},{"linear":[0.3423868447421697,-0.8325007173379925,0.43556148151464125,0.9251614617413056,0.3795696716305755,-0.001770335264214773,-0.16385212313605177,0.4035708364215445,0.9001572427825169],"translation":[-9.318491794139037,5.115703215733819,25.58305171771525]},{"linear":[0.24333339399984866,-0.9194794148623853,0.3087822291014174,0.9695470949585376,0.23967097182174657,-0.05036125418891277,-0.027700000396664565,0.3116334881079781,0.9497985465706292],"translation":[-10.044502200208543,5.722368907888499,24.463500271971803]},{"linear":[0.28330570480238065,-0.9391456648278681,0.19427634406033123,0.9539456877228464,0.25513000765434174,-0.15778562694137077,0.09861796236696578,0.23003064889122354,0.9681737437409004],"translation":[-9.591559854545833,5.663849215055583,22.86794740566358]},{"linear":[0.6609615829648121,-0.7368262370140705,0.14218608332862492,0.7209031896450188,0.5708435262880451,-0.3929837905749655,0.20839476242047927,0.36224958929267953,0.9084860252381415],"translation":[-6.242876061413925,4.7916255125384035,22.906432102886768]},{"linear":[0.44137447134050123,-0.8610100721277697,0.2526860339303023,0.8720589592347255,0.34523817284106273,-0.3468771765795667,0.2114278781696975,0.37345985019530187,0.9032308634146435],"translation":[-8.487012334185522,6.711204335329707,22.031872508670453]},{"linear":[0.5524879786948526,-0.8000065058394079,0.23397996498054605,0.8268957138090365,0.49073605920106933,-0.2746299304228302,0.10488332508993073,0.34520676530801947,0.9326477241186267],"translation":[-7.664967963017597,5.459397858062375,20.840847150990026]},{"linear":[0.5933791339055321,-0.7562730252011878,0.27559447526858055,0.8014962238498953,0.5235810814742319,-0.28890596095725024,0.07419573168234898,0.3923187001346193,0.9168320625527904],"translation":[-7.368138798041994,5.339104896920321,20.600192907670607]},{"linear":[0.6225090999956796,-0.7415202860057967,0.25026003649094747,0.7782440377302092,0.5527907990257851,-0.29792373227021496,0.08257504562487124,0.3802236157241098,0.9212010442274449],"translation":[-7.016167032316889,5.141121126923883,21.051967966249048]},{"linear":[0.6259271202494032,-0.7626760132721986,0.16291267266702844,0.7782126423328266,0.597149414887105,-0.19441620203405924,0.0509933667220481,0.24847107493471593,0.9672961291513253],"translation":[-7.205966919013789,4.925051312637669,20.082655059024088]},{"linear":[0.62527439187875,-0.756075587308188,0.19334332452204733,0.7793120554648453,0.591825752143641,-0.2059490211357453,0.04128746865354237,0.2794494325923603,0.9592723073017331],"translation":[-7.2471069505789245,4.887055988657458,20.31279146012915]},{"linear":[0.5003370724677305,-0.8352870902621521,0.22794361310597916,0.8611618337688192,0.452780878157921,-0.23106226960381604,0.08979482153412577,0.3119053593895581,0.9458604214204784],"translation":[-7.643916939302259,5.822371510264307,19.879976060733455]},{"linear":[-0.9875215970989949,-0.03656861423712703,-0.15317908380659043,0.02525732357296018,-0.9968523441159297,0.0751496615861091,-0.15544504774672321,0.0703430201466508,0.9853368442556417],"translation":[-1.9272539983347243,5.343414069779532,20.907912483754764]},{"linear":[-0.9356877039665821,-0.05526420140533505,-0.34847437307322426,0.006432270015371187,-0.9901648022578319,0.13975797033499832,-0.35277067132656514,0.1285283331127401,0.9268405046387783],"translation":[-1.7505502942255806,0.12614370059467317,20.61904515292239]},{"linear":[0.6997965148927079,-0.03210477489353539,0.7136204321437664,-0.004622444693707458,0.9987651148106196,0.0494659321390341,-0.7143272854574952,-0.03791475789669942,0.6987839439945374],"translation":[-4.545064201096472,3.563950412861789,18.989491840808128]},{"linear":[0.9381740025806039,-0.0217540280953111,0.34547981582650744,0.10493683825586342,0.96893441601813,-0.22395168548699973,-0.3298754323358316,0.24635920871206274,0.9113118782414803],"translation":[-8.119768970470206,0.16888369821422328,21.029877372567842]},{"linear":[-0.9992874928314861,-0.03276583833641697,-0.018732498730132555,0.03001898816817045,-0.990829980175383,0.13173765875788604,-0.02287721617509159,0.13108146407391771,0.9911076040250707],"translation":[-2.7051104329638225,3.868190781546581,18.218015711794855]}],"scale":{"linear":[0.25641025641025644,0.25641025641025644,0.25641025641025644]},"k":-0.16684859208320665,"files":["/tmp/jl_YU35nN/7.541 extrinsic.png","/tmp/jl_YU35nN/intrinsic0002.png","/tmp/jl_YU35nN/intrinsic0003.png","/tmp/jl_YU35nN/intrinsic0004.png","/tmp/jl_YU35nN/intrinsic0005.png","/tmp/jl_YU35nN/intrinsic0006.png","/tmp/jl_YU35nN/intrinsic0007.png","/tmp/jl_YU35nN/intrinsic0008.png","/tmp/jl_YU35nN/intrinsic0009.png","/tmp/jl_YU35nN/intrinsic0010.png","/tmp/jl_YU35nN/intrinsic0011.png","/tmp/jl_YU35nN/intrinsic0012.png","/tmp/jl_YU35nN/intrinsic0013.png","/tmp/jl_YU35nN/intrinsic0014.png","/tmp/jl_YU35nN/intrinsic0015.png","/tmp/jl_YU35nN/intrinsic0016.png","/tmp/jl_YU35nN/intrinsic0017.png","/tmp/jl_YU35nN/intrinsic0018.png","/tmp/jl_YU35nN/intrinsic0019.png","/tmp/jl_YU35nN/intrinsic0020.png","/tmp/jl_YU35nN/intrinsic0021.png","/tmp/jl_YU35nN/intrinsic0022.png","/tmp/jl_YU35nN/intrinsic0023.png","/tmp/jl_YU35nN/intrinsic0024.png","/tmp/jl_YU35nN/intrinsic0025.png"]}