{"intrinsic":{"linear":[920.3846975514965,920.3846975514965],"translation":[524.969065735533,977.5922993532766]},"extrinsics":[{"linear":[-0.9711430298753834,-0.20847366966639075,0.11584448446209744,0.20904311816738141,-0.9778788179019143,-0.00734794159021262,0.11481371987405842,0.017080589995183186,0.9932401840310822],"translation":[-2.1629874622417327,4.969879767620795,30.686375882856716]},{"linear":[0.0054816938608048815,-0.9998266397839424,-0.01779442077638306,0.9965559797415768,0.0069344104526474215,-0.08263227694418218,0.08274134561222836,-0.017280171585513045,0.9964212288968219],"translation":[-8.848695727962344,-1.4623018998688873,31.399917196025317]},{"linear":[0.0054076843489039295,-0.9998268534015964,-0.017805060152802026,0.9966266356846016,0.006846780248527917,-0.08178307064558255,0.08189081751927133,-0.017302740167113626,0.9964910983991451],"translation":[-8.850352217635328,-1.4632650606300808,31.40636986516813]},{"linear":[0.005192042762778848,-0.9998127832505619,-0.018639773086447962,0.9967702833657077,0.006668232633243787,-0.08002835043030421,0.08013766212584507,-0.018164061283582434,0.9966182930223034],"translation":[-8.850738777468969,-1.4603094616596854,31.414878595569473]},{"linear":[-0.3384021906920314,-0.9408160245431776,-0.018685965257520726,0.8821906539615396,-0.324100134106763,0.34161199208296156,-0.32745016017364414,0.09911766257710827,0.9396552993345515],"translation":[-6.941518199249397,0.6137665589181045,27.991213986674808]},{"linear":[-0.9755473207616157,-0.21065475256932248,0.06270566302010198,0.21525873825425573,-0.9733578435230673,0.07898217556708247,0.044397078282460076,0.09054879166549455,0.9949019126365671],"translation":[-2.1728485375111695,4.912502906796305,30.12600271073806]},{"linear":[0.518875428590611,-0.8542083910167918,-0.03311063758693952,0.8514902619637633,0.5198789491620495,-0.06848512246499196,0.0757140897441923,0.00734186179841281,0.9971025392002277],"translation":[-5.370577357118575,-4.536738914812607,31.126435021154588]},{"linear":[0.03412088206210462,-0.8169576019715368,0.5756874516508241,0.9980478800794703,0.058001857078507524,0.023156287360443895,-0.05230864628509341,0.5737735277584357,0.8173418772872587],"translation":[-6.814486058127312,4.392700990623844,24.868743162212063]},{"linear":[-0.924577976596334,-0.03735008284988263,-0.37915766707813714,-0.028432409227928515,-0.9856438703490106,0.1664264370492804,-0.37993047166359817,0.1646545843714331,0.9102426624515828],"translation":[-1.5506545451302165,5.994762149956961,25.967546766357064]},{"linear":[-0.9655852340245925,-0.1446700073423099,0.21613825392384556,0.22183200610460935,-0.8919314974054222,0.39401619891030604,0.13577819007954595,0.4284026060981624,0.893328321608033],"translation":[-0.7893566734180116,6.5614266232101714,22.526423254803483]}],"scale":{"linear":[0.25641025641025644,0.25641025641025644,0.25641025641025644]},"k":-0.006328326429195056,"files":["/tmp/jl_rz3HNs/303.858 extrinsic.png","/tmp/jl_rz3HNs/intrinsic0001.png","/tmp/jl_rz3HNs/intrinsic0002.png","/tmp/jl_rz3HNs/intrinsic0003.png","/tmp/jl_rz3HNs/intrinsic0004.png","/tmp/jl_rz3HNs/intrinsic0005.png","/tmp/jl_rz3HNs/intrinsic0007.png","/tmp/jl_rz3HNs/intrinsic0008.png","/tmp/jl_rz3HNs/intrinsic0009.png","/tmp/jl_rz3HNs/intrinsic0010.png"]}