{"intrinsic":{"linear":[1391.8069294518994,1391.8069294518994],"translation":[1109.4532738533464,1010.1755455680125]},"extrinsics":[{"linear":[-0.18016870445245975,-0.9835712860972594,0.01125891206578436,0.9833490315863365,-0.17982805720629563,0.026202135783621038,-0.02374700010814465,0.01579224513462721,0.9995932597709287],"translation":[-32.55905849824532,-9.037390386179307,45.485886539910815]},{"linear":[-0.1801975193038179,-0.9835573214687797,0.01199372427187809,0.9833579472145156,-0.17984721186787545,0.0257318486200582,-0.023151710234975222,0.016430939367886803,0.9995969300396459],"translation":[-32.55855203276892,-9.036286688924307,45.48280609515169]},{"linear":[0.7927564966647977,-0.606751796091426,-0.058218510248759785,0.6082800216439311,0.7936372957138014,0.011630052490964285,0.03914782579678181,-0.044632956342957573,0.9982361178315842],"translation":[-32.05650071038729,-4.005674558436816,41.372062910991524]},{"linear":[0.3894236771105125,-0.12960123041995003,0.9118951259763166,-0.045467015792852394,0.9861390788042957,0.15956963285634043,-0.9199358402522535,-0.10360134327628087,0.37813332502006547],"translation":[-21.056662049428844,-7.011072783754251,28.829530541082597]}],"scale":{"linear":[0.25641025641025644,0.25641025641025644,0.25641025641025644]},"k":0.011568303343773685,"files":["/tmp/jl_zt6bKO/306.374 extrinsic.png","/tmp/jl_zt6bKO/intrinsic0004.png","/tmp/jl_zt6bKO/intrinsic0005.png","/tmp/jl_zt6bKO/intrinsic0007.png"]}