{"intrinsic":{"linear":[1081.2464947637316,1081.2464947637316],"translation":[785.1417744685695,953.217349183071]},"extrinsics":[{"linear":[0.9998598899597307,-0.01605443139570097,0.004738742689356338,0.016188964867948862,0.999422771480612,-0.02986705982377536,-0.004256508688997901,0.02993959048773696,0.9995426469416936],"translation":[-9.136423769849564,-5.6173154919899835,35.8905808309454]},{"linear":[0.6705001784677628,-0.7389824810800796,0.06583618557775077,0.7418834237423182,0.6685737676521496,-0.05116739961914427,-0.006204534718591791,0.08315052533892395,0.9965176836789132],"translation":[-14.702707700740973,2.2978095494327393,36.01425690263871]},{"linear":[0.6710813463373989,-0.7388735893587641,0.060956095233212035,0.741343204474245,0.6696322815699466,-0.044753331264672895,-0.0077511146193200604,0.07522251277060694,0.9971366475035576],"translation":[-14.696671118602682,2.295094593614019,35.98529367704881]},{"linear":[0.9822370423748754,-0.18751397094019426,-0.0069930886521794786,0.18651483565963342,0.979729303580769,-0.07309382863143322,0.020557447932980488,0.07049115127008045,0.9973005509509667],"translation":[-9.219962747671687,-4.665019242657652,31.893315349254223]},{"linear":[-0.5074022528946448,-0.8610234077265292,0.03437506515534329,0.8596299871181537,-0.5085445624159666,-0.049180415659041014,0.05982674155159905,0.004595583112980972,0.9981981975595678],"translation":[-11.769625006983947,-4.312829079808198,35.87769073848682]},{"linear":[-0.9344087546410558,-0.3557407424241359,0.018132937701190267,0.35620258056949905,-0.9331930748101376,0.047648785105498456,-2.9082300323718738e-5,0.05098244115305804,0.9986995493381852],"translation":[-14.673242152990762,3.031732113516613,36.292606607825796]},{"linear":[-0.3293246104725449,-0.9303922268394531,-0.1609832450096284,0.9354454757110007,-0.3446735087583449,0.07837049401420575,-0.12840195835315787,-0.12478171579576318,0.9838406682456968],"translation":[-10.726570602864754,9.158627726688787,35.26477323927062]},{"linear":[-0.5272048171376142,-0.16546531587500352,-0.8334724410736566,0.11044779982178334,-0.9858806543469711,0.12585952049374508,-0.8425297409002378,-0.02570145184174364,0.538036310179717],"translation":[-8.668213002258453,3.8370598523428368,27.658863322676307]},{"linear":[0.07895542252222648,-0.7589215491623366,0.64637769413198,0.7517202949366341,0.4711896161006424,0.4614075680559529,-0.6547386038983162,0.4494646013825427,0.607699705997391],"translation":[-11.736270516040467,0.7536258603421878,25.34578418924637]},{"linear":[0.501160820454332,-0.8183516191224085,0.2813155870570869,0.6261769399740564,0.5673254185638831,0.5348311035233853,-0.5972773827010931,-0.09188306117586348,0.7967541849169572],"translation":[-11.56900009622285,0.5171196697412757,23.54334714509379]},{"linear":[-0.8988476518530973,0.04008405138556826,0.4364242976538923,0.12960329138085208,-0.9269589828979437,0.3520653787126203,0.4186596297965974,0.3730151643691311,0.8279998801505029],"translation":[-8.491756161909631,3.841217297367271,25.299972154399907]},{"linear":[-0.6647228931920073,-0.39532635217649115,-0.633924719932325,0.29923847263454884,-0.9183726049555433,0.2589364689697312,-0.6845435061132275,-0.017573666151350892,0.7287601488118098],"translation":[-8.008342559419177,-4.751595028251242,26.527842177532914]}],"scale":{"linear":[0.25641025641025644,0.25641025641025644,0.25641025641025644]},"k":-0.14362220300013917,"files":["/tmp/jl_d5c0nV/284.323 extrinsic.png","/tmp/jl_d5c0nV/intrinsic0001.png","/tmp/jl_d5c0nV/intrinsic0002.png","/tmp/jl_d5c0nV/intrinsic0003.png","/tmp/jl_d5c0nV/intrinsic0004.png","/tmp/jl_d5c0nV/intrinsic0005.png","/tmp/jl_d5c0nV/intrinsic0006.png","/tmp/jl_d5c0nV/intrinsic0007.png","/tmp/jl_d5c0nV/intrinsic0008.png","/tmp/jl_d5c0nV/intrinsic0009.png","/tmp/jl_d5c0nV/intrinsic0010.png","/tmp/jl_d5c0nV/intrinsic0011.png"]}