{"intrinsic":{"linear":[1993.23191745624,1993.23191745624],"translation":[818.4353780867161,477.628890851119]},"extrinsics":[{"linear":[-0.7489346575533927,-0.6560351483893108,-0.09335289386621444,0.6428370832341137,-0.7534894508820863,0.13789173952223732,-0.16080224853663883,0.043261200714107384,0.9860380851561131],"translation":[-16.56489766402561,14.723239360782545,66.12304159114075]},{"linear":[-0.7985673888060552,-0.5937292587240202,0.09887210360108784,0.5431115295188096,-0.6399665225038353,0.5435740212501763,-0.2594609643842748,0.48777906618608946,0.833517600624851],"translation":[-15.549017077315357,13.672962592938948,62.05972353909779]},{"linear":[-0.7809269643113725,-0.6231583093828388,-0.04274105588946506,0.6240510174802172,-0.7754579192721118,-0.0960486492360629,0.026709623608912644,-0.10167957949012593,0.9944585758699963],"translation":[-16.328757589880308,20.650870463899114,56.40404052368818]},{"linear":[-0.9505575196449293,-0.2493709047239842,-0.18507985769289198,0.1479325538816204,-0.8876177561433166,0.43617734751035037,-0.2730501077614529,0.3872323215541867,0.8806218074719782],"translation":[-17.836532670749996,20.349226579269793,61.229882763093535]},{"linear":[-0.9890221173325551,-0.03955503368462804,-0.1423750355126846,-0.03919145422395881,-0.8587837829574091,0.5108370034024293,-0.14247554647321625,0.5108089794038181,0.8478059360594197],"translation":[-8.720334211885021,14.545588278658004,44.07986423109686]},{"linear":[-0.9815154539688178,0.028358272961141004,0.18927023531196663,0.001949231660271675,-0.98742850355836,0.15805426554330243,0.1913729712271835,0.1555016357314597,0.9691210590883474],"translation":[-5.592815677065691,15.818712511552322,37.35027881029296]},{"linear":[-0.9833722376840016,-0.17020906238519365,0.06330811349513372,0.17670643408063766,-0.9772334774321985,0.1174289859458824,0.04187933030582909,0.12666335566266293,0.9910613079045156],"translation":[-4.790562326395082,13.980033196704243,30.840883363240767]}],"scale":{"linear":[0.25641025641025644,0.25641025641025644,0.25641025641025644]},"k":-0.15674028459940545,"files":["/tmp/jl_KggLoN/171.475 extrinsic.png","/tmp/jl_KggLoN/intrinsic0003.png","/tmp/jl_KggLoN/intrinsic0004.png","/tmp/jl_KggLoN/intrinsic0005.png","/tmp/jl_KggLoN/intrinsic0006.png","/tmp/jl_KggLoN/intrinsic0007.png","/tmp/jl_KggLoN/intrinsic0008.png"]}