{"intrinsic":{"linear":[1066.2837274032686,1066.2837274032686],"translation":[517.69900490272,930.8175721400988]},"extrinsics":[{"linear":[-0.24214149752289,-0.9502538997938094,-0.19592095626560477,0.9557510854838073,-0.2683797519148165,0.1204664740027927,-0.16705495435303994,-0.15808173420353877,0.9731920712466298],"translation":[-4.75847217553906,-1.5649136807331434,31.7966191303174]},{"linear":[0.22244814727132894,-0.9742050057543061,0.03796614990758693,0.9027094816876711,0.1911002169464398,-0.3854819045742613,0.36828306157998825,0.12002213898392183,0.9219339850048891],"translation":[0.19257066440701467,-2.5815886261026324,30.485378772404005]},{"linear":[0.21661147118527913,-0.9759420527151619,0.024831034877049185,0.9058726553786887,0.19144672891510162,-0.37781329016442944,0.3639700575433545,0.10433244811574116,0.9255487763927213],"translation":[0.20564178164540534,-2.6002652426843116,30.67204337703524]},{"linear":[0.4303646212696947,-0.9000110848388141,-0.06903868427666274,0.8311301113473331,0.42494084485950795,-0.35867536349999984,0.3521491598331048,0.09698105762131148,0.9309058189159038],"translation":[-1.556859819980189,-4.688222211829605,35.24827130249641]},{"linear":[-0.7471245378841966,-0.6645080866271423,0.015294695108419465,0.660033538722662,-0.7389835439895805,0.13512605031539857,-0.07848982515310857,0.11105099963410317,0.9907103627335794],"translation":[2.5662159376647087,5.804837732838436,31.69231603370976]},{"linear":[0.5623048778398791,-0.8221165498159293,0.08909322575949004,0.8266757496944153,0.5561884038914295,-0.08521539910063698,0.02050437086709357,0.12156824377878044,0.9923712676613969],"translation":[0.09520085443010086,-4.262480003848055,33.58241478487342]},{"linear":[-0.2699830355604581,-0.9612678564768014,0.05543706895260628,0.9436976447579302,-0.275600442442124,-0.18297308928922024,0.19116463006501994,0.0029162013306790885,0.9815536561909913],"translation":[-5.883694501516406,-5.535702416602523,37.34904654415099]},{"linear":[-0.9736555241183994,-0.14094618533846,0.17924590146572583,0.12843676829403236,-0.9885151694576634,-0.079635144893893,0.18841156255365343,-0.054515434425699706,0.9805759279655336],"translation":[3.5726156599818286,2.7543667029804704,30.674672525784217]},{"linear":[-0.9693739863123683,-0.23196304520288755,0.08066734358506847,0.16322551733262589,-0.8539467980003324,-0.49409745665857885,0.18349797043118757,-0.46579825229940774,0.8656560997315574],"translation":[3.146614727277286,1.568295445056546,30.66951557408613]},{"linear":[-0.9646942292920685,-0.17968239176662412,0.19255981423860868,0.20039316359868756,-0.9752000523323087,0.09395444595106808,0.17090238135699487,0.12922498218257933,0.9767769858193939],"translation":[1.7543054509986513,3.0429826958807995,14.279321227585182]}],"scale":{"linear":[0.25641025641025644,0.25641025641025644,0.25641025641025644]},"k":-0.07459686172638286,"files":["/tmp/jl_F14CeD/311.5 extrinsic.png","/tmp/jl_F14CeD/intrinsic0001.png","/tmp/jl_F14CeD/intrinsic0002.png","/tmp/jl_F14CeD/intrinsic0003.png","/tmp/jl_F14CeD/intrinsic0004.png","/tmp/jl_F14CeD/intrinsic0005.png","/tmp/jl_F14CeD/intrinsic0006.png","/tmp/jl_F14CeD/intrinsic0007.png","/tmp/jl_F14CeD/intrinsic0008.png","/tmp/jl_F14CeD/intrinsic0009.png"]}