{"intrinsic":{"linear":[3296.2644903766845,3296.2644903766845],"translation":[940.0905482635035,496.2788456400429]},"extrinsics":[{"linear":[-0.9595258937921023,-0.14202656541653544,-0.24318411514416424,0.07457995159858968,-0.9608373354457918,0.2668884516665782,-0.2715656273574025,0.2379497205911661,0.9325406374569243],"translation":[-9.956802542717266,20.56310694992385,119.71444823589539]},{"linear":[-0.9592684327686132,-0.1420071449663205,-0.2442090184087452,0.07369756839048842,-0.9603324003732777,0.26894302223078376,-0.27271366358687954,0.23999094060362572,0.931682137921088],"translation":[-9.948544665006265,20.55094927845501,119.63860298035458]},{"linear":[-0.9683873167383817,-0.13238711071815917,-0.21142293559577457,0.06214115047503345,-0.9488595926791095,0.3095221329702835,-0.24158742143968598,0.2865992433635032,0.9270902822840886],"translation":[-9.809629762375964,20.576996392650262,119.0437694309423]},{"linear":[-0.9959262696342245,-0.07386205867647348,0.05172293244327086,0.0773970423877222,-0.9945363485788319,0.07005104699515434,0.0462662218264157,0.07376887991258495,0.9962015805419862],"translation":[-9.946422400728801,20.56485020929882,119.92987894655299]}],"scale":{"linear":[0.24390243902439027,0.24390243902439027,0.24390243902439027]},"k":-0.18375724367294582,"files":["/tmp/jl_V1sgGB/240.79 extrinsic.png","/tmp/jl_V1sgGB/intrinsic0006.png","/tmp/jl_V1sgGB/intrinsic0007.png","/tmp/jl_V1sgGB/intrinsic0008.png"]}