{"intrinsic":{"linear":[910.6094004050727,910.6094004050727],"translation":[535.6014331810622,953.5085879507977]},"extrinsics":[{"linear":[0.3895546415451803,-0.9209631454199875,-0.008606162253241921,0.9177201019920495,0.3889372952522588,-0.08073162181920901,0.07769810583475362,0.023551329898337723,0.9966987203812951],"translation":[-7.047480259946377,-0.9605047274916323,31.377382968624968]},{"linear":[0.38378702722306274,-0.923419813945018,0.0018343797405089915,0.9200581990305998,0.3822189862473206,-0.08603230177462363,0.07874279733317463,0.03470581746363115,0.9962906594474967],"translation":[-7.2537523165601385,-0.8889457245050254,31.18373998268446]},{"linear":[-0.9781749639684837,-0.20428955397877482,-0.037940980488245166,0.19538685720366541,-0.9664800073187649,0.16655440998423007,-0.07069452522883667,0.15550618504829247,0.9853020402467438],"translation":[-5.411846247401075,4.928187316390318,28.442573880767455]},{"linear":[0.9708191654933437,-0.12698734277233792,-0.20343146926281697,0.078301060714598,0.9696517259506235,-0.23161276789491925,0.22666956523048376,0.2089252142193413,0.9512997230429671],"translation":[-3.3202229192391113,1.321318205784088,24.865713334315327]},{"linear":[0.8787543865461229,-0.06210694211486572,0.47321607735482524,0.1378146942135876,0.9822820128237335,-0.12700061945427576,-0.45694402084365054,0.1768184804371284,0.8717438768303121],"translation":[-1.8105029712193315,-0.8181581616390254,11.280466374017726]},{"linear":[0.9768494471211184,-0.15758444663433513,0.14467999114637678,0.08238789349271,0.9012579523620794,0.4253778770810087,-0.19742692993864627,-0.4036102643430445,0.8933763830838257],"translation":[-2.3340216684163404,0.5255688334949159,10.050053158617807]},{"linear":[0.19978926393517787,-0.9488006552156542,0.24466623526466713,0.9711812275409609,0.15863076101916013,-0.17788565127776496,0.12996643139007974,0.2731548980355793,0.953150108005502],"translation":[-9.765150638356529,2.3206786744466514,22.43541754523603]},{"linear":[0.18356975423836808,-0.8034457008793259,0.5663719193845983,0.9723449506137454,0.06378244248572257,-0.22467108636072505,0.1443864340747358,0.591951692090735,0.792934897634161],"translation":[-12.446663280105097,7.856728619739414,27.08381081793235]}],"scale":{"linear":[0.25641025641025644,0.25641025641025644,0.25641025641025644]},"k":-0.09028323365621496,"files":["/tmp/jl_V8ovjf/200.463 extrinsic.png","/tmp/jl_V8ovjf/intrinsic0003.png","/tmp/jl_V8ovjf/intrinsic0004.png","/tmp/jl_V8ovjf/intrinsic0005.png","/tmp/jl_V8ovjf/intrinsic0007.png","/tmp/jl_V8ovjf/intrinsic0008.png","/tmp/jl_V8ovjf/intrinsic0009.png","/tmp/jl_V8ovjf/intrinsic0010.png"]}