{"intrinsic":{"linear":[1026.2839957894776,1026.2839957894776],"translation":[641.6630372748605,860.3432869584889]},"extrinsics":[{"linear":[-0.9380924427072707,-0.3463081863983641,0.007294447818841297,0.34634981586014474,-0.938089291395777,0.005503310114139937,0.004937002040684728,0.00768904428680628,0.9999582514329313],"translation":[-3.2535733758634597,5.9038880681065145,34.18022748926002]},{"linear":[-0.9294732032023878,-0.3687009989499225,-0.011795673021138797,0.36649510850919453,-0.9266050592922225,0.0841688750839074,-0.04196307862307189,0.07390965747035984,0.9963816851814808],"translation":[-3.3804602977184723,5.73373943926172,33.613703997219154]},{"linear":[-0.8122004610434002,-0.5771407782825625,0.08508192007874565,0.5641930130214315,-0.8141858330041325,-0.1370681341273946,0.14838010358092776,-0.06332417688975235,0.9869009035777343],"translation":[-5.988130077260621,0.8127031666150786,27.555804183348968]},{"linear":[-0.1139614635956056,-0.8333216335585711,0.540913893201517,0.9873848016550117,-0.034758679334322695,0.15447681920478204,-0.10992742276538939,0.5516945615593907,0.8267702658356499],"translation":[-5.6292240875648405,7.924717990798882,28.627414684549212]},{"linear":[0.8287367989561467,-0.18213623886218128,0.5291707744661054,0.2558868588947798,0.9642512431660588,-0.06885822752346354,-0.4977119985502483,0.19247319435663884,0.8457167587042775],"translation":[-5.222503281287777,4.10761754271894,20.065039465548995]},{"linear":[-0.9943202529551333,-0.1016161189766137,0.031644887855235296,0.10555490332172156,-0.9795892069110238,0.171064748233449,0.013616054787703611,0.1734334168133753,0.9847514676223926],"translation":[-2.008817243747951,6.257830724432922,13.29540532382374]},{"linear":[0.9443691827923385,-0.06276288130254591,0.3228431001628092,0.03471017930834519,0.9951600639266213,0.0919328592938661,-0.32705053133195433,-0.0756126173079982,0.9419770071818742],"translation":[-4.856477434413224,1.4325772714520484,12.904985090319764]},{"linear":[0.8261198570896343,-0.562724058614396,0.029455314948990258,0.5518548229657898,0.797379704919991,-0.24421683101519695,0.11393961598846647,0.21800743115373447,0.9692731936199158],"translation":[-4.4658347245558145,8.911236132801264,29.055938465788408]}],"scale":{"linear":[0.25641025641025644,0.25641025641025644,0.25641025641025644]},"k":-0.135436472989519,"files":["/tmp/jl_JszO5W/252.393 extrinsic.png","/tmp/jl_JszO5W/intrinsic0003.png","/tmp/jl_JszO5W/intrinsic0004.png","/tmp/jl_JszO5W/intrinsic0005.png","/tmp/jl_JszO5W/intrinsic0006.png","/tmp/jl_JszO5W/intrinsic0007.png","/tmp/jl_JszO5W/intrinsic0008.png","/tmp/jl_JszO5W/intrinsic0009.png"]}