{"intrinsic":{"linear":[1181.2524697085014,1181.2524697085014],"translation":[791.6521215759767,864.422160386539]},"extrinsics":[{"linear":[0.2072627001654424,-0.9716514924420638,0.11373456095329922,0.9133128218657729,0.23384734179210082,0.33342931807558174,-0.35057361928089936,0.034767772029255156,0.935889597918693],"translation":[-8.912146999803566,-2.4786011312826264,36.43574090589435]},{"linear":[-0.04718720579287433,-0.9955810507561901,0.08118952509198389,0.9988363060043531,-0.0478400028788199,-0.006112931549859049,0.009970025929739862,0.08080659317008396,0.9966799351262197],"translation":[-8.536737233409587,-2.003188993218209,27.51926678124491]},{"linear":[-0.05011250807786599,-0.9959457240435077,0.07470509549956517,0.9987240377718898,-0.049503241416554766,0.009986263859282044,-0.006247632412260416,0.07511021134777633,0.997155666503748],"translation":[-8.551409577947311,-2.0102064534791295,27.57887764706378]},{"linear":[0.11636254513944422,-0.9907964998473268,0.06915239676943238,0.9932035222567525,0.11625879339710365,-0.005536816290101228,-0.0025537160084020197,0.06932668207938242,0.9975907425825546],"translation":[-9.528427620578583,-1.536154251810943,38.801771566562635]},{"linear":[0.4322493624355995,-0.8758969278257203,0.21439463729180075,0.8244521314079072,0.48017501462421686,0.29951734231525295,-0.3652932680613987,0.047291935423476955,0.9296904329683752],"translation":[-11.159204344515485,7.405059154861044,33.096042825886784]},{"linear":[0.64173055814949,-0.32699941173934793,0.6937242070587305,0.40088720803314487,0.9141563895162156,0.0600628166344791,-0.6538129221516916,0.239561015669907,0.7177319712808315],"translation":[-11.10421170052696,1.74836143347823,26.975932865434576]},{"linear":[0.8932914466132099,-0.35237543831242907,0.2790375277302357,0.34051442773324353,0.9357658678684811,0.09160876070469263,-0.2933944715109339,0.01318298169882201,0.9559005665237091],"translation":[-9.325948247042813,0.2581915206926796,33.539245605625176]}],"scale":{"linear":[0.25641025641025644,0.25641025641025644,0.25641025641025644]},"k":-0.1730813995679086,"files":["/tmp/jl_4v0nvh/526.148 extrinsic.png","/tmp/jl_4v0nvh/intrinsic0001.png","/tmp/jl_4v0nvh/intrinsic0002.png","/tmp/jl_4v0nvh/intrinsic0003.png","/tmp/jl_4v0nvh/intrinsic0005.png","/tmp/jl_4v0nvh/intrinsic0007.png","/tmp/jl_4v0nvh/intrinsic0009.png"]}