{"intrinsic":{"linear":[891.1466641234051,891.1466641234051],"translation":[538.796176569687,960.5996220068914]},"extrinsics":[{"linear":[-0.9471346426132786,-0.30071003822223386,0.11184561535527386,0.3142045101696723,-0.9398836331786712,0.13376951024765524,0.06489602877567706,0.16184013406829564,0.9846807992714709],"translation":[-3.580932524316902,2.2388180280070706,27.872382512874502]},{"linear":[0.8901058374651059,-0.4532189424233979,0.04800196182615351,0.44110552864891717,0.8831936473822395,0.159357754185405,-0.11461898056562059,-0.1206713364982478,0.9860532023384057],"translation":[-9.362917253697404,-1.330458757449368,22.723227720945932]},{"linear":[0.8888525088787027,-0.4532831598027918,0.06689988414961802,0.4375232750311749,0.8830181503740477,0.16985973600588894,-0.13606836982205117,-0.12170999609396144,0.983194830938801],"translation":[-9.333196504419089,-1.336071977420012,22.641521034051745]},{"linear":[-0.029335010770218828,-0.9993301957011056,0.02187731937649884,0.951159074000056,-0.021178805703594206,0.30797382053727523,-0.30730420285194204,0.02984322618216051,0.9511432640567734],"translation":[-5.136657529781493,-1.1193215011493471,24.2487384559804]},{"linear":[-0.974626893433043,-0.19626563262949925,0.10762072312337659,0.18180374091463242,-0.9745844550284597,-0.13089132823195632,0.13057495313612505,-0.10800435854826859,0.9855380460175427],"translation":[-3.2191045864865186,1.1611864221583001,30.726491165534014]},{"linear":[-0.069055788095983,-0.9956480746557127,-0.06257962579638174,0.9918670086991305,-0.06179998848507784,-0.11126813774609275,0.10691648696380701,-0.06975437518619691,0.99181812443497],"translation":[-4.743860801894865,-9.166874921042888,30.158758612491656]},{"linear":[-0.8524599367649331,-0.19819935769274702,0.4837655122276793,0.32963817677571394,-0.9219976337631435,0.20312320336964892,0.40577176912977764,0.33262197453768305,0.8513001194831018],"translation":[0.08940155134997306,5.300520876044564,14.019845258572564]},{"linear":[-0.9837496320524731,-0.1764744936242637,-0.03306681927074221,0.1648892770317401,-0.9608719456298978,0.2225682601391435,-0.071050599973359,0.21349908009514956,0.9743561746312029],"translation":[-1.2900899009381726,5.317646812509517,15.741166243255488]},{"linear":[-0.6683311036387783,-0.43110528895436734,0.6062027431021273,0.3873819473273045,-0.897419911665192,-0.21112254505794528,0.6350344579578953,0.09373223555645152,0.766776046328856],"translation":[-1.1742748085146444,7.385601034158475,13.89826889583674]},{"linear":[-0.9693124087839723,-0.17655010544816355,-0.17106581903950124,0.12161184446719744,-0.9491264741442036,0.29046427553810833,-0.2136445961467297,0.26074699680884966,0.9414706528577862],"translation":[0.2550935644300171,6.178285834770642,15.616596852326653]},{"linear":[-0.9776144581550594,-0.18992166965761137,0.0905523638601139,0.19082909804794296,-0.9816222903908467,0.0013908076921634576,0.088624074293602,0.01863969962990695,0.9958907244538975],"translation":[-0.4563758501835051,6.675897343926601,9.3523775361786]}],"scale":{"linear":[0.25641025641025644,0.25641025641025644,0.25641025641025644]},"k":-0.07780306872620564,"files":["/tmp/jl_KLxQ0T/212.79 extrinsic.png","/tmp/jl_KLxQ0T/intrinsic0001.png","/tmp/jl_KLxQ0T/intrinsic0002.png","/tmp/jl_KLxQ0T/intrinsic0004.png","/tmp/jl_KLxQ0T/intrinsic0005.png","/tmp/jl_KLxQ0T/intrinsic0007.png","/tmp/jl_KLxQ0T/intrinsic0009.png","/tmp/jl_KLxQ0T/intrinsic0010.png","/tmp/jl_KLxQ0T/intrinsic0011.png","/tmp/jl_KLxQ0T/intrinsic0012.png","/tmp/jl_KLxQ0T/intrinsic0013.png"]}