{"intrinsic":{"linear":[807.8588781532343,807.8588781532343],"translation":[634.388486838954,280.54945452462033]},"extrinsics":[{"linear":[-0.5399370860145318,-0.8415204358555592,-0.017643672622371195,0.8417051233454576,-0.539801984437285,-0.012095574875833216,0.0006545839471169494,-0.021381619093007793,0.9997711727614562],"translation":[-7.905765897252013,21.935196306951138,28.105674370417255]},{"linear":[0.3523968189671339,0.4897714525068908,0.7974587176093421,0.9225087968470267,-0.03842204068159776,-0.38405893627113236,-0.15746111177588284,0.8710038295548148,-0.4653582782965731],"translation":[-9.303375984314238,20.539104259885228,14.58486681297693]},{"linear":[0.35412129022504385,0.4874308891487338,0.7981285862021388,0.9216373391429911,-0.037077541754922325,-0.38627693562370374,-0.1586906642080032,0.8723739933085388,-0.46236445461576736],"translation":[-9.35852735384116,20.730974536866025,14.722596752074178]},{"linear":[0.7086449741951889,-0.704687439586716,-0.03518398835576559,0.7054319118573416,0.708598971705913,0.015915873542438716,0.013715621794001216,-0.036098611968349535,0.9992541077887859],"translation":[0.09704684565013436,19.622394513778055,27.40416172173611]},{"linear":[-0.540157750902083,-0.8413865461927402,-0.01727090114195786,0.8415632238889231,-0.5400199325393183,-0.012239798115665721,0.0009717705930630729,-0.021145977066146487,0.9997759265534616],"translation":[-7.905717922980031,21.937600208735578,28.10813092710117]},{"linear":[0.9952730325500583,-0.09707329322063861,-0.0028924767779057513,0.09707454252614538,0.9952770702380691,0.0002943665493153789,0.0028502406828896467,-0.0005737609482011132,0.9999957734542801],"translation":[-10.028949695580483,26.12971054986374,28.47245154535802]},{"linear":[-0.9994580437926193,-0.019328905403815096,0.026646052505420733,0.01826298286824413,-0.9990454439494624,-0.03968204103339942,0.02738762777214362,-0.03917389870452699,0.99885700853791],"translation":[-0.0656442856206088,20.190781929698854,20.657002659480998]},{"linear":[-0.9975318858964407,-0.00199627413382962,-0.07018654792389785,0.006075519064298396,-0.998300725199242,-0.057954724870088216,-0.06995158817346718,-0.058238105706237366,0.9958489335013416],"translation":[-1.4427302702131224,18.85468144513857,18.850286592118763]}],"scale":{"linear":[0.25641025641025644,0.25641025641025644,0.25641025641025644]},"k":0.02784464944351533,"files":["/tmp/jl_TYAQyH/177.607 extrinsic.png","/tmp/jl_TYAQyH/intrinsic0001.png","/tmp/jl_TYAQyH/intrinsic0002.png","/tmp/jl_TYAQyH/intrinsic0003.png","/tmp/jl_TYAQyH/intrinsic0004.png","/tmp/jl_TYAQyH/intrinsic0005.png","/tmp/jl_TYAQyH/intrinsic0006.png","/tmp/jl_TYAQyH/intrinsic0007.png"]}