{"intrinsic":{"linear":[1423.4547625161058,1423.4547625161058],"translation":[849.5372646847552,763.7387730279377]},"extrinsics":[{"linear":[0.17831897681659364,-0.9830662411262976,0.04222686425600493,0.9827685863743767,0.18005912429742904,0.04176861732152917,-0.0486646498270811,0.03405109858807773,0.9982345789152731],"translation":[-15.090880552070082,6.537197100220939,47.569088577291126]},{"linear":[0.280976639393543,-0.9104899544396096,0.3034141904718182,0.9561593142899715,0.23838986328799405,-0.17008715053778484,0.08253177455769661,0.33790282026951096,0.9375554331570312],"translation":[-15.414134145398272,10.39143669593626,29.240291203807118]},{"linear":[0.28409866790227634,-0.9111962736868418,0.2983442604029224,0.956164989032696,0.24622229780638838,-0.1585026618421499,0.07096802550625746,0.3302967315644478,0.9412054018510447],"translation":[-15.427000195050205,10.382775180240621,29.251432029429726]},{"linear":[0.17822259890922543,-0.9830725119553899,0.04248695653681869,0.9828030430101932,0.17996191250124816,0.041374976722628624,-0.0483206362535336,0.03438235429131164,0.9982399360000784],"translation":[-15.09171235544821,6.537815505804499,47.572895704661676]},{"linear":[-0.16216712322094723,-0.986733641390857,0.007651476575270787,0.9862998371697971,-0.16232371198636625,-0.029387815941287164,0.030239962716145243,0.0027809125313528592,0.9995387992371376],"translation":[-12.505222014677901,-0.2812612895489124,45.77555842934337]},{"linear":[0.5656889534978572,-0.8132772305237248,-0.1362943659956626,0.7566908629343465,0.4462603491946441,0.47777676658492785,-0.3277421941742832,-0.3734057405133654,0.8678439992933592],"translation":[-13.188579306258248,0.5888493534774567,36.843098385132336]},{"linear":[0.9173565522150792,-0.06412924730853717,0.3928668931682883,0.1480206177573728,0.9711224351766424,-0.18711256669532866,-0.3695224659297301,0.22980133928293056,0.9003579797152815],"translation":[-8.54097492117423,1.0898708392211645,26.126053535685163]},{"linear":[-0.9950923884424001,-0.07168885603625746,-0.06820444548716391,0.017029400036334776,-0.8030702581913989,0.5956409656351733,-0.09747378108189526,0.5915563103615851,0.800349919518323],"translation":[-5.603538733222415,7.5286772664990576,27.942684983940083]},{"linear":[-0.8893269048991647,-0.2114368722799281,-0.40545296307087686,0.17089399374850076,-0.976109689930551,0.13418314396514663,-0.42413783033721464,0.05004320397581734,0.9042139009176287],"translation":[-7.225761207866181,8.81513512732331,29.833143375872584]},{"linear":[-0.9307203022987715,-0.2969703266587631,-0.21346743070799037,0.294166342527742,-0.954668592793315,0.045541638726364145,-0.2173151670103454,-0.020408405577580654,0.9758881161122142],"translation":[-3.696212165560097,8.008763637219676,14.438308313148044]}],"scale":{"linear":[0.25641025641025644,0.25641025641025644,0.25641025641025644]},"k":-0.19837263611250353,"files":["/tmp/jl_9QIT1Y/247.347 extrinsic.png","/tmp/jl_9QIT1Y/intrinsic0001.png","/tmp/jl_9QIT1Y/intrinsic0002.png","/tmp/jl_9QIT1Y/intrinsic0004.png","/tmp/jl_9QIT1Y/intrinsic0005.png","/tmp/jl_9QIT1Y/intrinsic0006.png","/tmp/jl_9QIT1Y/intrinsic0008.png","/tmp/jl_9QIT1Y/intrinsic0009.png","/tmp/jl_9QIT1Y/intrinsic0010.png","/tmp/jl_9QIT1Y/intrinsic0011.png"]}