{"intrinsic":{"linear":[1203.0564076577684,1203.0564076577684],"translation":[846.6120213436657,801.8506466190088]},"extrinsics":[{"linear":[0.5295490312929727,-0.8450045284089933,0.07446590108881311,0.8473392892595142,0.531051718399649,0.0004486222920934077,-0.03992433260375666,0.06286031620246971,0.9972234595681502],"translation":[-14.320546126420147,-0.13964669157693682,40.42774022040679]},{"linear":[0.8823012537364,-0.3808276396936439,-0.27661309893160263,0.4605260244977471,0.5770146664804036,0.6745145331472177,-0.09726396257338547,-0.7225125490341858,0.6844818025869251],"translation":[-13.011170026283843,-4.427262216743806,24.107804485955366]},{"linear":[0.8831186113104901,-0.38223577196444436,-0.27202450806458045,0.4579199353762581,0.5761868542474455,0.6769919067296424,-0.10203357850254649,-0.7224295976932136,0.6838747145748163],"translation":[-13.036467009116462,-4.432068599185788,24.158192895457933]},{"linear":[0.029968831521901274,-0.9964150697266014,-0.07911307072123949,0.9994837394399698,0.02895576243413428,0.01392186829964296,-0.011581180091274228,-0.07948944988858533,0.9967684302906585],"translation":[-20.08029998484833,2.636773242282589,39.20083804925165]},{"linear":[0.6801694173273243,-0.729419068513716,-0.07292041018254863,0.7330519447360985,0.6765080941244785,0.07050989223286026,-0.0021000121981242167,-0.10141312081110827,0.9948421828994383],"translation":[-20.87381084387465,6.369789917562457,38.673633237842566]},{"linear":[-0.9184768415201832,-0.3893134636617508,0.0695364552073101,0.38051681102105994,-0.9178697462022926,-0.11279222285645957,0.10773693944729722,-0.07713725441204722,0.9911824230989469],"translation":[-10.298068865563813,3.960606999002717,29.58535881940136]},{"linear":[-0.9536007427711123,-0.29173704512570264,-0.0743983863246119,0.28762381247770863,-0.80971216102318,-0.5115063624110254,0.08898407656525045,-0.5091715946441779,0.856052639342543],"translation":[-7.83890814513452,4.929125839730627,33.70730986286114]}],"scale":{"linear":[0.25641025641025644,0.25641025641025644,0.25641025641025644]},"k":-0.030785470728987525,"files":["/tmp/jl_fYWRpp/445.846 extrinsic.png","/tmp/jl_fYWRpp/intrinsic0001.png","/tmp/jl_fYWRpp/intrinsic0002.png","/tmp/jl_fYWRpp/intrinsic0003.png","/tmp/jl_fYWRpp/intrinsic0004.png","/tmp/jl_fYWRpp/intrinsic0005.png","/tmp/jl_fYWRpp/intrinsic0006.png"]}