{"intrinsic":{"linear":[986.0177845855292,986.0177845855292],"translation":[820.5807573219747,891.3838820005933]},"extrinsics":[{"linear":[-0.7198756453641068,-0.6730704890288622,-0.16957350031788332,0.6673309010164493,-0.7383342833345659,0.09763172948077377,-0.19091496473609615,-0.04287893248766032,0.9806696046011286],"translation":[-21.01183926134629,11.534417575317415,32.48239014826084]},{"linear":[0.9025198696213452,-0.38152654792438445,0.19973827416790318,0.38553130696316396,0.9224774095188897,0.02002599007772928,-0.19189449259930513,0.05893150393652791,0.9796446200300568],"translation":[-14.964853083045226,10.452806461690484,33.763098198993895]},{"linear":[-0.8968400799770937,-0.40943662878838377,-0.16745004614237374,0.3973037263876022,-0.9119963491908697,0.1020412076616618,-0.19449323881617375,0.024986117524102965,0.9805855770843594],"translation":[-16.310979958196487,9.582568262236263,29.24848102927884]},{"linear":[0.44144062537710255,-0.26554835007241334,0.8570964053363493,0.27799809149025784,0.9486800259778354,0.15074239429725056,-0.8531396341715972,0.1717273480972455,0.49260783846893924],"translation":[-14.571972172880239,2.270492673856688,23.552447882757193]},{"linear":[0.9806674994445055,0.052132694005921174,0.1886092196817157,-0.18172851114083677,0.6000767091778367,0.7790267590659723,-0.07256723621439284,-0.7982418964937776,0.5979497227277739],"translation":[-14.762951328973262,3.01029983624835,23.60603496672045]}],"scale":{"linear":[0.25641025641025644,0.25641025641025644,0.25641025641025644]},"k":-0.10261385670113997,"files":["/tmp/jl_QvX0Oo/555.445 extrinsic.png","/tmp/jl_QvX0Oo/intrinsic0003.png","/tmp/jl_QvX0Oo/intrinsic0004.png","/tmp/jl_QvX0Oo/intrinsic0005.png","/tmp/jl_QvX0Oo/intrinsic0006.png"]}