{"intrinsic":{"linear":[2266.160172042878,2266.160172042878],"translation":[932.7365968928123,653.7255179967166]},"extrinsics":[{"linear":[-0.9930106716864756,0.01818221581102885,0.11661566337750785,0.02852792452594271,-0.9217879424294867,0.3866434361447972,0.11452494679770504,0.3872678610726881,0.9148265629840273],"translation":[-10.712484734043112,14.900133558779261,65.1073675847752]},{"linear":[-0.05262268940510906,-0.9482979817909709,0.3129884826809841,0.9981476358891674,-0.040365441207366515,0.04551843719857557,-0.030531123933446147,0.3148040166314685,0.9486655267184818],"translation":[-15.208443477537612,7.837831413791698,66.68354383263838]},{"linear":[-0.04928909358047201,-0.9497051750655348,0.3092420826921157,0.998708249631284,-0.04303637016126588,0.0270130146736606,-0.012345743089517996,0.31017406612591647,0.9505996167317148],"translation":[-15.259584576833205,7.866785114126371,66.93669015056375]},{"linear":[-0.11322377659875765,-0.9246303970251006,0.3636468139691581,0.9935096199544886,-0.1013427327760908,0.05165545054843049,-0.010909237856152526,0.36713523313716256,0.9301036012825235],"translation":[-15.709891233244345,8.372579147741348,70.71024339357368]},{"linear":[0.9953121834494734,-0.06549563208406867,-0.07116164454922369,0.029315055380568406,0.9054833324860412,-0.4233681165581644,0.09216444544983685,0.41929733694346494,0.903158600815517],"translation":[-14.04856009608955,10.540777274644425,69.41682307455807]},{"linear":[-0.981462410627682,-0.013688115362268695,0.19116530025799203,0.07646175352429285,-0.9425939975827902,0.3250694632980543,0.17574167625492057,0.33366029314067924,0.9261671944138307],"translation":[-5.89755920823815,11.94198615941365,49.52140910226482]},{"linear":[-0.9865804814851379,-0.062428347720168434,-0.1508696621374997,0.09623045277252039,-0.9688000494835981,-0.22839913327281613,-0.13190395563344298,-0.23985238277221188,0.9618067274493057],"translation":[-9.825465694115692,11.698719747524164,57.8507540460833]},{"linear":[-0.9561214330401269,-0.2447940513507292,0.16095862109433967,0.28337963813308886,-0.9121669328596236,0.296053149432711,0.07434908185616193,0.32867515729176133,0.9415120047064627],"translation":[-2.798753653830807,5.853199114721014,25.984333584679902]}],"scale":{"linear":[0.25641025641025644,0.25641025641025644,0.25641025641025644]},"k":-0.7388653426851833,"files":["/tmp/jl_vhFlyz/189.043 extrinsic.png","/tmp/jl_vhFlyz/intrinsic0001.png","/tmp/jl_vhFlyz/intrinsic0002.png","/tmp/jl_vhFlyz/intrinsic0003.png","/tmp/jl_vhFlyz/intrinsic0004.png","/tmp/jl_vhFlyz/intrinsic0005.png","/tmp/jl_vhFlyz/intrinsic0006.png","/tmp/jl_vhFlyz/intrinsic0007.png"]}