{"intrinsic":{"linear":[1108.5144907546492,1108.5144907546492],"translation":[772.1789052971919,823.0771775742212]},"extrinsics":[{"linear":[0.9296702984940108,-0.3498747901318051,0.11532895268874167,0.3597533451099755,0.9296336046801488,-0.07974265942126191,-0.07931372378245526,0.11562435850467573,0.9901213768726249],"translation":[-12.973587844267676,7.544977881850411,35.525933221085744]},{"linear":[0.9297446587243743,-0.3497867498925568,0.11499608329459948,0.3596336646966252,0.9296721626666684,-0.07983293292592256,-0.0789841553121377,0.11558070583917293,0.9901528183302548],"translation":[-12.969633802422562,7.542190803080927,35.5071008738853]},{"linear":[0.9296933036902936,-0.34984725306131753,0.11522699596395712,0.35974224892432477,0.9296074204330672,-0.08009717981706761,-0.07909409214534611,0.11591783038527313,0.9901046314337058],"translation":[-12.96955742304054,7.542290520948719,35.50654196564906]},{"linear":[0.9297413535367418,-0.34958721758279515,0.11562782029592447,0.35943407444334613,0.9298276384344857,-0.07891583448461134,-0.07992597608238686,0.11493189333717121,0.9901527651030475],"translation":[-12.97111925161618,7.543067460129519,35.518827470568866]},{"linear":[0.9745629260792902,-0.18825031862183716,0.12160970623494041,0.18095046765026712,0.9810959132331537,0.06861295281762489,-0.13222719602608737,-0.044862306850860734,0.9902036871548691],"translation":[-13.057352302294749,8.847935166745826,31.21163030540741]},{"linear":[-0.8823927820632841,-0.4640399273507959,0.07778125729817727,0.47025205810496384,-0.8642583348686839,0.17866318159613942,-0.01568374989161925,0.19422789818735486,0.9808310474057492],"translation":[-12.319520533751342,18.954252560561738,33.442011717959474]},{"linear":[0.9873959280629613,-0.08074580138464668,0.13612272699088232,0.09188310964531396,0.9927402146403693,-0.07761675333135602,-0.12886727826174613,0.08914584563817061,0.9876468208822752],"translation":[-13.186055169663659,2.457394045066915,35.784173654513594]},{"linear":[0.9023762643290155,-0.3954169335884872,0.171354971352128,0.3791812181119647,0.9174663332524403,0.12032095070871485,-0.20478935862670536,-0.043600183254205026,0.9778345169881572],"translation":[-14.69135085336882,4.4881440934726005,34.106728767563766]},{"linear":[0.5056295064676876,-0.2537230976334327,0.8245989279137697,0.39300666526966854,0.9185914623989976,0.04165916779396628,-0.7680394281824713,0.30300877039281665,0.5641818162810425],"translation":[-11.85433250629936,4.8236860019704,27.31602218802436]},{"linear":[0.8843878129720356,-0.1340234398482621,-0.447097208488019,0.23342525843987455,0.9564961466690637,0.1750079144767773,0.404191594406437,-0.2591386481759764,0.877197991352414],"translation":[-13.428398079625396,4.917339348623654,30.37199251320665]},{"linear":[0.8639809426531884,-0.0939270514555661,0.494686405449929,0.09455317004043115,0.9952346112340651,0.02382785422745264,-0.4945671125008348,0.026187355854359506,0.8687448380427616],"translation":[-12.755538586282347,4.933429925887436,27.699238598990327]},{"linear":[0.5107011633241428,-0.48523175242923633,0.7097425365678877,0.577405461233136,0.805214725655205,0.1350265859975823,-0.6370143288164848,0.34085098213510445,0.6913995609342097],"translation":[-12.907397175545503,11.326649366123783,29.454562514933272]},{"linear":[-0.384388128710694,-0.06376612224513294,-0.9209666922099358,-0.016097116935501102,-0.9969969878525127,0.07574885503677341,-0.9230312287960016,0.04394186917776792,0.3822073557645223],"translation":[-12.645203126594154,5.809867144740472,29.83033330076612]}],"scale":{"linear":[0.25641025641025644,0.25641025641025644,0.25641025641025644]},"k":-0.14091403815247863,"files":["/tmp/jl_8CEn0i/238.0 extrinsic.png","/tmp/jl_8CEn0i/intrinsic0001.png","/tmp/jl_8CEn0i/intrinsic0002.png","/tmp/jl_8CEn0i/intrinsic0003.png","/tmp/jl_8CEn0i/intrinsic0004.png","/tmp/jl_8CEn0i/intrinsic0005.png","/tmp/jl_8CEn0i/intrinsic0006.png","/tmp/jl_8CEn0i/intrinsic0007.png","/tmp/jl_8CEn0i/intrinsic0008.png","/tmp/jl_8CEn0i/intrinsic0009.png","/tmp/jl_8CEn0i/intrinsic0010.png","/tmp/jl_8CEn0i/intrinsic0011.png","/tmp/jl_8CEn0i/intrinsic0012.png"]}