{"intrinsic":{"linear":[696.3469043109218,696.3469043109218],"translation":[667.6519827968355,835.3820094232218]},"extrinsics":[{"linear":[0.7942178609775558,-0.5968145039791823,0.11415094018149144,0.6022313930712462,0.7981362235620925,-0.01720226256944283,-0.0808414405098162,0.08240762390776923,0.993314474382697],"translation":[-13.033162786856632,7.844741539089107,22.33664273431766]},{"linear":[0.17780961309737642,-0.9840515399327752,-0.00512915647016079,0.9840045538906155,0.17773856709363878,0.012001653637367635,-0.010898596822185967,-0.00718112271404479,0.9999148224043254],"translation":[-11.03156325541256,-0.7266870814502939,19.08927497054948]},{"linear":[0.7873373691605265,-0.6045456981243986,0.12093124493969404,0.6107908647133344,0.7915492311285235,-0.019604445480057,-0.0838712507723472,0.08929901219569483,0.9924672789138971],"translation":[-13.101065367773437,7.896088190229937,22.342698437950286]},{"linear":[-0.9874841608290408,-0.10809594797384167,-0.11484902325837022,0.1273704795743875,-0.9760226751481293,-0.1765120350845222,-0.09301501515753081,-0.1889312140127342,0.9775751650522423],"translation":[-7.6309082908499235,1.2057742305362,17.584892197105972]},{"linear":[0.9949479265815859,0.08441845752109914,0.054333667470195135,-0.10024256037091861,0.8058354589904186,0.5835928736062361,0.005482014345666739,-0.5860910655038685,0.8102266414129162],"translation":[-9.82936783056084,-2.810480502853688,12.83761032061048]}],"scale":{"linear":[0.25641025641025644,0.25641025641025644,0.25641025641025644]},"k":-0.12539384814574386,"files":["/tmp/jl_WHcCav/298.186 extrinsic.png","/tmp/jl_WHcCav/intrinsic0003.png","/tmp/jl_WHcCav/intrinsic0004.png","/tmp/jl_WHcCav/intrinsic0005.png","/tmp/jl_WHcCav/intrinsic0006.png"]}