{"intrinsic":{"linear":[925.8662803752125,925.8662803752125],"translation":[674.17106444702,856.1537821820754]},"extrinsics":[{"linear":[0.2826678641456764,-0.9515963041058355,0.1206787163978627,0.9572815975000337,0.28784556584619564,0.027511330583359535,-0.06091651391129412,0.10774694536179569,0.99231032147111],"translation":[-13.187404388371721,16.601661332771442,30.384326000796115]},{"linear":[-0.9787951243743267,-0.15889366715561112,-0.12927840902056376,0.15466246169833367,-0.987065669622711,0.042200554423852774,-0.1343116802160474,0.021311179932396063,0.990709950574552],"translation":[-13.04324132156899,6.821924353016962,29.949577971840522]},{"linear":[-0.9786078705742566,-0.15919219558688702,-0.13032452000427816,0.15514435858644726,-0.9870526220159022,0.04071055600618333,-0.13511796197737388,0.01962055645895473,0.9906352356520144],"translation":[-13.045012325292433,6.822372464846376,29.95410048854535]},{"linear":[-0.9781696265530205,-0.15929573073975795,-0.13345055959871788,0.15459055827255552,-0.9869544441593268,0.04497426427562658,-0.13887383116377267,0.023362262780835752,0.9900344760136665],"translation":[-13.043027403687303,6.822365332502946,29.956013700116433]},{"linear":[-0.583474612752827,-0.8112530470729998,-0.037760692362721386,0.80304056952346,-0.5832567821528607,0.12221853285049468,-0.1211743371031003,0.04098804322560108,0.9917846340512444],"translation":[-13.70320839971026,9.582188078811091,29.902295284233347]},{"linear":[0.2829836800661473,-0.9516711814282033,0.11934068566615536,0.9571552165190209,0.2881777708362622,0.02841590903470708,-0.06143393448775977,0.10618632131725106,0.9924466418193287],"translation":[-13.179616691865103,16.592750826102094,30.359291463663183]},{"linear":[-0.7900183037621531,-0.5897629085255357,-0.16748370502311774,0.5932518203021911,-0.8043049281161296,0.03385055858097567,-0.15467177321317202,-0.07261745200437603,0.9852935340473341],"translation":[-15.036922249046805,0.12670480528444195,29.776396731689655]},{"linear":[0.9266641570601533,-0.09963265850647116,0.36244568334983474,0.0024435146987344947,0.9658088314552304,0.25924376621049056,-0.37588238753087755,-0.23934626473378545,0.8952238805472472],"translation":[-3.952025417988801,-2.8245599505824464,5.499013703575208]}],"scale":{"linear":[0.25641025641025644,0.25641025641025644,0.25641025641025644]},"k":-0.11057726781210339,"files":["/tmp/jl_QZ4AC6/282.799 extrinsic.png","/tmp/jl_QZ4AC6/intrinsic0001.png","/tmp/jl_QZ4AC6/intrinsic0002.png","/tmp/jl_QZ4AC6/intrinsic0003.png","/tmp/jl_QZ4AC6/intrinsic0004.png","/tmp/jl_QZ4AC6/intrinsic0006.png","/tmp/jl_QZ4AC6/intrinsic0009.png","/tmp/jl_QZ4AC6/intrinsic0013.png"]}