{"intrinsic":{"linear":[1917.7299268648298,1917.7299268648298],"translation":[1005.8538487159633,507.490914148029]},"extrinsics":[{"linear":[-0.5354883012864915,-0.6756212850213791,0.5067426944824838,0.8394673397360685,-0.49149033535013514,0.2318012850996727,0.09244925473877907,0.5495208180619475,0.8303493275813332],"translation":[-17.764315765760465,15.59135676391517,47.286467705769596]},{"linear":[-0.13502919071057268,-0.8795906748359904,0.456165937349135,0.989956075648167,-0.10030122150742532,0.09963249094245902,-0.04188180921747037,0.465037535802956,0.8842997254047895],"translation":[-18.98486611599901,8.290454181897934,53.06658317998339]},{"linear":[-0.13438324460133327,-0.8786806971380802,0.4581062933941811,0.9900472355432813,-0.0995516319632293,0.09947835928765589,-0.041804484969013206,0.4669150940485808,0.8833134664353761],"translation":[-18.985843742553676,8.28879308482835,53.06488139572675]},{"linear":[-0.15048883712562777,-0.9257861927712188,-0.3468040299286439,0.7801786056098146,-0.32666730392970356,0.5334883465381639,-0.6071856826781257,-0.1902850435989916,0.7714383636644137],"translation":[-17.343658818882155,15.503472031098312,47.28400310351807]},{"linear":[-0.8149558357414536,-0.2895087576318164,-0.5020275540699252,0.3703593421643181,-0.9264736259578478,-0.06693712031550277,-0.4457364058079203,-0.24048139150254583,0.862257361162221],"translation":[-18.577574738809787,10.750558694376622,50.105216071513475]},{"linear":[0.9526953716200979,-0.07473606879703873,0.2945947197666789,-0.04930559549591758,0.9184496411003198,0.392452818840032,-0.2999007955081759,-0.3884131521762083,0.8713178157653527],"translation":[-11.615091564819354,2.013434519958687,29.69913764511701]},{"linear":[-0.9133679373936341,-0.08392317473863446,-0.39839165614139943,0.18132703049443305,-0.9599689384103881,-0.21349507090165667,-0.3645264310764987,-0.26723872853503305,0.8920223893028748],"translation":[-8.577046567275406,5.888658755467111,28.28646163875681]}],"scale":{"linear":[0.25641025641025644,0.25641025641025644,0.25641025641025644]},"k":-0.5695811199535173,"files":["/tmp/jl_txCAj4/293.958 extrinsic.png","/tmp/jl_txCAj4/intrinsic0001.png","/tmp/jl_txCAj4/intrinsic0002.png","/tmp/jl_txCAj4/intrinsic0003.png","/tmp/jl_txCAj4/intrinsic0004.png","/tmp/jl_txCAj4/intrinsic0005.png","/tmp/jl_txCAj4/intrinsic0006.png"]}