{"intrinsic":{"linear":[1491.503398591171,1491.503398591171],"translation":[903.0432864572922,594.2777637208502]},"extrinsics":[{"linear":[0.21786225593459863,-0.9758410279136911,-0.01644158384822212,0.9759597728754392,0.21771974750237022,0.010031613849484589,-0.0062096028865402915,-0.018231834462136824,0.9998145033175587],"translation":[-21.23328415066247,14.315946372166964,49.918280523363094]},{"linear":[-0.34117281956356876,-0.7590018946667926,0.5545423618473737,0.7093762456419147,0.17917937054242544,0.681674478978788,-0.6167547724258211,0.62594798271441,0.47728678341824454],"translation":[-18.629552578753277,14.621556362920005,33.36427167331893]},{"linear":[-0.3275604893975152,-0.7721420713246276,0.5445188219668571,0.7106761202329932,0.1784202804820636,0.6805186666383822,-0.6226102937763238,0.6098875512774591,0.4902994971245069],"translation":[-18.824826650219254,14.785426165826069,33.751662930518805]},{"linear":[0.21810619255747427,-0.9756896479227246,-0.021433611560155514,0.9758782014942922,0.21782794307516057,0.014585028759325158,-0.009561622056308117,-0.024097679391889504,0.9996638821281771],"translation":[-21.13148203759588,14.25578864237741,49.71135915780325]},{"linear":[0.8544867981269869,-0.5194529382728404,0.004577853907913998,0.5193906269505736,0.8544749812424329,0.010289949787721558,-0.009256806284007366,-0.006414931835678078,0.9999365780823121],"translation":[-21.472292466382964,21.959030550634502,51.4525093795339]},{"linear":[-0.09346746637068237,-0.9954726265997634,-0.01726506359133853,0.995619515349024,-0.09341188152422086,-0.004000130782753567,0.002369258622348008,-0.0175633163346939,0.9998429459334639],"translation":[-20.339772148836616,9.621482417290627,51.02926660092719]},{"linear":[0.9828654438327203,-0.18429966775200154,-0.003025191896694104,0.18422875560580595,0.9816937147488912,0.048344762182256716,-0.005940111736845563,-0.04807372347784778,0.9988261271029756],"translation":[-25.529700286044847,12.827181688353898,50.257776156238194]},{"linear":[-0.9414552550218418,-0.3336640155703135,0.048273465850840476,0.3344763190873972,-0.9423550251658683,0.009622812186727074,0.04227995697141016,0.025205778268662722,0.9987878022785253],"translation":[-9.683393536090076,15.315751760647574,28.646313104959717]},{"linear":[-0.818512759306297,-0.48826660213530726,-0.3027087512643688,0.08418395100636422,-0.623171962457846,0.7775408462578637,-0.5682868336023191,0.61094388485824,0.5511784142258943],"translation":[-10.168844327857018,15.082622920084013,27.95939779997401]},{"linear":[-0.9178866760551156,-0.39684255606320656,-0.00018872655393210468,0.3968404530029887,-0.9178831688346633,0.00285363459817137,-0.001305672575375174,0.0025444188448352847,0.9999959105675723],"translation":[-6.055674536073639,11.16419030713543,15.984357797224453]}],"scale":{"linear":[0.25641025641025644,0.25641025641025644,0.25641025641025644]},"k":0.04848114556125201,"files":["/tmp/jl_O0RO0G/210.725 extrinsic.png","/tmp/jl_O0RO0G/intrinsic0001.png","/tmp/jl_O0RO0G/intrinsic0002.png","/tmp/jl_O0RO0G/intrinsic0003.png","/tmp/jl_O0RO0G/intrinsic0004.png","/tmp/jl_O0RO0G/intrinsic0005.png","/tmp/jl_O0RO0G/intrinsic0006.png","/tmp/jl_O0RO0G/intrinsic0007.png","/tmp/jl_O0RO0G/intrinsic0008.png","/tmp/jl_O0RO0G/intrinsic0009.png"]}