{"intrinsic":{"linear":[1209.8646230521726,1209.8646230521726],"translation":[910.440147972534,694.9081651240093]},"extrinsics":[{"linear":[-0.7947894878614764,-0.6009365588470829,-0.08476392054358002,0.5566522404929947,-0.7774970944704651,0.2926372348900831,-0.2417601148639309,0.18540097176393378,0.9524591994043461],"translation":[-16.38494998929233,7.554901740764298,38.20587534650057]},{"linear":[-0.8801620326561546,-0.4357759352273458,-0.18818642498150104,0.4655754687489272,-0.8697977762281223,-0.16337475743770763,-0.09248934625027214,-0.23141124161402615,0.968449564037721],"translation":[-13.481354868912668,0.5937655120901424,29.069524744893705]},{"linear":[-0.8811843388000712,-0.4391021091651971,-0.1752241386914391,0.46560582341375056,-0.8703102589267292,-0.16053432782459007,-0.0820084035735648,-0.22304571489621802,0.9713522691638448],"translation":[-13.452029908864736,0.6018695528826284,29.002458363147177]},{"linear":[-0.789050411562788,-0.6055463244888688,-0.10350409127477361,0.5629357670638857,-0.7801644552504227,0.27284930808782715,-0.2459731086374885,0.1570257038253068,0.9564727691708622],"translation":[-16.395672277477647,7.563019520563397,38.24296658261517]},{"linear":[-0.715880983329809,-0.6305159771618667,-0.29994002775615397,0.5869154111887451,-0.7760994408324677,0.23065116095237226,-0.37821252995622995,-0.010920644813720487,0.9256543748618923],"translation":[-14.022694482774856,15.255856231808469,36.59421301078597]},{"linear":[0.13483405674985283,-0.9846957592543788,0.11042662200221555,0.9776186584774618,0.15036628935740215,0.14714529425575998,-0.16149778864463016,0.08811492910584878,0.9829314439631921],"translation":[-16.648143617729275,1.8095115268948696,38.135243250251975]},{"linear":[0.1284564917284461,-0.9688842604191978,0.21157083836097015,0.9656197753819309,0.1708148105403431,0.19596109280011678,-0.22600305113906963,0.17912451091911133,0.9575160732143457],"translation":[-16.451536254780446,3.734598409282148,34.48142398664049]},{"linear":[-0.0860593271391723,-0.9957853268181464,0.031707650591462244,0.9634518778784192,-0.07507695804450465,0.2571457356895722,-0.2536814365003883,0.052678584495609096,0.9658523155796845],"translation":[-13.508334759599686,13.58785182646568,35.39770415177541]},{"linear":[-0.6065807745301366,-0.3526801958666684,-0.7125141706758319,0.4894085790226213,-0.871926614003688,0.014940634896915883,-0.6265293343088404,-0.339647845916197,0.7014986343643222],"translation":[-11.696643220510522,7.379253544486955,31.51673339774615]},{"linear":[0.1078626362453069,-0.8644180199267882,0.49106734622459247,0.9491590592701876,0.2364780886840448,0.20778641384285423,-0.2957409878720658,0.443688630007793,0.845977344669621],"translation":[-14.219247965139136,6.325625163531431,30.77402966312271]},{"linear":[-0.10012427418469044,-0.9318547122462927,-0.34874335116725647,0.9298984786430263,-0.21231868724293163,0.30034912096562505,-0.353926474195382,-0.2942236739486095,0.8877885336902072],"translation":[-14.855425213816783,13.113080375872524,32.515051154859776]},{"linear":[0.28327945955130995,-0.413339372916291,0.8653919982259398,0.7543035176259798,0.6532886463698424,0.06511641744853669,-0.5922659462550509,0.6343220848444632,0.49684659763873085],"translation":[-14.263170396828087,-1.3852376315103982,28.047875727650858]}],"scale":{"linear":[0.25641025641025644,0.25641025641025644,0.25641025641025644]},"k":-0.22301732576791122,"files":["/tmp/jl_8mv4dk/586.591 extrinsic.png","/tmp/jl_8mv4dk/intrinsic0001.png","/tmp/jl_8mv4dk/intrinsic0002.png","/tmp/jl_8mv4dk/intrinsic0003.png","/tmp/jl_8mv4dk/intrinsic0004.png","/tmp/jl_8mv4dk/intrinsic0005.png","/tmp/jl_8mv4dk/intrinsic0006.png","/tmp/jl_8mv4dk/intrinsic0007.png","/tmp/jl_8mv4dk/intrinsic0008.png","/tmp/jl_8mv4dk/intrinsic0010.png","/tmp/jl_8mv4dk/intrinsic0011.png","/tmp/jl_8mv4dk/intrinsic0013.png"]}