{"intrinsic":{"linear":[1144.8265399476243,1144.8265399476243],"translation":[886.5529228276008,653.1501242201033]},"extrinsics":[{"linear":[0.4425438667404213,-0.856480156170381,0.2657003351461868,0.8734727702221843,0.47876826377467435,0.08846620418310636,-0.2029784365168367,0.19293183171406303,0.959988053373914],"translation":[-22.37286186585766,18.313141943805817,37.42290291723291]},{"linear":[0.3911223027368391,-0.8437394650235943,0.3675963267818809,0.9112579805673928,0.41100097813215575,-0.02621237926340536,-0.1289660310084394,0.34522733254496263,0.9296159700165549],"translation":[-21.553619755000277,17.444698121908175,34.52853401837557]},{"linear":[0.38886695202647503,-0.8405825630025697,0.37709872500138497,0.9109434573191967,0.411996417277147,-0.020999278991054554,-0.137711695904844,0.3516815419194276,0.9259349771361841],"translation":[-21.545810053899366,17.441553921037755,34.515108304952896]},{"linear":[0.638942538350269,-0.7691318450598792,0.013734540447383259,0.7506812980082103,0.6273159677431858,0.20724928331634554,-0.16801792019669665,-0.12211012050283196,0.9781917485664865],"translation":[-20.409983621139574,8.798343912799902,28.263669094619537]},{"linear":[0.723623053968823,-0.6151962664435648,0.3128949176939958,0.623691479827311,0.7770020281630209,0.08530408091862406,-0.2955987377436735,0.1334218946966746,0.9459492503617181],"translation":[-26.182815636874725,10.780858468256357,36.16908196948056]},{"linear":[0.8543411570243128,-0.373388040723025,0.36150042663789356,0.467367424883684,0.8562067821628875,-0.22017637551714697,-0.22730789157429726,0.35705926290084433,0.9060021000001893],"translation":[-21.289186119127987,15.01090775429446,29.353769869528143]},{"linear":[-0.21341028811012203,-0.5927679721739408,0.7765836594299089,0.9544693388344468,0.04308491827281341,0.2951812511701223,-0.20843303517842005,0.8042200078226226,0.556584089661295],"translation":[-9.485305770554023,10.514644821858571,19.54032594063004]},{"linear":[-0.11824058224830089,-0.9690973482125864,0.216493635927055,0.46737260797330943,0.13804926970399523,0.873215462787061,-0.8761175777404595,0.2044326999810135,0.43660652898538166],"translation":[-7.750674578907985,9.771227792396294,16.72692027032099]}],"scale":{"linear":[0.25641025641025644,0.25641025641025644,0.25641025641025644]},"k":-0.13887376683517808,"files":["/tmp/jl_oDV7jN/188.134 extrinsic.png","/tmp/jl_oDV7jN/intrinsic0001.png","/tmp/jl_oDV7jN/intrinsic0002.png","/tmp/jl_oDV7jN/intrinsic0003.png","/tmp/jl_oDV7jN/intrinsic0004.png","/tmp/jl_oDV7jN/intrinsic0005.png","/tmp/jl_oDV7jN/intrinsic0006.png","/tmp/jl_oDV7jN/intrinsic0007.png"]}