{"intrinsic":{"linear":[865.6628796338248,865.6628796338248],"translation":[547.9319710320618,969.0568108118238]},"extrinsics":[{"linear":[0.18823205868602705,-0.9820786794481059,-0.009495233345453921,0.9754640522758314,0.1880708322078763,-0.11445193222593893,0.11418657889802171,0.012281264027021052,0.9933834082334294],"translation":[-6.954665492837146,-0.8861510465905759,29.576217985473388]},{"linear":[0.18813198527777963,-0.9820949589118801,-0.009790188727179273,0.9751948311362428,0.18797529693545623,-0.11687741042298169,0.11662502922013085,0.012441037814407856,0.9930980934114737],"translation":[-6.950147857735701,-0.8858590972156611,29.570959759674444]},{"linear":[0.1881414694228185,-0.9820982716564716,-0.009261333208237313,0.975265126057291,0.18792975757250407,-0.11636296711237687,0.11602034899050638,0.012860444320131559,0.9931635754456614],"translation":[-6.951266503582929,-0.8861535490714003,29.575177858476238]},{"linear":[0.18835061374581702,-0.982072538647349,-0.007587828169165943,0.9753045297459029,0.1879488505259021,-0.11600130966120661,0.11534782424778126,0.014448474685685747,0.9932200768311923],"translation":[-6.952746489274616,-0.8856583552146964,29.565345660258398]},{"linear":[0.18799581350107786,-0.9820982738423848,-0.011855573452007176,0.9747531821294918,0.18804321791616652,-0.12039926131070272,0.12047326688729627,0.011078299126720481,0.9926547553172559],"translation":[-6.950392080220479,-0.8835330488818922,29.570342237530763]},{"linear":[0.2341291756621282,-0.9721362661600574,0.011602117054856816,0.9683062049760687,0.23210577559844547,-0.09224967392185199,0.08698633518327051,0.03283274204549985,0.9956683125123336],"translation":[-5.887718472609218,8.844573316181739,28.95860920321275]},{"linear":[-0.8440252862528176,-0.5315890524670165,0.07095347393235678,0.523553889588717,-0.7880411252819179,0.32385569249425744,-0.11624388526875608,0.31049036081918696,0.94344215242695],"translation":[-1.8002402663014494,-2.6864703879818266,26.276547339126996]},{"linear":[-0.786446634460872,-0.40776430832082844,-0.46392883075403296,0.42572782381172825,-0.902049150612794,0.07115581431806706,-0.44750140913487396,-0.14154716082766747,0.883010130227241],"translation":[-3.8618171197310436,7.451660355132389,27.694115783689607]},{"linear":[-0.6472550467068459,-0.14416541344221806,-0.7485166919177911,-0.033811667730206246,-0.9755566753198028,0.21713116856931253,-0.7615232600766842,0.16584784233147987,0.6265595083917981],"translation":[-1.0773951673634097,5.098321805978572,23.214399130265814]},{"linear":[-0.9332505144410974,-0.04114906620192221,0.3568616421614085,0.06506721035446345,-0.9963488542132631,0.05527403409021335,0.3532842133921573,0.07480451228788197,0.9325205357037759],"translation":[-0.701277939607787,4.212801791202372,18.144890295412633]},{"linear":[0.746703843904721,0.15598757713102573,0.6466074893462852,0.4445955427902821,0.6060075816115361,-0.659613230886367,-0.49474051060018165,0.7800145426914357,0.3831568091016285],"translation":[-5.131590046268679,6.598293936754828,21.460413284927032]},{"linear":[0.8651540138829683,-0.49104606688209196,0.10189353493630762,0.5014515275692724,0.8500182841128479,-0.16129253600924284,-0.007409302303975851,0.19063755368100413,0.9816325307190519],"translation":[-5.063843017233657,6.3334901549945775,18.357146896267672]},{"linear":[-0.568336158854491,-0.40631261877153224,-0.7154747139945217,0.5372449826107999,-0.8418629800067818,0.05132788280869005,-0.6231868413229249,-0.3552137085208294,0.6967505881453098],"translation":[-3.0924996295470373,-0.20640910402727017,20.53632627195285]},{"linear":[-0.8970709964275672,-0.4418660119623515,-0.00424909883842528,0.30096915320530454,-0.6180080143497079,0.7262807053876711,-0.3235447359907646,0.650246508388948,0.6873851046834286],"translation":[-0.9124773527897097,3.205058447333376,17.80660390668807]},{"linear":[0.7854849561750853,-0.5828332003589141,-0.208131795221225,0.598981424555201,0.8005427487939886,0.018776591575332256,0.15567477849814387,-0.13941580940750806,0.9779205465817778],"translation":[-4.6310155207080905,-1.5732783014843335,19.610715208896462]},{"linear":[-0.9569956264398449,0.011606043977632053,0.28987009283159537,0.008865261381307428,-0.9975627538033984,0.06920953232627021,0.28996685692618307,0.06880299388376361,0.9545603018756755],"translation":[1.0585050363770252,4.6995222634991025,8.876914849439071]}],"scale":{"linear":[0.25641025641025644,0.25641025641025644,0.25641025641025644]},"k":-0.043640136732225644,"files":["/tmp/jl_rf199Y/356.0 extrinsic.png","/tmp/jl_rf199Y/intrinsic0001.png","/tmp/jl_rf199Y/intrinsic0002.png","/tmp/jl_rf199Y/intrinsic0003.png","/tmp/jl_rf199Y/intrinsic0004.png","/tmp/jl_rf199Y/intrinsic0005.png","/tmp/jl_rf199Y/intrinsic0006.png","/tmp/jl_rf199Y/intrinsic0007.png","/tmp/jl_rf199Y/intrinsic0008.png","/tmp/jl_rf199Y/intrinsic0009.png","/tmp/jl_rf199Y/intrinsic0010.png","/tmp/jl_rf199Y/intrinsic0011.png","/tmp/jl_rf199Y/intrinsic0012.png","/tmp/jl_rf199Y/intrinsic0013.png","/tmp/jl_rf199Y/intrinsic0017.png","/tmp/jl_rf199Y/intrinsic0019.png"]}