{"intrinsic":{"linear":[1415.9036750129947,1415.9036750129947],"translation":[927.9200387172118,598.6289859043817]},"extrinsics":[{"linear":[-0.9919882917416204,-0.0016201206176854818,-0.1263194531999148,-0.02338068676821639,-0.980288794010506,0.19618160929015213,-0.12414738230743275,0.19756329503885964,0.9723971266512464],"translation":[-12.202815087967926,8.983124420854502,45.376399250021436]},{"linear":[-0.9894460013762546,-0.13020567314981593,-0.06358532094865856,0.11187829179665229,-0.9653354981979103,0.23581904872943407,-0.09208614545741255,0.2262163977226129,0.9697145369727117],"translation":[-9.181508556968376,7.528673175384204,38.40114094119984]},{"linear":[0.9237623325137838,0.004961999412916824,0.38293410867996563,0.008969910535187763,0.9993614041769516,-0.034587924864933096,-0.3828611938205337,0.03538590684577326,0.9231279130559416],"translation":[-14.372121514514651,5.226984258833271,36.2878477754157]},{"linear":[-0.9802271925905682,-0.015067571169592352,-0.19730083427360817,-0.05848084521266429,-0.930495748096775,0.3616042775148474,-0.1890360855742229,0.36599266532660407,0.9112160705770629],"translation":[-15.28895351711876,17.931790132206743,44.53141486245254]},{"linear":[-0.9371167588393639,-0.039713358447885455,-0.34674923138082825,-0.07367029541271045,-0.9486125910580803,0.3077447638220334,-0.34115226494368955,0.3139378939326454,0.8860350618778726],"translation":[-22.57026022201829,9.735706239719066,43.36166124639036]},{"linear":[0.2140647143598337,-0.9616500399384529,0.1714803159328047,0.9744786392311962,0.22238140236292575,0.030625048003462607,-0.06758461177042152,0.16054816277201772,0.9847114337116081],"translation":[-15.19979171772229,3.987588297424357,44.8420661403809]},{"linear":[0.4268869990951571,-0.883023787848957,0.19502943392322075,0.18830687096745324,0.2977405155061072,0.9358905426237647,-0.8844817761548163,-0.3627941227735616,0.29338100165311254],"translation":[-9.921137357674775,3.0509121832039265,32.87357484862621]},{"linear":[0.21653003732658677,-0.9459607349903916,0.2413980753688496,0.8790962989446844,0.2964673928070684,0.37322484132749945,-0.42462270325208074,0.13139776580527285,0.8957846767076771],"translation":[-13.902044133847095,4.633328789332824,42.85824214644763]},{"linear":[0.21334389968054385,-0.9674881596538072,0.13583461045987924,0.8801462764195618,0.2506808914605791,0.40311490019758567,-0.4240600341624734,0.033552221777678165,0.9050123401589081],"translation":[-12.124773745185063,9.397962602106402,39.42254276899892]},{"linear":[-0.016410821386979635,-0.7272509964415493,0.6861753953007773,0.9757382324813336,0.13820089139883485,0.16980993872789102,-0.2183244984320525,0.6723142879571582,0.7073386116938984],"translation":[-13.176239134891206,8.869507720735228,41.797249308727785]},{"linear":[-0.09741325137832352,-0.9579476728327078,-0.2699016757456366,0.978976177598163,-0.14106265144808688,0.14733286144552182,-0.17921021776448273,-0.2498751377805219,0.9515493226144254],"translation":[-12.398787245528386,7.950670735468677,40.72184499070605]},{"linear":[0.11693170842880113,-0.9737205740481155,0.19543597222448636,0.9735857217690708,0.15124559029594825,0.1710427250233917,-0.19610664938068592,0.1702733540265138,0.9656858531516563],"translation":[-8.369131011865855,8.571542394422208,32.33865816972969]},{"linear":[-0.016792156413956982,-0.9399965123807467,0.34077056826404717,0.9983880446238144,0.002716736737504888,0.05669154869762624,-0.054215641979095286,0.3411732346675681,0.9384356600807873],"translation":[-10.411740418133384,8.872449702140386,32.81313496488205]},{"linear":[-0.6680305739155203,-0.7427811960573306,-0.044846929635620376,0.7348120439771658,-0.667972522524586,0.11774535735323638,-0.11741555408122267,0.04570343461692019,0.9920306364845879],"translation":[-11.004050708825837,3.94795208957234,33.14704736984616]}],"scale":{"linear":[0.25641025641025644,0.25641025641025644,0.25641025641025644]},"k":-0.25516793198065446,"files":["/tmp/jl_K0jFER/366.3 extrinsic.png","/tmp/jl_K0jFER/intrinsic0003.png","/tmp/jl_K0jFER/intrinsic0004.png","/tmp/jl_K0jFER/intrinsic0005.png","/tmp/jl_K0jFER/intrinsic0006.png","/tmp/jl_K0jFER/intrinsic0007.png","/tmp/jl_K0jFER/intrinsic0008.png","/tmp/jl_K0jFER/intrinsic0009.png","/tmp/jl_K0jFER/intrinsic0010.png","/tmp/jl_K0jFER/intrinsic0011.png","/tmp/jl_K0jFER/intrinsic0012.png","/tmp/jl_K0jFER/intrinsic0014.png","/tmp/jl_K0jFER/intrinsic0016.png","/tmp/jl_K0jFER/intrinsic0017.png"]}