{"intrinsic":{"linear":[4309.4681954312655,4309.4681954312655],"translation":[960.1104686353794,538.3368269783552]},"extrinsics":[{"linear":[0.6606459573835615,-0.7385327276284624,0.13459691383691086,0.7506663866018389,0.6482777215698736,-0.12742045260597668,0.006847993786216047,0.1852171858598351,0.9826737500530209],"translation":[-17.21261543145124,18.08721692391591,141.1007427263949]},{"linear":[0.6610122701128534,-0.738860880740701,0.13094799605693752,0.7503485792189141,0.649379332015112,-0.12362642442359933,0.006307806624272702,0.17997522624706552,0.9836509185238982],"translation":[-17.222833615315338,18.09673151913306,141.200191601851]},{"linear":[0.6609932756118823,-0.738491641491196,0.13310892172770677,0.7503476766873485,0.6485484229527415,-0.12791914311552374,0.008139636710086204,0.18443166358613813,0.9828116339263985],"translation":[-17.220284179728573,18.094104342740405,141.1787604830995]},{"linear":[0.660907236327936,-0.7390349756161961,0.13049494160824093,0.7504270545332953,0.6489962200995325,-0.12515247548890893,0.007801332825394816,0.18064111135754116,0.9835181381620064],"translation":[-17.22434283732327,18.099642952860222,141.22349023912798]},{"linear":[0.6608689255130822,-0.7392476405390851,0.1294804589448918,0.7504403219482685,0.648706357613601,-0.12656770830616312,0.00957008282949208,0.1808120226895614,0.9834711108952545],"translation":[-17.220493626151235,18.09568074037279,141.19188483723448]},{"linear":[0.6609980953677123,-0.7388529179361658,0.1310644252933271,0.7503494675972602,0.649044125030671,-0.12536905614895077,0.00756269771740007,0.18121282907229314,0.9834148240609611],"translation":[-17.223822064849777,18.09784393659069,141.21690569872217]},{"linear":[0.660882934489655,-0.7388337648320398,0.131751337163828,0.7504567324807792,0.6489632703335169,-0.1251453811864378,0.006959854496664926,0.18158012474425927,0.9833515234763428],"translation":[-17.223244239149665,18.09653423923611,141.20496539184887]},{"linear":[0.6609997333553782,-0.739173658737089,0.12923488203014077,0.7503313969442789,0.6489951874288208,-0.1257300340168447,0.009063512771877016,0.1800765085275016,0.9836108497839878],"translation":[-17.222150189544866,18.096028327625643,141.20094274487946]},{"linear":[0.6610529077367829,-0.7389193241350002,0.1304119840835907,0.7502817372321781,0.6487892461158523,-0.12708197708679486,0.00929343578064868,0.18185364044829655,0.9832816918396744],"translation":[-17.220920711554232,18.09577286327581,141.19516307741426]},{"linear":[0.6609851773148163,-0.7392151321964399,0.1290720097538607,0.7503391463932289,0.648910406256479,-0.12612077561580476,0.009474215533836698,0.1802117448554652,0.9835822112341028],"translation":[-17.220269254984995,18.0954388462719,141.19599662557567]},{"linear":[0.6608278829637496,-0.7390514583693525,0.13080310003888285,0.7505003324391154,0.6489486015190827,-0.12495984793206179,0.007467269007209086,0.18074472182766493,0.9835016956899535],"translation":[-17.22297611831997,18.098107112372116,141.22089841587257]},{"linear":[0.6609312159518306,-0.7391010461725877,0.1299983512473193,0.7503897017407398,0.6487588653467389,-0.12659869728972659,0.009231646758765984,0.18122245495688052,0.9833987993268667],"translation":[-17.217848945618673,18.091932607260855,141.1837365093735]},{"linear":[0.6608501428541478,-0.739019935032446,0.13086872932175894,0.7504598634139072,0.6485075112927265,-0.12746764766674662,0.009331778738922443,0.18244874190181049,0.9831710809843903],"translation":[-17.222924505116218,18.094854100761765,141.20095157340992]},{"linear":[0.6610245401374097,-0.7387626368847224,0.13143942969770497,0.7503041433657502,0.648534338470216,-0.1282454844163611,0.00949998864808596,0.18339296106484373,0.9829937802690081],"translation":[-17.223072880229005,18.0938515762011,141.19103232007566]},{"linear":[0.6610136987990496,-0.7391181827031666,0.12948050817620296,0.7502790651241974,0.6482738874503389,-0.12970077596678373,0.011925369443327262,0.18288050428515815,0.9830628193132149],"translation":[-17.218888182594572,18.089624167855522,141.16287596141242]},{"linear":[0.6607800193981719,-0.7386066533963,0.13352893889666556,0.750551683936171,0.6486804232006933,-0.1260391934945134,0.006475778310722713,0.1835045506653369,0.9829975300988214],"translation":[-17.224657732826536,18.09613864364433,141.21621803543914]},{"linear":[0.6610300150564079,-0.7396404702947458,0.12637758462912757,0.7502211974395941,0.6482339899978942,-0.13023382480642792,0.014403961497673944,0.18089961004263438,0.9833960834676923],"translation":[-17.20883168702656,18.081131473082447,141.08918855524456]},{"linear":[0.6607441124511307,-0.7431684190494339,0.10544154204454972,0.7498781218728612,0.6473464540161792,-0.13647479917226205,0.03316655239240184,0.16924322556676788,0.9850160965193199],"translation":[-17.237148129599575,18.123343553617772,141.39573367055678]},{"linear":[0.9178036239023517,-0.39030219709081226,0.07280592625463445,0.39649707436919357,0.8914798548157419,-0.21921162942319858,0.020653764024524214,0.23006056464285288,0.9729571206522059],"translation":[-21.54310334690323,16.541834429102238,142.20112366856372]},{"linear":[0.22469623631341845,-0.9741914341214126,0.02150932521139831,0.9607021759957599,0.2251690092864294,0.16232758944178258,-0.16298138060403222,-0.015810342862607546,0.986502459517953],"translation":[-9.021229802282637,17.376057918428835,136.9035905080366]},{"linear":[0.8472876330752526,-0.5277615664214076,0.05976115666683675,0.5269710819826517,0.8212479109593496,-0.2187540799595233,0.06637127083135781,0.2168400280237168,0.9739482823306913],"translation":[-16.23066238872717,9.01854160674889,138.71215756595896]},{"linear":[0.35889005348912983,-0.8429009612988739,-0.4008938749195398,0.9265995016842824,0.37342244856997786,0.044373847956219514,0.11230001329033351,-0.38739339739525275,0.9150492132500604],"translation":[-8.486311003337782,11.056624243693518,110.40806212525038]},{"linear":[0.5682745707740017,-0.8228152610248336,0.006249674892288504,0.6544617418113023,0.4473720417814143,-0.6095392397029457,0.4987422588040246,0.35047582292786417,0.7927312639388558],"translation":[-11.080884277829638,9.42532334877318,111.90218906055716]}],"scale":{"linear":[0.25641025641025644,0.25641025641025644,0.25641025641025644]},"k":-0.9277789692835522,"files":["/tmp/jl_ysiZxn/350.0 extrinsic.png","/tmp/jl_ysiZxn/intrinsic0003.png","/tmp/jl_ysiZxn/intrinsic0004.png","/tmp/jl_ysiZxn/intrinsic0005.png","/tmp/jl_ysiZxn/intrinsic0006.png","/tmp/jl_ysiZxn/intrinsic0007.png","/tmp/jl_ysiZxn/intrinsic0008.png","/tmp/jl_ysiZxn/intrinsic0009.png","/tmp/jl_ysiZxn/intrinsic0010.png","/tmp/jl_ysiZxn/intrinsic0011.png","/tmp/jl_ysiZxn/intrinsic0012.png","/tmp/jl_ysiZxn/intrinsic0013.png","/tmp/jl_ysiZxn/intrinsic0014.png","/tmp/jl_ysiZxn/intrinsic0015.png","/tmp/jl_ysiZxn/intrinsic0016.png","/tmp/jl_ysiZxn/intrinsic0017.png","/tmp/jl_ysiZxn/intrinsic0018.png","/tmp/jl_ysiZxn/intrinsic0019.png","/tmp/jl_ysiZxn/intrinsic0020.png","/tmp/jl_ysiZxn/intrinsic0021.png","/tmp/jl_ysiZxn/intrinsic0022.png","/tmp/jl_ysiZxn/intrinsic0024.png","/tmp/jl_ysiZxn/intrinsic0025.png"]}