{"intrinsic":{"linear":[981.336358138807,981.336358138807],"translation":[584.6535745747443,928.498595772777]},"extrinsics":[{"linear":[-0.035263834522056725,-0.9988961153832594,-0.03103244507020396,0.9983129847978218,-0.03377606868279426,-0.04722670397560095,0.04612641714749667,-0.03264548753762752,0.9984020361480468],"translation":[-5.797148864848648,6.215696422381387,33.681826179116776]},{"linear":[-0.01838944755026034,-0.9885456975779603,0.1497973031095694,0.962293977165853,0.023167855098896573,0.27102315768295837,-0.2713892586841296,0.14913300872114305,0.9508455268762945],"translation":[-7.991159113292368,6.243144317640633,21.183029681057008]},{"linear":[-0.047500256746389025,-0.9660433617920167,0.25397627595231465,0.9591539375940438,0.026873538475986836,0.28160528568835674,-0.2788681581085738,0.2569786685064712,0.9253077943721068],"translation":[-7.917464280979817,6.185810859735445,20.962544164088857]},{"linear":[-0.03528025020179398,-0.9988921868971673,-0.031140053010445635,0.9983270191087498,-0.03379778094714919,-0.04691346203901794,0.045809026000742215,-0.03274307497537556,0.99841345352415],"translation":[-5.796893891332191,6.21513035468075,33.677988259972096]},{"linear":[0.1424177878397837,-0.8873279020325943,0.43859590511227636,0.9837851099713292,0.17569890242946867,0.036010457977923044,-0.10901390326706967,0.42635559097954223,0.8979626266916476],"translation":[-7.414156426902036,4.597150948695791,28.786491804478317]},{"linear":[0.27211724210096216,-0.9187960928699255,-0.28594745370141966,0.9231285675992023,0.16537285384854067,0.34711016535422046,-0.27163551725356433,-0.35842092424543015,0.8931677260343884],"translation":[-7.282661772990355,-1.3328798338615233,32.171326146679455]},{"linear":[0.9751973927717548,-0.09722462959871807,0.19884017836082324,0.10575104496895209,0.9938550164028113,-0.03269438574040394,-0.19443960918276554,0.05291103637578583,0.9794864269659349],"translation":[-5.5243078957306135,-8.036115767926479,28.93253953804876]},{"linear":[0.7731618576461836,-0.03691047093168287,0.6331337607620555,0.2543281411893774,0.9325628140527076,-0.2562104495239244,-0.58098015325849,0.3591158796011347,0.7304093691472233],"translation":[-6.634768581866455,-2.5185926040502857,24.889807199846278]},{"linear":[-0.8990578943635081,-0.1457887220644982,0.41284446357127685,0.27633348635291755,-0.9203462280924839,0.2767717918357635,0.3396096390014523,0.36291661432722777,0.8677308477532449],"translation":[-1.6915105402856039,5.1587878208135765,20.496891487939465]},{"linear":[-0.9634057137801648,-0.08145720365019522,-0.2553706220950671,0.08492303235976743,-0.9963842365108732,-0.0025557401014762934,-0.25423907888157726,-0.024149062220612687,0.966839859316584],"translation":[-0.9559071182142906,6.598433277271835,19.557545529694845]},{"linear":[0.9451965820846204,-0.08154070686793483,0.3161558703219486,0.0736212824128725,0.9966021023101137,0.03693448858378591,-0.3180932693274652,-0.011634551754978208,0.9479880322103362],"translation":[-3.7169872150564185,0.5699624039492935,7.576785642534319]}],"scale":{"linear":[0.25641025641025644,0.25641025641025644,0.25641025641025644]},"k":-0.052044487849719503,"files":["/tmp/jl_g63ePu/300.0 extrinsic.png","/tmp/jl_g63ePu/intrinsic0001.png","/tmp/jl_g63ePu/intrinsic0002.png","/tmp/jl_g63ePu/intrinsic0003.png","/tmp/jl_g63ePu/intrinsic0004.png","/tmp/jl_g63ePu/intrinsic0005.png","/tmp/jl_g63ePu/intrinsic0006.png","/tmp/jl_g63ePu/intrinsic0007.png","/tmp/jl_g63ePu/intrinsic0008.png","/tmp/jl_g63ePu/intrinsic0009.png","/tmp/jl_g63ePu/intrinsic0010.png"]}