{"intrinsic":{"linear":[3947.6591534408212,3947.6591534408212],"translation":[999.988902609475,398.5626708464361]},"extrinsics":[{"linear":[0.9773264298210829,-0.20777771732095443,-0.040761130480756934,0.16843556770987975,0.879564470124246,-0.4449671925269376,0.12830630967893297,0.42801257350683963,0.8946187611584198],"translation":[-23.88385878957602,13.018166330500224,134.23877156315405]},{"linear":[0.9556185488021561,-0.0770368111116461,0.2843563238597127,-0.08729708066484008,0.8478131023714605,0.5230603819394812,-0.281375920953904,-0.5246696800664472,0.8034608378298934],"translation":[-19.928582898213435,5.927445682810025,73.8566461311095]},{"linear":[0.9537893174419081,-0.07732550783974533,0.29035616709659334,-0.08837806433075095,0.8513825408551752,0.5170465035875745,-0.2871850547623413,-0.5188145477570106,0.8052056938179459],"translation":[-20.061567088382315,5.981204522008376,74.49106880944547]},{"linear":[0.9679588276484712,-0.25056347788780553,-0.016542415971208577,0.21681411789190297,0.8671792650698422,-0.44832104625556507,0.12667812068448636,0.43036968501707423,0.8937195242122391],"translation":[-24.222140121574103,13.077841489461195,133.94366239706656]},{"linear":[0.9774862612389236,-0.2071776729005323,-0.039975254103896976,0.16828112023192643,0.8797614288891488,-0.4446361352976288,0.12728736646910016,0.42789863296164365,0.8948188007898122],"translation":[-23.8760353146943,13.006513381236118,134.17074150946678]}],"scale":{"linear":[0.24390243902439027,0.24390243902439027,0.24390243902439027]},"k":-1.3085242461582576,"files":["/tmp/jl_yNCBAQ/369.161 extrinsic.png","/tmp/jl_yNCBAQ/intrinsic0001.png","/tmp/jl_yNCBAQ/intrinsic0002.png","/tmp/jl_yNCBAQ/intrinsic0003.png","/tmp/jl_yNCBAQ/intrinsic0004.png"]}