{"intrinsic":{"linear":[784.0574482206672,784.0574482206672],"translation":[578.6045500205898,992.0283991654165]},"extrinsics":[{"linear":[-0.3927153302558215,-0.9195846576867205,0.011778231159985827,0.9178810902128435,-0.39271973060506504,-0.057144705994228155,0.0571749386684644,-0.011630586428988461,0.998296426843037],"translation":[-8.18597650962808,-1.9880450056811532,26.055536452637703]},{"linear":[0.8275196398927321,0.10996501678950926,0.5505623858149824,0.4216976219199728,0.5256567416791021,-0.7388207533592631,-0.37065126636616563,0.8435595325818993,0.3886192915069516],"translation":[-8.569150866982445,9.726672938204553,18.202267865842053]},{"linear":[0.8313343693656458,0.10726890127299551,0.5453224267633859,0.42067534436847176,0.5197684059823765,-0.7435543415131183,-0.36320162575612425,0.8475459792614344,0.38697595802050094],"translation":[-8.556380427147296,9.71183669866112,18.173501443010412]},{"linear":[0.9974120461889184,-0.06336512481510208,0.03397162160394531,0.06947857978196699,0.9710019260223324,-0.22875311279281382,-0.018491540463573004,0.2305214103246974,0.9728915367671755],"translation":[-5.624892757372059,3.334855659392508,25.32125212402073]},{"linear":[-0.45566813719389326,-0.8876096460301419,0.06719869805653766,0.8901408753923707,-0.45402655227925454,0.03884728795060721,-0.003971234310805025,0.077517779248762,0.9969830606376364],"translation":[-8.06089098860414,-1.4742107645346718,23.904751835398333]},{"linear":[-0.9471591019358839,-0.3139454714838014,0.06578659859593909,0.30933440955397035,-0.9482533077491369,-0.07160926901398292,0.08486376544736922,-0.04747531229633031,0.9952608884289885],"translation":[-8.44849438233856,3.6104067010173475,26.357726715651495]},{"linear":[0.9965432341435073,-0.08205719359071599,-0.01296917355941836,0.0715625599401223,0.9272007934151106,-0.367664913617285,0.04219457900743841,0.3654658748370427,0.9298679002051743],"translation":[-6.398650583137158,3.711040549426709,25.75437259212689]},{"linear":[-0.9156736596658707,-0.2125264775977689,0.34113669593580254,0.2633301178657897,-0.9584460987957861,0.10971929970578354,0.30364287908479015,0.19029863904669225,0.9335884692722357],"translation":[0.3996718020223472,5.366947340407307,13.83821861093749]},{"linear":[0.9954389106667351,-0.02009309506828099,-0.09326115301239182,0.04898971429882178,0.9464951559363141,0.31897794231264986,0.08186197544369153,-0.32209189266367666,0.9431624619633602],"translation":[-3.2892170686909132,0.76689265447779,10.920088805310224]},{"linear":[0.9984990090603857,-0.05473468459108703,0.001960410197331291,0.05464555806522514,0.9980053144288957,0.03161100054444468,-0.0036867179398060897,-0.0314564250097654,0.9994983248792552],"translation":[-1.8997403032689009,0.15877730400728698,5.400293357952645]}],"scale":{"linear":[0.25641025641025644,0.25641025641025644,0.25641025641025644]},"k":-0.013328309254381013,"files":["/tmp/jl_7w7otu/194.345 extrinsic.png","/tmp/jl_7w7otu/intrinsic0001.png","/tmp/jl_7w7otu/intrinsic0002.png","/tmp/jl_7w7otu/intrinsic0003.png","/tmp/jl_7w7otu/intrinsic0004.png","/tmp/jl_7w7otu/intrinsic0005.png","/tmp/jl_7w7otu/intrinsic0006.png","/tmp/jl_7w7otu/intrinsic0007.png","/tmp/jl_7w7otu/intrinsic0008.png","/tmp/jl_7w7otu/intrinsic0009.png"]}