{"intrinsic":{"linear":[1005.0800649388032,1005.0800649388032],"translation":[770.0838700136767,854.1625766880659]},"extrinsics":[{"linear":[-0.8845845922376516,-0.4384317286123766,-0.1590211260232774,0.44107899787499355,-0.8972415941129787,0.020170260959948692,-0.15152365098999931,-0.052298576840717016,0.9870691171600379],"translation":[-11.487564642976304,0.6968225258786789,33.5486681759091]},{"linear":[-0.8820574020374146,-0.39937978486437437,-0.24994104695446426,0.4301148812519843,-0.899113944570147,-0.0812114745901262,-0.19229125938689742,-0.1791365460234102,0.9648492988245388],"translation":[-10.976186555556836,1.266341971403471,30.10572921753618]},{"linear":[-0.8804466677947888,-0.39955218137196236,-0.25528752325556286,0.42815192356263754,-0.9012927688381605,-0.06600965982078516,-0.20371449511182665,-0.16741982917488865,0.9646092500491507],"translation":[-11.014733879964957,1.2643768350820985,30.197704217497552]},{"linear":[-0.8844797352671193,-0.4382834806431014,-0.16000996374343168,0.4411512475283883,-0.8972300808338517,0.01907246316096182,-0.1519248982423646,-0.053719387954887676,0.9869311286264099],"translation":[-11.48693589309999,0.695856760293539,33.55172501876783]},{"linear":[-0.7568663865520396,-0.6330009005044689,-0.16267493005435663,0.60606956776243,-0.7729256560668285,0.18779139816808368,-0.24460775118527928,0.04354067241320539,0.9686440305426376],"translation":[-15.939025384806756,7.459752227698994,32.57021563341442]},{"linear":[-0.08585138549008547,-0.9920648151797796,-0.09185282843626912,0.9652896261329985,-0.10564976222105354,0.23885992845735116,-0.2466687602625205,-0.06815812662437835,0.9667000530079672],"translation":[-9.081926982233536,5.4904589038354485,31.584048898333116]},{"linear":[-0.9575317439687662,-0.1620340650310557,-0.238490924484863,0.13281467433402197,-0.9820450422557685,0.13396938927386787,-0.25591643474712733,0.09660484848276032,0.9618598035451642],"translation":[-9.843312963708328,2.607532834988062,27.352419270298434]},{"linear":[-0.5417268073014325,-0.16421335851001345,-0.8243579557072633,0.11940287521999214,-0.985819414831083,0.11791113065058786,-0.8320306602765282,-0.034555089769277125,0.5536523513278362],"translation":[-6.087678963348442,6.491137114607902,20.57000813257941]}],"scale":{"linear":[0.25641025641025644,0.25641025641025644,0.25641025641025644]},"k":-0.16459823973199908,"files":["/tmp/jl_YSma8c/198.215 extrinsic.png","/tmp/jl_YSma8c/intrinsic0001.png","/tmp/jl_YSma8c/intrinsic0002.png","/tmp/jl_YSma8c/intrinsic0003.png","/tmp/jl_YSma8c/intrinsic0004.png","/tmp/jl_YSma8c/intrinsic0005.png","/tmp/jl_YSma8c/intrinsic0006.png","/tmp/jl_YSma8c/intrinsic0007.png"]}