{"intrinsic":{"linear":[1167.5076813998044,1167.5076813998044],"translation":[871.5849036896499,619.046540770376]},"extrinsics":[{"linear":[0.9633431546884518,0.26755292467613645,-0.01963157691443599,-0.23510486241034412,0.8772242283551274,0.41857300063162745,0.1292117254196187,-0.39861395570651675,0.9079709490562394],"translation":[-21.316629665613544,8.801673331217224,38.206915221269696]},{"linear":[-0.9675954779415356,-0.2523971924751634,0.007392448697627014,0.252406296491479,-0.9659807401859737,0.0563229179039434,-0.007074783286243847,0.05636370126609926,0.9983852365800683],"translation":[-19.731601520903496,13.292406388619918,42.40499979580189]},{"linear":[-0.9697462589437807,-0.24275623806671798,0.025721627946858408,0.24404903043506437,-0.9665387089524093,0.07901262456288127,0.00568014156924772,0.08289953544082584,0.9965417216631969],"translation":[-19.877241716514074,13.371003075665099,42.681292247034804]},{"linear":[0.964547900091801,0.2618711053568415,-0.03272418994694001,-0.2273789387614729,0.8875694063120124,0.4006486829962732,0.13396330331924391,-0.37900405427663686,0.9156471810723105],"translation":[-21.288978618047054,8.721714480168586,38.251061010584905]},{"linear":[-0.9518925044868439,-0.3064306465955921,0.0009585034018509617,0.29638152146712043,-0.9198724790657788,0.2568902800617672,-0.07783735372299644,0.24481601476289427,0.9664400991686012],"translation":[-20.06493998323208,14.453790107429581,42.97426832178082]},{"linear":[-0.9688314640772654,-0.2476903220687864,0.003885687501945262,0.23564997595270612,-0.9166725855067708,0.3227699797283206,-0.0763850970241639,0.31362537418677133,0.9464694615352448],"translation":[-20.213674617080425,14.604055315758272,42.92216498691233]},{"linear":[-0.9598362258126028,-0.27657818371171855,0.047105497689169884,0.2756276795041919,-0.8982263538270198,0.34237231135381146,-0.05238131259287,0.34160492617253585,0.9383827963606877],"translation":[-18.916402483950403,18.488257970295287,41.547473564018745]}],"scale":{"linear":[0.24390243902439027,0.24390243902439027,0.24390243902439027]},"k":-0.19495301274590604,"files":["/tmp/jl_tjVd0A/254.542 extrinsic.png","/tmp/jl_tjVd0A/intrinsic0001.png","/tmp/jl_tjVd0A/intrinsic0002.png","/tmp/jl_tjVd0A/intrinsic0003.png","/tmp/jl_tjVd0A/intrinsic0004.png","/tmp/jl_tjVd0A/intrinsic0005.png","/tmp/jl_tjVd0A/intrinsic0006.png"]}