{"intrinsic":{"linear":[3050.1621558063875,3050.1621558063875],"translation":[938.2150070882768,552.9491070966176]},"extrinsics":[{"linear":[-0.519631238077108,-0.8324735173429615,0.19227901429196567,0.8519548631939228,-0.5218393899424609,0.04308784265549398,0.06446927558671792,0.1862028303413199,0.9803939098536902],"translation":[-20.05940871601374,25.18024060853507,97.25837370829436]},{"linear":[-0.8100025758620724,-0.5800754442282489,0.08607151735741418,0.5824886786165692,-0.8128306153521094,0.003651031338453275,0.0678436907923722,0.05309302920074359,0.996282271181194],"translation":[-14.49719707829962,13.772882909671234,97.67360187342236]},{"linear":[-0.7490835001961301,-0.6125200165403331,0.2523749969219303,0.6472397391246432,-0.7579006839769098,0.08165337301787427,0.14126085739431915,0.22451232163238227,0.9641781928686519],"translation":[-17.284413618282148,20.053246978731,85.26953715331214]},{"linear":[-0.7152420160975084,-0.6426109724747809,-0.27473623070827025,0.598359857330342,-0.7661858025303566,0.23436040010318696,-0.36110156402926896,0.0032332732531456243,0.9325208879160221],"translation":[-16.853299019781012,18.60821997854173,90.82624172573476]},{"linear":[-0.6386693631760413,-0.7290990825348036,0.24599994387645333,0.7666380894298566,-0.6303732303948781,0.12204765559758052,0.06608694557663894,0.2665410254509316,0.9615551972590636],"translation":[-14.45011855818035,10.890714322362918,99.88214493041393]},{"linear":[-0.7137045217191836,-0.15617531149749167,-0.6828141238699245,0.15732021589230946,-0.9856615050314353,0.06100612404310323,-0.682551247416037,-0.06388011879941047,0.7280406067473055],"translation":[-11.80440518699273,12.982132841101736,82.67787540436308]},{"linear":[0.7914893415268665,0.09686900219243355,-0.603457553323852,0.012728049671662293,0.9845333102486669,0.17473453511643935,0.6110504226337816,-0.1459813598547595,0.7780146679684337],"translation":[-13.36031235944761,7.150496559081615,79.98108335411774]},{"linear":[-0.9086456475630067,-0.22528602498792438,-0.35158113446250866,0.08714658392208968,-0.925744227024722,0.367971600862227,-0.40837306482616414,0.303716698710394,0.8608063701256778],"translation":[-11.1187782881529,12.375047558190854,79.5404708925906]},{"linear":[0.6922564953297703,0.05013653539306666,-0.7199078222192916,0.011318485135312886,0.9967066880401256,0.08029738420599528,0.7215627738235844,-0.06373465175917487,0.6894092091038175],"translation":[-14.325950261880745,6.8255909124461995,78.97928254436978]}],"scale":{"linear":[0.25641025641025644,0.25641025641025644,0.25641025641025644]},"k":-0.3710679520975603,"files":["/tmp/jl_c28VTr/386.997 extrinsic.png","/tmp/jl_c28VTr/intrinsic0003.png","/tmp/jl_c28VTr/intrinsic0004.png","/tmp/jl_c28VTr/intrinsic0005.png","/tmp/jl_c28VTr/intrinsic0006.png","/tmp/jl_c28VTr/intrinsic0007.png","/tmp/jl_c28VTr/intrinsic0008.png","/tmp/jl_c28VTr/intrinsic0009.png","/tmp/jl_c28VTr/intrinsic0011.png"]}