{"intrinsic":{"linear":[992.6726982102258,992.6726982102258],"translation":[554.9431964026464,986.0754725539293]},"extrinsics":[{"linear":[0.9993046013580432,-0.025001154253232936,-0.027663260665514083,0.02474920003155955,0.9996493732852149,-0.009413160376564858,0.02788890106189161,0.008721970905886492,0.9995729770362326],"translation":[-12.951356076338154,-1.1749492755426871,34.174318875508284]},{"linear":[-0.9750522027740905,-0.2199479698161614,0.02993480314187302,0.21368078534669485,-0.8935208573935384,0.39491897824279826,-0.06011425653714311,0.3914631118974878,0.9182281351518922],"translation":[-6.224993582075409,5.755232824081394,21.24492218468455]},{"linear":[-0.9757039908394617,-0.21630270168053564,0.03485489213366067,0.21212822531184547,-0.8928631602732705,0.3972366965083604,-0.05480272151996513,0.3949791365028405,0.9170540569898135],"translation":[-6.187101678985615,5.729620577893875,21.132714368423606]},{"linear":[-0.9509225133941537,-0.3093995334611505,0.004278108713924474,0.3025832267019752,-0.9326873739776129,-0.19631009485343776,0.0647283897433488,-0.18538120486383464,0.9805325310485452],"translation":[-7.870263393208228,1.2792974856041794,30.122984253259258]},{"linear":[-0.30209854732606334,-0.9523880757046164,-0.04115119632696099,0.9310907061393585,-0.3040516864470636,0.20155066090094415,-0.20446653673497056,0.022572665424233723,0.9786132587142138],"translation":[-5.187524345385918,11.041012243356235,34.221687699881386]},{"linear":[0.999319962174265,0.009741391078718398,-0.03556288092769375,-0.006098819962447191,0.9948541911842963,0.10113329164081225,0.03636506008645544,-0.10084762556893145,0.9942370636935727],"translation":[-10.381445470253045,-3.5641486456762665,31.34778532356851]},{"linear":[0.923829311669023,-0.10388880006008053,0.36843794609569697,0.1397591492852991,0.9875665512520706,-0.07197004265068058,-0.3563801104048718,0.11798060887352596,0.9268623375872187],"translation":[-3.636511626646951,0.6348662506837871,16.979892532742515]},{"linear":[-0.9415651844144198,-0.05875054034158206,0.33166757078166637,0.10514531525977125,-0.9867323139383067,0.12370854177815735,0.31999916590135485,0.15135294724427048,0.9352501372268865],"translation":[-0.29655281866285343,6.084835368110018,16.112209269245664]},{"linear":[-0.9934854648206162,0.004400244811360448,-0.11387391727592594,0.017463819276579657,-0.9815723396907111,-0.19029124249522983,-0.11261281546271407,-0.19104025701328892,0.9751010070725276],"translation":[-0.4883292194196327,4.375995655177416,15.615073853385944]},{"linear":[-0.9938125183629851,-0.0924353264118877,-0.06158237390803229,0.0850117652780201,-0.9898531972932776,0.11385801496860017,-0.07148201248800805,0.1079182942758221,0.9915865890840098],"translation":[0.5537973867497393,4.019573759975896,7.918579088149015]}],"scale":{"linear":[0.25641025641025644,0.25641025641025644,0.25641025641025644]},"k":-0.07935363571356832,"files":["/tmp/jl_05mJV5/197.766 extrinsic.png","/tmp/jl_05mJV5/intrinsic0001.png","/tmp/jl_05mJV5/intrinsic0002.png","/tmp/jl_05mJV5/intrinsic0003.png","/tmp/jl_05mJV5/intrinsic0004.png","/tmp/jl_05mJV5/intrinsic0005.png","/tmp/jl_05mJV5/intrinsic0006.png","/tmp/jl_05mJV5/intrinsic0007.png","/tmp/jl_05mJV5/intrinsic0008.png","/tmp/jl_05mJV5/intrinsic0009.png"]}