{"intrinsic":{"linear":[1134.1627657896709,1134.1627657896709],"translation":[931.1903974305397,594.6477214123993]},"extrinsics":[{"linear":[0.9696299193560368,-0.21065745434757238,0.12426285212164506,0.23282650350607464,0.9506208737201255,-0.20521153406356316,-0.07489752168624264,0.2279109286001564,0.9707970796566464],"translation":[-22.258008420365012,7.4016424673240735,42.54178738571519]},{"linear":[-0.6091338871073835,-0.10032585002424982,-0.7866960222311797,0.5143185969229234,-0.8050570980829064,-0.2955663202828849,-0.6036822744098792,-0.5846518559307249,0.5419870099182027],"translation":[-19.61980054270474,3.4833365668465177,25.70871223523315]},{"linear":[-0.6046182065272492,-0.09606126202951532,-0.7907016240485848,0.5118076253581256,-0.8074981028144823,-0.2932571713978847,-0.6103194073278756,-0.5819957455929627,0.5373929411060794],"translation":[-19.674639989134093,3.4852138234827135,25.768560236750115]},{"linear":[0.9696286597666306,-0.20619120719807565,0.13155017382492548,0.2288441455312316,0.9546526453087945,-0.19044338754863965,-0.08631696945125189,0.21476385375365453,0.9728442156407318],"translation":[-22.231350541701712,7.370871812886078,42.44899652820052]}],"scale":{"linear":[0.24390243902439027,0.24390243902439027,0.24390243902439027]},"k":-0.1539213536890223,"files":["/tmp/jl_ZgB8hg/267.896 extrinsic.png","/tmp/jl_ZgB8hg/intrinsic0001.png","/tmp/jl_ZgB8hg/intrinsic0002.png","/tmp/jl_ZgB8hg/intrinsic0003.png"]}