{"intrinsic":{"linear":[1028.1886357935866,1028.1886357935866],"translation":[664.2680139988348,862.440948919092]},"extrinsics":[{"linear":[0.05443259938225198,-0.9972250763931858,0.0507862101076288,0.9972286725319026,0.05687528783078155,0.04796015340285509,-0.050715547958697,0.048034869072068,0.9975573089043449],"translation":[-11.592281857853719,0.17836894779837392,33.634659897549774]},{"linear":[-0.23301418365346954,-0.9474997816612544,0.21897158255851976,0.817316710397005,-0.06879144375202312,0.5720674192543486,-0.5269703835341465,0.3122689562194547,0.790436786757478],"translation":[-9.715098467629304,4.602964841535558,19.220854020961195]},{"linear":[-0.23700755809150598,-0.9464154330515092,0.2193746692064192,0.8139215668004601,-0.07014550614666015,0.576724623251438,-0.5304329368587377,0.31524186912488844,0.7869329472363329],"translation":[-9.686112268722177,4.6006369812199015,19.172524554706705]},{"linear":[0.025781240338352995,-0.9980958310856806,0.05603605639229637,0.9978393535544704,0.029082217001266064,0.05891391306209206,-0.06043138377211426,0.05439610853430423,0.9966890745020291],"translation":[-11.509770358072233,0.20949332904387546,33.9662602047308]},{"linear":[0.9232811502112528,-0.3713295964274104,0.09831708133199742,0.37321064086978445,0.9277462890651291,-0.000800417045392153,-0.090916088819036,0.03743199090267984,0.995154817528866],"translation":[-11.256715960145147,2.187796460811369,33.15403046054381]},{"linear":[-0.9835963775926766,0.10582941198999454,0.14607635518596537,-0.06769144885896516,-0.967180697032626,0.24490685380131236,0.16720057935885993,0.23100137412001534,0.9584791763083462],"translation":[-3.3691408450549414,7.118992849711005,18.590853882010943]},{"linear":[-0.9745600650787142,-0.1450300855301767,-0.17087701379905237,0.14721329285124746,-0.9891047644229275,-0.00010678837718075714,-0.16899978095152893,-0.025259439561761486,0.9852923600390701],"translation":[-4.0093929516118525,9.011624767677407,18.761234423100856]}],"scale":{"linear":[0.25641025641025644,0.25641025641025644,0.25641025641025644]},"k":-0.0622461721686982,"files":["/tmp/jl_9DYEIT/448.64 extrinsic.png","/tmp/jl_9DYEIT/intrinsic0001.png","/tmp/jl_9DYEIT/intrinsic0002.png","/tmp/jl_9DYEIT/intrinsic0003.png","/tmp/jl_9DYEIT/intrinsic0005.png","/tmp/jl_9DYEIT/intrinsic0006.png","/tmp/jl_9DYEIT/intrinsic0007.png"]}