{"intrinsic":{"linear":[938.3657445301719,938.3657445301719],"translation":[649.3224677354368,856.360295707934]},"extrinsics":[{"linear":[-0.13646017557932094,-0.9894886675417341,0.04786227415558644,0.9904602173158165,-0.1353407804902506,0.02591198662773042,-0.01916189958137679,0.05094163270620043,0.9985177873536655],"translation":[-11.072598886184265,0.20431046619531112,31.539785942379094]},{"linear":[-0.05558256882223689,-0.9984412629592697,-0.005061863631087848,0.9959408185942097,-0.05508246148140972,-0.07118854047558731,0.07079875635218895,-0.008998158558696817,0.9974500334560804],"translation":[-13.186047856139414,0.5063167964434866,29.92059298649084]},{"linear":[-0.05510275768831352,-0.9984800943595286,0.001089615955282272,0.9957088725442577,-0.055031014610588014,-0.07440046080215185,0.07434734179368005,-0.0030147302891394973,0.9972278496760394],"translation":[-13.183699141838764,0.5019609695709537,29.93474082852767]},{"linear":[-0.13860917115641497,-0.9898745565034076,0.030591829930778136,0.9902844049017642,-0.13818650412548522,0.015533431235118486,-0.011148770321903473,0.03244768812657154,0.9994112529162107],"translation":[-11.073266168734877,0.22336743069155757,31.46433122408856]},{"linear":[0.6665822473377181,-0.7253393136967193,0.17190400676007914,0.7401781986177988,0.6167144156800086,-0.2679544061652578,0.08834218598782559,0.3058532483045385,0.9479712277682559],"translation":[-7.703738339560985,8.697168644429533,26.749882741877478]},{"linear":[0.9685978459963597,-0.2463250317107098,0.03379632352682853,0.248409409620017,0.9645054966934415,-0.0895651274792376,-0.010534606943159028,0.09514791432740548,0.995407402250806],"translation":[-13.492787567421225,3.0108230106228167,31.411427001566082]},{"linear":[-0.06849868547815774,-0.9884422261028974,-0.13524014102518928,0.99588901041739,-0.05969296397652535,-0.06813096932797222,0.05927064212269226,-0.1393510520536028,0.9884676399730634],"translation":[-6.857758730928684,-3.175907061803582,30.52711734566428]},{"linear":[-0.6537967275875407,-0.11440186800303948,-0.7479719590955521,0.07453485561309775,-0.9934340543041891,0.08679478698329868,-0.7529903015939566,0.0009961657275055213,0.6580308604915772],"translation":[-8.590477158138066,4.591456035299591,27.639812701995275]},{"linear":[-0.9217570085350659,-0.29145403013354043,-0.25577053296930763,-0.01407052503192896,-0.6340231507600602,0.7731860478730923,-0.3875126288804176,0.7162884842151263,0.5803143715599196],"translation":[-6.202640456201653,2.729379966934405,23.623588015247492]},{"linear":[-0.6022332477031416,0.002295314937935833,-0.7983168837562328,0.22177150596355152,-0.9601546145317654,-0.17006032851907485,-0.7668979818095659,-0.27945992149625487,0.5777279963561763],"translation":[-6.195402040705902,5.297047189912157,26.572458161101782]},{"linear":[0.9071048583843583,-0.3635057391637378,0.2121894283194098,0.2918476574831313,0.9064560453539189,0.30522513438926174,-0.30329147814784085,-0.21494421470781347,0.9283389811090231],"translation":[-3.3842152147926217,5.326563885623661,25.698541296244137]},{"linear":[0.9852398416292529,-0.08304421695745991,-0.14968671449493084,0.0817694600121563,0.9965434233004471,-0.014661544459779415,0.15038686736442444,0.0022053359263490167,0.98862476532695],"translation":[-4.758457550390645,-2.547954643790448,29.31398858544251]}],"scale":{"linear":[0.25641025641025644,0.25641025641025644,0.25641025641025644]},"k":-0.17085192934804241,"files":["/tmp/jl_3ZpQmF/255.354 extrinsic.png","/tmp/jl_3ZpQmF/intrinsic0001.png","/tmp/jl_3ZpQmF/intrinsic0002.png","/tmp/jl_3ZpQmF/intrinsic0003.png","/tmp/jl_3ZpQmF/intrinsic0004.png","/tmp/jl_3ZpQmF/intrinsic0005.png","/tmp/jl_3ZpQmF/intrinsic0006.png","/tmp/jl_3ZpQmF/intrinsic0007.png","/tmp/jl_3ZpQmF/intrinsic0008.png","/tmp/jl_3ZpQmF/intrinsic0009.png","/tmp/jl_3ZpQmF/intrinsic0010.png","/tmp/jl_3ZpQmF/intrinsic0011.png"]}