{"intrinsic":{"linear":[1005.1344833316859,1005.1344833316859],"translation":[670.7101008293312,891.4954215501491]},"extrinsics":[{"linear":[0.0495458175907299,-0.9979871996363548,0.039582335975189745,0.9984754225981968,0.04852671584846718,-0.026305670801461786,0.024331921967220074,0.04082532560738239,0.9988699867162054],"translation":[-9.270224871270278,7.110635956378371,33.307043339729475]},{"linear":[0.10800583692612031,-0.9938910990443177,0.02269851163329083,0.9921494307242795,0.10920820567039913,0.06093500576630927,-0.06304162357820933,0.015938979099369734,0.9978836117713796],"translation":[-9.201180661764653,6.639307915814791,28.899622664907575]},{"linear":[0.10549362041962546,-0.9915132478086981,0.07597746686095229,0.9929064750311247,0.10923894405989171,0.046942357652188765,-0.05484366774775502,0.07048639954293993,0.9960039355280914],"translation":[-9.244773137636868,6.667691943796152,29.040140841973606]},{"linear":[0.05336196331997217,-0.9974551033210537,0.04728443432488353,0.9912429904856268,0.047183003584559235,-0.1233332801228082,0.12078838803357528,0.053451670053663906,0.9912381571977165],"translation":[-9.747982835016126,3.5853913916436424,29.3516010426774]},{"linear":[0.9732094708005056,-0.22399215010608023,0.051873332600238506,0.2299050530985071,0.9506489947194098,-0.20835103887129547,-0.002644334315545352,0.21469514556652342,0.9766775322316966],"translation":[-15.755157259092497,-3.0757591501768804,30.228718855335277]},{"linear":[0.996054795833674,-0.060777287441811365,0.06466038221316987,0.0594659840782044,0.9979875102304562,0.02201649748769566,-0.06586835685174268,-0.01808454465090033,0.9976644269544849],"translation":[-5.210774741498663,-1.2546365004622455,26.315158105577623]},{"linear":[-0.37203124918129643,-0.7388569448379394,-0.5618568898726352,0.3214431861541496,-0.6704029672193115,0.6687556651114156,-0.870785293690513,0.0681929366451477,0.48691138381027615],"translation":[-12.008630172022404,8.828832157187794,21.58841194891146]},{"linear":[-0.9860498502408861,-0.05474395048994193,0.15719030734966002,0.13068653482887943,-0.839488588681323,0.5274276624223082,0.10308599543267685,0.5406126241206313,0.8349318943405258],"translation":[-5.737186341598815,3.4769993360882134,28.961026341974513]},{"linear":[-0.37608428341280453,-0.8825217588986415,-0.2823401438696339,0.9264636290456644,-0.3532114560074783,-0.13002619505551521,0.015025173057736846,-0.31047868270708295,0.950461588786764],"translation":[-7.039524020851135,5.499272260156093,29.162313279379468]},{"linear":[-0.27607481504371284,-0.9582186967525512,0.07483064674598389,0.8550716308034949,-0.2804166317801096,-0.4361410538073091,0.43890227009396005,-0.056421997615654196,0.8967615934524782],"translation":[-7.275989900663763,5.243537556527733,31.490255034177586]},{"linear":[-0.19825829203680922,-0.9712104120015413,0.1320756800415728,0.7819133262781991,-0.07546462361847739,0.6188025862669649,-0.5910204732724665,0.22595447816301004,0.7743638511519452],"translation":[-6.562197390035301,4.217779036357267,21.703630433116814]}],"scale":{"linear":[0.25641025641025644,0.25641025641025644,0.25641025641025644]},"k":-0.06454576806933601,"files":["/tmp/jl_50CeeF/350.201 extrinsic.png","/tmp/jl_50CeeF/intrinsic0001.png","/tmp/jl_50CeeF/intrinsic0002.png","/tmp/jl_50CeeF/intrinsic0003.png","/tmp/jl_50CeeF/intrinsic0004.png","/tmp/jl_50CeeF/intrinsic0005.png","/tmp/jl_50CeeF/intrinsic0006.png","/tmp/jl_50CeeF/intrinsic0007.png","/tmp/jl_50CeeF/intrinsic0014.png","/tmp/jl_50CeeF/intrinsic0015.png","/tmp/jl_50CeeF/intrinsic0016.png"]}