{"intrinsic":{"linear":[4039.0551799247446,4039.0551799247446],"translation":[897.0773893254074,503.5906813501461]},"extrinsics":[{"linear":[0.9741398808339707,-0.18999048228904555,-0.12229108392827773,0.1511757409310627,0.9503035157596929,-0.27215643165046005,0.16792077871044256,0.2466309886740577,0.9544505055281471],"translation":[-20.44293157936986,15.919576001998484,144.28161818683398]},{"linear":[0.9742816601618784,-0.18990460605690157,-0.12129091998409064,0.15134585362191288,0.9502792436664091,-0.27214663629788266,0.16694214346194486,0.2467905987981927,0.9545809138470982],"translation":[-20.444998361207116,15.920848919457105,144.29141362373196]},{"linear":[0.9782796222880761,-0.16396303261373463,-0.12682706553416132,0.12510983663606712,0.9548617328619238,-0.26941900432749827,0.16527706856305155,0.24769980834072386,0.9546351635861592],"translation":[-20.114812803363122,15.714914858613106,144.14178624110374]}],"scale":{"linear":[0.24390243902439027,0.24390243902439027,0.24390243902439027]},"k":-0.9576073013885025,"files":["/tmp/jl_1cDoWN/191.29 extrinsic.png","/tmp/jl_1cDoWN/intrinsic0003.png","/tmp/jl_1cDoWN/intrinsic0004.png"]}