{"intrinsic":{"linear":[955.5864915388839,955.5864915388839],"translation":[617.2455692130196,971.441760138478]},"extrinsics":[{"linear":[0.9781482288970366,-0.1926412826651737,-0.07820088566446715,0.19220242969162674,0.9812669000587765,-0.013171821046237112,0.07927337715920574,-0.002146406801022147,0.9968506029549357],"translation":[-3.5835796399223394,-0.48361128025668765,37.15484451763428]},{"linear":[0.9812221055800511,-0.1845843887038619,0.055962335261070785,0.18605150748987903,0.9822890550209965,-0.022204705508087057,-0.0508725474278059,0.03219962473040638,0.9981859386333923],"translation":[-6.79506105944315,-2.2492180281382814,11.027364783713763]},{"linear":[0.9812561976528474,-0.18425369423552843,0.05645219861472403,0.1858304578672181,0.9822876776465869,-0.02404078352580957,-0.05102269589835409,0.03408070574731642,0.9981158199322505],"translation":[-6.801012749731005,-2.250271622029704,11.035451422646139]},{"linear":[0.9691584631073242,-0.24156298398344395,-0.04877702488327536,0.2456836242692011,0.962554533712894,0.11457890903086475,0.01927252327536007,-0.12302883563525889,0.9922159419445109],"translation":[-5.891567957400528,-3.2185326811532806,15.859945017918367]},{"linear":[0.9694044229447328,-0.24275891988822815,-0.03637542563174008,0.24546442984881758,0.957772146865172,0.1497321888181508,-0.0015094549295484282,-0.1540799192107144,0.9880572352054487],"translation":[-4.494557188482958,-2.938207049152729,16.210059451276614]},{"linear":[0.610168218939089,-0.7702303875411098,0.18557988766289074,-0.14469930130890152,0.12195794931458018,0.9819309399340147,-0.7789459909373788,-0.6259963328225283,-0.037036934205341966],"translation":[-9.434559680716452,-4.8920165144376835,18.47049762851533]},{"linear":[0.9587464165690656,-0.2650281371376524,-0.10278810846261058,0.25979349770685456,0.6701593483512351,0.6952652633108363,-0.11538044576623113,-0.6932867619843852,0.7113654604997295],"translation":[-9.73005076188456,-2.915826533543902,18.84675739405801]},{"linear":[-0.8992423201013771,0.0035236922845454793,0.4374366620796393,0.07882416209822647,-0.9822947613802329,0.1699522086778046,0.4302906008829443,0.187308796797255,0.8830432681551678],"translation":[0.60793100159657,4.062303833752098,31.53544253950935]}],"scale":{"linear":[0.24390243902439027,0.24390243902439027,0.24390243902439027]},"k":-0.06292599224590412,"files":["/tmp/jl_oXQnzu/198.478 extrinsic.png","/tmp/jl_oXQnzu/intrinsic0001.png","/tmp/jl_oXQnzu/intrinsic0002.png","/tmp/jl_oXQnzu/intrinsic0003.png","/tmp/jl_oXQnzu/intrinsic0004.png","/tmp/jl_oXQnzu/intrinsic0006.png","/tmp/jl_oXQnzu/intrinsic0007.png","/tmp/jl_oXQnzu/intrinsic0009.png"]}