{"intrinsic":{"linear":[3137.2080700739666,3137.2080700739666],"translation":[957.4227930145564,988.1339310867472]},"extrinsics":[{"linear":[0.09262511090603653,-0.9953489891716514,0.026476000162723293,0.9941337245099742,0.09095524869736837,-0.05852589620268149,0.05584556044639194,0.031741652278543336,0.9979347377905314],"translation":[-13.222854761129161,-3.445095767609964,96.57748156509481]},{"linear":[-0.20852561261872898,-0.9674700400596625,0.1432438147667782,0.944003115350039,-0.2373932976908681,-0.22913432833356961,0.2556857193732278,0.08744223120672394,0.9627973146567168],"translation":[-7.772870815450057,-0.4787321791948242,73.81244641453924]},{"linear":[-0.20075318148551402,-0.9670567565613426,0.1565228089209365,0.9399994983062943,-0.2351465643615751,-0.24719837469704836,0.27586065922374464,0.09750550168069165,0.9562392869123487],"translation":[-7.744893025120373,-0.46957008928053,73.43570527237252]},{"linear":[0.03565534393728398,-0.9635708789551036,0.26506576104507173,0.9854993564596493,0.0779292692751436,0.15072507226025597,-0.16589067142648858,0.2558479826379939,0.9523770760122997],"translation":[-12.994899864406472,-3.4066936693296603,95.02943688150928]},{"linear":[-0.7852960594088819,-0.5547185514480177,-0.27494986407760724,0.6186172458866517,-0.720937536315558,-0.3123487983374794,-0.024956004658112124,-0.4153750081681207,0.9093078688875611],"translation":[-14.725926013952064,3.9405160949327027,90.71313396398307]},{"linear":[-0.7182117096782035,-0.6832657160984111,-0.1316050959713837,0.599463953115413,-0.7036128017968737,0.38153898105278167,-0.3532915354156588,0.19513325280965904,0.9149361205305908],"translation":[-5.951413988799484,2.690193727507081,83.35111654455444]},{"linear":[-0.9775175124697169,-0.159833832483406,-0.13752330278423291,0.2017800990679986,-0.8983757364557562,-0.39013565303325815,-0.061190721805891204,-0.4091138987387799,0.9104293017163001],"translation":[-10.10025017315476,2.478185906519522,84.45128328419473]},{"linear":[-0.9599891308591683,-0.14964893834371623,-0.23669825492566865,0.09009883928918273,-0.9653503662146944,0.24490992141580742,-0.26514725680459195,0.21378462456817038,0.9402090546826518],"translation":[-10.753353487231772,0.9777089329574592,76.09743619789967]},{"linear":[-0.9430762402339692,-0.07379433724538256,0.32428629464822456,0.18514722570069667,-0.926496394309229,0.32760484756384867,0.27627470011113153,0.36899705570981456,0.8874195529488811],"translation":[-9.091872505128652,0.3504231071097031,71.5943954214449]},{"linear":[-0.9459071348549243,-0.29357616583624613,-0.1381040444137577,0.32046756729442183,-0.9118436523897306,-0.25659635989029805,-0.050598720763903156,-0.28697419474483254,0.9566010563487852],"translation":[-1.893109014554257,2.303720673524656,32.88919459978564]}],"scale":{"linear":[0.25641025641025644,0.25641025641025644,0.25641025641025644]},"k":-2.456194787718714,"files":["/tmp/jl_q413a2/226.7 extrinsic.png","/tmp/jl_q413a2/intrinsic0001.png","/tmp/jl_q413a2/intrinsic0002.png","/tmp/jl_q413a2/intrinsic0003.png","/tmp/jl_q413a2/intrinsic0004.png","/tmp/jl_q413a2/intrinsic0005.png","/tmp/jl_q413a2/intrinsic0006.png","/tmp/jl_q413a2/intrinsic0007.png","/tmp/jl_q413a2/intrinsic0008.png","/tmp/jl_q413a2/intrinsic0009.png"]}