{"intrinsic":{"linear":[1073.0562534869812,1073.0562534869812],"translation":[850.7545202879942,759.446611856167]},"extrinsics":[{"linear":[-0.9711378625411629,-0.2292707499918551,-0.06577366598535904,0.21101026594035183,-0.9543883669206771,0.2112285793974503,-0.11120215648432046,0.19125315235220372,0.9752211606136227],"translation":[-13.917046134098596,6.618695013578836,35.21931166843613]},{"linear":[-0.970988485172371,-0.2294844750191437,-0.06721783534042033,0.21084318473276498,-0.9542353518530144,0.21208499410778361,-0.11281184828912691,0.19175966468249125,0.974936776353446],"translation":[-13.918413531948472,6.617829665778466,35.23250179081458]},{"linear":[-0.9709633810502644,-0.22954475196053456,-0.06737447221919733,0.21087369607308,-0.9542315793980297,0.21207163220011185,-0.11297077924807376,0.19170628504803358,0.9749288708973413],"translation":[-13.918530060330882,6.617997647586291,35.23336965930785]},{"linear":[-0.9711392938795841,-0.22931133023735134,-0.065610865775717,0.21113148584440894,-0.9544586043560359,0.21078963033285153,-0.11095930591074778,0.19085357317981877,0.975327096945584],"translation":[-13.917578458332304,6.618439789684288,35.221395047219694]},{"linear":[-0.8913629933464509,-0.39493710048936564,-0.2224785399752236,0.3834465194976678,-0.9187076123077978,0.09457848472474631,-0.24174528077623175,-0.0010048605660007842,0.9703392239199975],"translation":[-15.03709347029793,4.351052796908387,30.297732769252523]},{"linear":[0.4955030426456847,-0.8358299106668183,0.236357980960168,0.8608356081461894,0.5088565743535457,-0.005200238913214625,-0.1159257972862334,0.20604210048403404,0.9716521303180877],"translation":[-17.439050378353325,11.986589818982255,33.07355413612031]},{"linear":[-0.6507615900436611,-0.7592821293810852,-3.0436341787648535e-5,0.7005055525960393,-0.6004011298459685,0.3857595806481053,-0.2929186298376455,0.25101619725071395,0.9225993415409676],"translation":[-15.125972176969158,6.653606983024732,34.34051185734447]},{"linear":[-0.913894241360034,-0.39430737994071874,-0.0965349974530143,0.21120211055295546,-0.6649082367516717,0.7164430927839002,-0.3466857137335558,0.634364821553078,0.6909343594502928],"translation":[-9.149340109157235,7.429721368008277,25.8722803157148]},{"linear":[-0.540007349814233,-0.4954661983582862,-0.680371448865247,0.11636211955612,-0.844554686080172,0.5226731668570989,-0.8335777823808737,0.203077887778086,0.5137192348127286],"translation":[-9.984500481544767,7.432589878900497,25.834415332165474]},{"linear":[-0.21415301616837373,-0.6204354733869943,0.7544523238939914,0.8019575275249364,0.3292870202120733,0.49843172287279647,-0.5576760795588053,0.7117793771126762,0.4270450896626859],"translation":[-13.26546645289687,10.268893405176483,26.395294912527543]},{"linear":[-0.9148173917111391,-0.40113655032760615,-0.046889314498039764,0.28927087687374214,-0.7318282184955736,0.6170492836121693,-0.28183594450588534,0.550923703070455,0.7855263036841049],"translation":[-9.956738322905975,3.4830931425589062,27.40129538187117]}],"scale":{"linear":[0.25641025641025644,0.25641025641025644,0.25641025641025644]},"k":-0.13746600948358612,"files":["/tmp/jl_YHCu24/200.0 extrinsic.png","/tmp/jl_YHCu24/intrinsic0001.png","/tmp/jl_YHCu24/intrinsic0002.png","/tmp/jl_YHCu24/intrinsic0003.png","/tmp/jl_YHCu24/intrinsic0004.png","/tmp/jl_YHCu24/intrinsic0005.png","/tmp/jl_YHCu24/intrinsic0006.png","/tmp/jl_YHCu24/intrinsic0007.png","/tmp/jl_YHCu24/intrinsic0008.png","/tmp/jl_YHCu24/intrinsic0009.png","/tmp/jl_YHCu24/intrinsic0010.png"]}