{"intrinsic":{"linear":[654.8335848432242,654.8335848432242],"translation":[739.1115222266629,684.5303449463631]},"extrinsics":[{"linear":[-0.9941441190692946,-0.10727608405279188,0.013012006387749136,0.10805735335649466,-0.9880225453940179,0.11015924009685138,0.001038703772085611,0.1109202036755452,0.9938287727325315],"translation":[-8.415292605911503,13.94551742540435,25.6073854976394]},{"linear":[0.9715524679397457,0.21513821959756002,0.0990017601287031,-0.23221065317703798,0.7832777746220293,0.5766750734462647,0.046518970230247,-0.5832593541912152,0.810952841512479],"translation":[-12.7740676368393,0.567081517184478,16.344661802194917]},{"linear":[0.9720034427663047,0.21419904492751582,0.0965819672743902,-0.22999463947423657,0.7832310555084014,0.577625812702576,0.04808090123497339,-0.5836676133205743,0.8105679145494826],"translation":[-12.779351440609616,0.5655422462672504,16.343850283763103]},{"linear":[0.9856380870752673,-0.036549624312210205,0.1648686940241956,-0.06037901722555167,0.8354865827658028,0.5461836177488282,-0.1577083878095394,-0.5482939859062452,0.8212805668184034],"translation":[-12.815993269005878,5.534871484839081,20.30030975337249]},{"linear":[-0.9935589609087443,-0.11165402467549346,0.019338303227037328,0.11314046020887938,-0.9869687969480572,0.11441953554628648,0.006310900225762191,0.11587049937179536,0.993244280081024],"translation":[-8.445719204989594,13.963475003506614,25.605810020570996]},{"linear":[-0.99704423978326,-0.07551989812133203,0.014125470001558092,0.07299996377664658,-0.9885191485107239,-0.13229096082590786,0.023953897462199666,-0.13086878166842247,0.9911102727653434],"translation":[-8.277828415177018,13.757689833052849,24.608646629823447]}],"scale":{"linear":[0.24390243902439027,0.24390243902439027,0.24390243902439027]},"k":-0.056599188039034604,"files":["/tmp/jl_cibPie/127.454 extrinsic.png","/tmp/jl_cibPie/intrinsic0001.png","/tmp/jl_cibPie/intrinsic0002.png","/tmp/jl_cibPie/intrinsic0003.png","/tmp/jl_cibPie/intrinsic0004.png","/tmp/jl_cibPie/intrinsic0005.png"]}