{"intrinsic":{"linear":[1710.3449010645604,1710.3449010645604],"translation":[931.645439139348,529.8975829789792]},"extrinsics":[{"linear":[-0.939835448441535,-0.3319834681794605,-0.08059966940524976,0.30247023149782276,-0.9182971030275837,0.25542550700507666,-0.15881148859686428,0.2156789452558688,0.9634632861001833],"translation":[-14.156003399578864,8.049612664467592,55.66430808639628]},{"linear":[-0.8320840819201123,-0.5255638132104612,0.17725337474599268,0.5521532149915802,-0.754615323773882,0.3545173342730945,-0.05256336927581477,0.39285925134750066,0.9180951480326294],"translation":[-12.302753109496296,22.23978401518813,49.984466511476576]},{"linear":[-0.9460163367184401,-0.3208314686128306,-0.04604627465450035,0.298180991518402,-0.9171699547225673,0.26436219557891955,-0.12704797109330807,0.23636083199620567,0.9633236061361394],"translation":[-14.158910276185125,8.055199219824534,55.664370800675854]},{"linear":[-0.9423902213379826,-0.06144482964971902,-0.32882397059196483,0.03129988572344995,-0.9948697697822483,0.09620009525522968,-0.33304802638695713,0.08036587635765133,0.9394787586938937],"translation":[-13.02256732617937,14.101023163048534,54.89609586049965]},{"linear":[-0.29923869396812136,-0.9396185979084688,-0.16605148146516502,0.9236520017811853,-0.32891196062485045,0.1966822355057162,-0.23942260469275278,-0.09451884797457008,0.9663037843968623],"translation":[-16.650206370579966,20.89288147460951,47.79065916542427]},{"linear":[-0.09134961505772782,-0.692150039076124,0.7159494194674125,0.9958167906090171,-0.0649668262052176,0.0642513115350829,0.002041413716565965,0.7188237857081116,0.6951893250980605],"translation":[-15.006864580496757,12.146959261515045,38.07421116193904]},{"linear":[-0.8671441559764486,-0.22343840040722066,-0.44512503184987845,0.260009442819647,-0.9653566913922238,-0.021944202625653074,-0.424801250469569,-0.1347654985807626,0.8951995073679214],"translation":[-12.082888247925265,13.952388163431133,42.87893174067674]},{"linear":[-0.9727390970647977,-0.04852336662889051,0.22676889542563164,0.12523102444068201,-0.9329368268089645,0.33755898403265466,0.19518155537627033,0.35675532241946856,0.9135807574408962],"translation":[-9.651776265739162,11.200187681296823,37.09509507400993]},{"linear":[0.09963191165587798,-0.9938253955958585,0.04883201049036048,0.8894580125468716,0.1109528711813344,0.4433440022068498,-0.44602458014773616,-0.0007371874616121932,0.8950204078448056],"translation":[-16.674673716312647,11.926465584646532,40.85351955861139]}],"scale":{"linear":[0.25641025641025644,0.25641025641025644,0.25641025641025644]},"k":-0.2618529318743674,"files":["/tmp/jl_a5t4DZ/309.25 extrinsic.png","/tmp/jl_a5t4DZ/intrinsic0004.png","/tmp/jl_a5t4DZ/intrinsic0005.png","/tmp/jl_a5t4DZ/intrinsic0006.png","/tmp/jl_a5t4DZ/intrinsic0007.png","/tmp/jl_a5t4DZ/intrinsic0008.png","/tmp/jl_a5t4DZ/intrinsic0009.png","/tmp/jl_a5t4DZ/intrinsic0010.png","/tmp/jl_a5t4DZ/intrinsic0011.png"]}