{"intrinsic":{"linear":[1045.4838639770373,1045.4838639770373],"translation":[573.0485826303625,880.1794394754198]},"extrinsics":[{"linear":[0.3648166682118177,-0.9308827017582497,0.01913620030439417,0.8887153543782136,0.34201495793342707,-0.30530441765916577,0.27765773442718034,0.12838677547573824,0.9520625076095097],"translation":[-5.172835787824285,10.885043560464744,33.80133703142801]},{"linear":[0.3112838965490705,-0.9472281029373236,0.0765588450473661,0.9363481731193289,0.29194928030780987,-0.19498132326930007,0.16234048923581246,0.13238028075778868,0.9778144132815625],"translation":[-4.607542730850906,11.033270858606134,34.595844885872566]},{"linear":[0.3906516951092357,-0.8959353871083482,-0.2114025431145406,0.9187919991185933,0.39362936571789897,0.02961730575497458,0.056679056660637925,-0.20580501590471267,0.9769502443648405],"translation":[-2.4932084111011665,1.093367434393131,30.829226560664818]},{"linear":[-0.37240386771896977,-0.8581077430691213,0.3535059555265947,0.9073224704952121,-0.4167242938008218,-0.05573865347019977,0.1951442898022299,0.2999866067694107,0.9337701761764283],"translation":[-3.088526540292923,2.814032842827632,34.07827053171862]},{"linear":[-0.8101851448320061,-0.5328030972381664,0.24437858062227644,0.5502463635957181,-0.8349939817007301,0.003740303898059086,0.20206179857466958,0.13749876398345534,0.9696726867658962],"translation":[3.038617567775201,5.172335890368759,25.60007108113151]},{"linear":[-0.7327750242629485,-0.5948380738196477,-0.3304669873844696,0.5470456409035087,-0.8037899160676547,0.23380085029020412,-0.40469967949691427,-0.009457101167086618,0.9144007505752665],"translation":[1.5062040327602255,7.135202528325177,25.618663368514124]},{"linear":[-0.8899062036619304,-0.44958841474956196,0.07705326733492382,0.45253859082704156,-0.8913811076430648,0.02546654176167223,0.05723436464473783,0.05753241051789347,0.9967016851815362],"translation":[-0.513928492602816,5.029926420355085,13.099208042022184]}],"scale":{"linear":[0.25641025641025644,0.25641025641025644,0.25641025641025644]},"k":-0.12688372776282578,"files":["/tmp/jl_4HqHf0/268.4 extrinsic.png","/tmp/jl_4HqHf0/intrinsic0003.png","/tmp/jl_4HqHf0/intrinsic0004.png","/tmp/jl_4HqHf0/intrinsic0005.png","/tmp/jl_4HqHf0/intrinsic0006.png","/tmp/jl_4HqHf0/intrinsic0007.png","/tmp/jl_4HqHf0/intrinsic0008.png"]}