{"intrinsic":{"linear":[931.8253225772025,931.8253225772025],"translation":[501.51699613314685,951.3042154586741]},"extrinsics":[{"linear":[0.06834023981164533,-0.9975374009494493,-0.015771662230231,0.9970574898863436,0.06884056528754662,-0.03372444858607674,0.03472712893446167,-0.013420517050721384,0.9993067177989252],"translation":[-4.718273610117321,9.806720634937733,30.811501847199207]},{"linear":[0.06817121191547948,-0.997526962312401,-0.01710687948660123,0.9970399743483147,0.06872892852363244,-0.03446192007863038,0.0355524319489859,-0.014706931827805969,0.9992595912668166],"translation":[-4.7185598177694565,9.806683385725268,30.8153177154999]},{"linear":[0.0681877241322269,-0.9975246899306628,-0.017173446258753604,0.997033998538993,0.06874973808709256,-0.03459305234152307,0.03568809374307506,-0.01476368828210416,0.9992539184177835],"translation":[-4.718485445225034,9.806385388646607,30.814802177563635]},{"linear":[-0.43574955928055475,-0.8915742896323035,-0.12335966785564835,0.8826567849267254,-0.3964603991925089,-0.2524601986352165,0.17617979909631776,-0.21889366811027217,0.9597115402305065],"translation":[-4.273527728291875,8.748608257475807,26.92106040800006]},{"linear":[0.516885197838175,-0.8560333903612674,-0.006043744070090042,0.84836121809133,0.5131714915274004,-0.13014708572280043,0.11451172819578531,0.06214382407075776,0.9914762776967874],"translation":[-4.97094651598923,-6.482635200973267,31.329279043029924]},{"linear":[0.8424134437673314,-0.4486666254592129,0.2983921060603098,0.5180610910499528,0.8266819902394513,-0.2195668302678529,-0.14816307131062506,0.33955138964931647,0.9288447438011482],"translation":[-8.527346262028217,-1.5535372080195362,29.5429000628892]},{"linear":[0.982507726718053,-0.18406932369456971,0.028232091915898264,0.1831924205052017,0.9825870897568753,0.031034627636882292,-0.0334530119536248,-0.025319856195055737,0.9991195128078986],"translation":[-3.6792580556893233,4.436636563916432,30.158207950195298]},{"linear":[0.9867216332918997,-0.03759609209688663,-0.15800934229598,0.028368321660707917,0.9977797721404641,-0.060255826552111265,0.1599239091565747,0.05497326774320339,0.9855974244658484],"translation":[-4.048522635646137,-1.5792153966787943,21.820455178269306]},{"linear":[-0.8287845099376985,-0.09802767382556521,0.5509145226363862,0.1654572144128172,-0.9834427787153296,0.0739203029716608,0.5345466736273642,0.1524167843677975,0.8312815272558992],"translation":[-3.2442866630587437,5.024945837080179,20.786116178440192]},{"linear":[-0.8890701352991977,-0.13468175210611594,-0.43751013721820536,0.212799415134175,-0.9677930763651349,-0.13451011210411304,-0.40530322406516733,-0.2126908248828208,0.8890961194230047],"translation":[-1.7116743151267422,6.228923488213843,21.37962917630681]},{"linear":[-0.34323600881649485,-0.5443758879084227,0.7654044257225324,0.8795707227578936,-0.472141416825879,0.058632978645199674,0.3294607501947385,0.6933522735100593,0.6408730286878611],"translation":[-4.217192531714626,11.78025451732588,17.488221718726486]},{"linear":[0.9159761917655318,-0.05145469035160651,0.3979196287688432,0.005184183277776561,0.9931779170758421,0.11649355894912874,-0.4011991280679161,-0.10464243820607394,0.9099940767740369],"translation":[-4.239316550834435,-0.4024840697875071,12.513233294164447]}],"scale":{"linear":[0.25641025641025644,0.25641025641025644,0.25641025641025644]},"k":0.027314249435621572,"files":["/tmp/jl_jUnszl/462.408 extrinsic.png","/tmp/jl_jUnszl/intrinsic0001.png","/tmp/jl_jUnszl/intrinsic0002.png","/tmp/jl_jUnszl/intrinsic0003.png","/tmp/jl_jUnszl/intrinsic0004.png","/tmp/jl_jUnszl/intrinsic0005.png","/tmp/jl_jUnszl/intrinsic0006.png","/tmp/jl_jUnszl/intrinsic0007.png","/tmp/jl_jUnszl/intrinsic0008.png","/tmp/jl_jUnszl/intrinsic0009.png","/tmp/jl_jUnszl/intrinsic0010.png","/tmp/jl_jUnszl/intrinsic0011.png"]}