{"intrinsic":{"linear":[905.3548749821987,905.3548749821987],"translation":[672.3326724538044,835.2877488326292]},"extrinsics":[{"linear":[-0.7541680532272957,-0.647576478816436,0.10897362788792907,0.6566491966969012,-0.7420297547866469,0.13492099721163814,-0.006509989912823491,0.1733105510203422,0.9848457102187937],"translation":[-5.745611625204976,16.29601487209787,28.029025824210837]},{"linear":[-0.754103847162677,-0.6474407847011604,0.11021714022780527,0.6567362060631189,-0.7421110936213523,0.1340473064628352,-0.004994330813100446,0.173469176021754,0.984826635317132],"translation":[-5.746914069850468,16.294692450027505,28.024409407745285]},{"linear":[-0.759627896614331,-0.6435369389593244,0.09394502051811915,0.5102902782304934,-0.5002209231856712,0.6995590467935644,-0.40319882270256285,0.5793437979318821,0.708372411355164],"translation":[-4.8917419277379235,14.803237330237232,24.32216644996409]},{"linear":[-0.9478014045804376,-0.3092113175173997,-0.07785151632757753,0.2864008094424554,-0.9328780571518706,0.2184333006555028,-0.14016801998335998,0.18473465187588586,0.9727415044965643],"translation":[-3.4427406114166064,5.351640612542706,29.32567357953165]},{"linear":[0.998795697418691,-0.005318214433057675,0.04877367541158314,0.010659934414451715,0.9938827908317033,-0.10992435529428506,-0.04789071534431325,0.11031189729049466,0.9927425470382446],"translation":[-9.068744041846024,7.708820109913661,25.67539637569832]},{"linear":[-0.5272926812633922,-0.25563380632006566,-0.810317089386851,-0.08002297764288574,-0.9344895453127973,0.34687982465148876,-0.8459070583316046,0.24775117914431105,0.4722929195926768],"translation":[-4.425094194056998,8.499069276408289,20.8723791670505]},{"linear":[0.9668082323202211,-0.1376172219426297,0.2152750383640487,0.2546389901564834,0.4497375237432923,-0.8560929531478099,0.02099587125927392,0.8824951331095514,0.4698526507619378],"translation":[-7.142189490621626,8.636734766432221,25.669396659613124]},{"linear":[-0.9864609725185554,-0.13793701519177026,0.08870247763017514,0.1462157902414183,-0.9846991261915868,0.09480808806005596,0.07426770753041959,0.10649418161341541,0.9915358273409314],"translation":[-2.618294668496587,9.911346749966377,18.836019137985115]}],"scale":{"linear":[0.25641025641025644,0.25641025641025644,0.25641025641025644]},"k":-0.11290231317909624,"files":["/tmp/jl_x6geQO/285.0 extrinsic.png","/tmp/jl_x6geQO/intrinsic0003.png","/tmp/jl_x6geQO/intrinsic0004.png","/tmp/jl_x6geQO/intrinsic0005.png","/tmp/jl_x6geQO/intrinsic0006.png","/tmp/jl_x6geQO/intrinsic0007.png","/tmp/jl_x6geQO/intrinsic0008.png","/tmp/jl_x6geQO/intrinsic0009.png"]}