{"intrinsic":{"linear":[1574.758688657999,1574.758688657999],"translation":[741.9205563384182,904.9302613691875]},"extrinsics":[{"linear":[0.8788039147823052,-0.47625986648784463,0.02966848388905978,0.4729900470176019,0.8611724371645304,-0.18617854035948858,0.0631196861967936,0.1776473277060013,0.9820678857254905],"translation":[-4.097418558619893,-2.2649165800407207,52.46116117280501]},{"linear":[0.8540929447765002,-0.4976684760852267,0.1511665624204452,0.18209145841769647,0.558350466749248,0.809374732155763,-0.48720421021818205,-0.6637551085994781,0.5675043729820701],"translation":[-6.914094180521034,-10.620798318567937,31.789697602274828]},{"linear":[0.8477063438765626,-0.5060939145197753,0.15894308489985073,0.1823350530197447,0.559364611665571,0.8086192921619615,-0.49814443988838986,-0.6564908079343343,0.5664555905858879],"translation":[-6.894453741975879,-10.596300912540626,31.718143306281668]},{"linear":[0.878857686092449,-0.4761505706365733,0.029829543722491438,0.4729310132092883,0.8612706779640157,-0.18587381747906445,0.06281261291382735,0.17746394947106942,0.9821207269460651],"translation":[-4.097910280653069,-2.2653120875615222,52.4532140922898]},{"linear":[0.8788690384745363,-0.47605080145372847,0.031061996814545446,0.47308975723553026,0.8613137660286894,-0.18526920426315677,0.06144342771746302,0.17752247994194717,0.9821967594660399],"translation":[-4.097514556341131,-2.264294975494496,52.466119017460336]},{"linear":[0.2681259031680173,-0.9599832594144023,-0.08087423381049721,0.9422793910268589,0.2788016444187743,-0.1854162676666725,0.20054438236058061,-0.026491219554549694,0.9793263837914946],"translation":[-8.54701446838267,1.9348942779367009,51.80607605165913]},{"linear":[0.7261105894729832,-0.6140973907481857,-0.3092697956986211,0.6486804747089434,0.7609665113514862,0.011983752873300085,0.2279847661283019,-0.20931880774984996,0.9508988290746839],"translation":[-9.916752304707671,8.538154757493718,56.348779344927465]},{"linear":[-0.7223837141347348,-0.6334977914873092,0.277204469180436,0.6172245181309506,-0.7714573160322856,-0.15455582731905626,0.3117621910542097,0.059448782333734004,0.9482985703395922],"translation":[-11.400142450243095,3.365830118650245,57.8565566185812]},{"linear":[-0.6156478225343958,-0.21518132965227887,-0.758073053193249,-0.005106319957965663,-0.9608859405211279,0.2768973362192471,-0.7880048756861496,0.17434220567007064,0.5904685522675622],"translation":[-5.619931326789395,5.565156366108702,43.054408826082835]},{"linear":[-0.810032044100312,-0.17466484591249642,0.5597680583358025,0.35630137072058155,-0.9047819712147444,0.23327862694082507,0.46572247181481935,0.38840928949643544,0.7951357136235105],"translation":[-6.037880358939195,6.848598351081607,44.68634838157521]},{"linear":[-0.9144372622070195,-0.1314167296337696,-0.38279777514987595,0.20853856090300088,-0.9635888302322455,-0.1673566098729228,-0.34686620202008106,-0.2328652172910695,0.9085469874872444],"translation":[-4.69260683848109,7.6752927337662555,44.50884594655853]}],"scale":{"linear":[0.25641025641025644,0.25641025641025644,0.25641025641025644]},"k":1.299604193490576,"files":["/tmp/jl_fPKdAK/564.0 extrinsic.png","/tmp/jl_fPKdAK/intrinsic0001.png","/tmp/jl_fPKdAK/intrinsic0002.png","/tmp/jl_fPKdAK/intrinsic0004.png","/tmp/jl_fPKdAK/intrinsic0005.png","/tmp/jl_fPKdAK/intrinsic0006.png","/tmp/jl_fPKdAK/intrinsic0007.png","/tmp/jl_fPKdAK/intrinsic0008.png","/tmp/jl_fPKdAK/intrinsic0009.png","/tmp/jl_fPKdAK/intrinsic0010.png","/tmp/jl_fPKdAK/intrinsic0011.png"]}