{"intrinsic":{"linear":[930.9744776743054,930.9744776743054],"translation":[537.7926764710998,907.8490981959743]},"extrinsics":[{"linear":[0.9685680281750924,-0.13238413411786412,-0.2105953841632739,0.12198023937540066,0.9906124694303444,-0.06170702238023681,0.21678744428341207,0.034078973619791654,0.9756238145710099],"translation":[-3.4515689870659005,0.9854215166826977,37.74725001178244]},{"linear":[0.9687385814427496,-0.13233102779857328,-0.2098429410441585,0.12183303859046506,0.9905967332975438,-0.0622480737697889,0.21610708348433003,0.03473630754711929,0.975751565412984],"translation":[-3.451529026761284,0.9862718602094126,37.75978267388576]},{"linear":[0.9691394924036567,-0.13213182930755907,-0.20811012456730854,0.12168218256483966,0.9906122703298081,-0.0622958772173572,0.2143877111912892,0.03505010065407932,0.9761195622126928],"translation":[-3.4516081045477276,0.9871175981517275,37.76292478059942]},{"linear":[0.7312179146260405,-0.18465513847002005,-0.6566755981202305,0.18448338429298125,0.9803226019120566,-0.07023871510914308,0.6567238706258155,-0.06978592993571762,0.7508952535029465],"translation":[-4.2574088998570545,0.9159954511639002,36.827009801831174]},{"linear":[-0.9639615561693315,-0.04960058481540801,-0.2613769312957245,0.05453422432367849,-0.9984439170803671,-0.011651730456357236,-0.2603922744726024,-0.025485808427091458,0.9651664814755029],"translation":[0.4210819925546712,5.286887413354352,35.8890945226085]},{"linear":[-0.9541280344632922,0.14244578559352364,0.2633417779575775,-0.028239929689389896,-0.9184642973557732,0.39449441168906774,0.2980640874415308,0.3689614243378422,0.8803551937304839],"translation":[-0.7896995148595061,4.1676024803853,32.44186977526774]},{"linear":[-0.9638915433906897,0.1244775320368241,0.23541120746034008,0.006062808635407667,-0.8735364907805278,0.48672090732399326,0.26622609738972675,0.47057341966250305,0.8412397528503829],"translation":[-0.15096821435953442,3.2786357675442646,33.203596646170006]},{"linear":[-0.18851325306365224,-0.968435904174737,0.16307867096778406,0.939932066820599,-0.22603992814265966,-0.255800040358906,0.28458823444006975,0.1050611745152348,0.9528754831706832],"translation":[-13.758339557023001,4.657558794560829,33.208833977372116]},{"linear":[0.9818194029419298,-0.049513426871682864,-0.1832459564797402,0.040113966357007466,0.9976993424597114,-0.054652463426348594,0.18553040103945553,0.046308126877277284,0.9815467526691006],"translation":[-11.236259457017448,1.6169780514456567,39.15068731189838]},{"linear":[0.9697685312200868,0.005754472100512283,-0.24395877091443163,0.12554824626530808,0.8454949374152276,0.5190144012114943,0.20925255963772882,-0.5339524293942906,0.8192119197307823],"translation":[-11.839178649069854,2.861690815287094,34.790827457843356]},{"linear":[-0.9213211430249041,-0.2407536820098912,-0.30529496558895997,0.2707325708976386,-0.9608253117632188,-0.059317748863794484,-0.2790541640442571,-0.13730398710086059,0.950408537764559],"translation":[-10.324173975025824,5.480241702418914,31.220946585012868]},{"linear":[0.811847817543956,-0.5823562781212758,-0.042003410359765486,0.5500813627449607,0.7870028499364264,-0.2793510489555921,0.19573864081923759,0.20368524621257666,0.959269881193796],"translation":[3.8492639340650134,-0.0018194396149895573,30.135366615179993]},{"linear":[0.7152876289049515,-0.20359173993561902,-0.6685162760662746,0.1997733784338664,0.9762721190306995,-0.08356642191949218,0.6696672346805177,-0.07377772721692266,0.7389875788956495],"translation":[4.976903472098541,-0.23266709490319631,34.9800990074048]},{"linear":[0.9949677625581748,-0.037258648663239274,-0.0930104540886078,0.032993079044728035,0.9983505495996492,-0.046985496158139774,0.09460765405149864,0.04368035272141856,0.994555890124333],"translation":[-5.362371545488111,-1.9029056948930698,26.476067118013635]}],"scale":{"linear":[0.24390243902439027,0.24390243902439027,0.24390243902439027]},"k":-0.0956126189630518,"files":["/tmp/jl_hhiTwn/455.487 extrinsic.png","/tmp/jl_hhiTwn/intrinsic0005.png","/tmp/jl_hhiTwn/intrinsic0006.png","/tmp/jl_hhiTwn/intrinsic0008.png","/tmp/jl_hhiTwn/intrinsic0011.png","/tmp/jl_hhiTwn/intrinsic0012.png","/tmp/jl_hhiTwn/intrinsic0013.png","/tmp/jl_hhiTwn/intrinsic0016.png","/tmp/jl_hhiTwn/intrinsic0017.png","/tmp/jl_hhiTwn/intrinsic0018.png","/tmp/jl_hhiTwn/intrinsic0019.png","/tmp/jl_hhiTwn/intrinsic0020.png","/tmp/jl_hhiTwn/intrinsic0021.png","/tmp/jl_hhiTwn/intrinsic0022.png"]}