{"intrinsic":{"linear":[826.8837306325587,826.8837306325587],"translation":[542.2286270817847,964.675047241467]},"extrinsics":[{"linear":[0.9613324044887588,-0.2665378490134853,-0.0692645878001609,0.26877430887602527,0.9628760921675164,0.025099841043872737,0.06000315798419851,-0.04274583225856282,0.99728251506604],"translation":[-8.72801867595971,-6.767087572160695,27.52237013393943]},{"linear":[0.9612227893606906,-0.2664395134456975,-0.07113884233295709,0.2687518779742808,0.9628844001087,0.025021193269026368,0.061831846963766646,-0.04316963866108495,0.9971525485094648],"translation":[-8.727387656214837,-6.765823614599773,27.52955200591399]},{"linear":[0.790188575907924,-0.6077267061271312,-0.07918500593214688,0.6115716254417858,0.7902988101152658,0.037522495717730454,0.03977639323894022,-0.07807715024424514,0.996153500797261],"translation":[-13.499909124585947,2.683745784051901,28.003780628365547]},{"linear":[0.35169608715240863,-0.9034695014222547,-0.24505656955386437,0.930528569332038,0.3659608339446574,-0.013756804694455282,0.102109960036012,-0.22319392468961466,0.9694111759429487],"translation":[-4.415474157715378,-8.94875667728919,26.4157361820687]},{"linear":[0.9311486241219864,-0.17621865475599544,-0.3192322438472011,0.3082773896182731,0.8480165958472949,0.4310834074952423,0.19474930255555484,-0.49981480458621164,0.8439537133460413],"translation":[-13.115939904585447,2.854014030977522,22.284015828714843]},{"linear":[0.9215076867723008,-0.2401806141969917,-0.3051833150477251,0.3827960345168917,0.4291958026473194,0.818082000136946,-0.065504039399917,-0.8706918143372426,0.487447417952352],"translation":[-6.4944716843594215,-4.839151712539155,14.88557823674871]}],"scale":{"linear":[0.25641025641025644,0.25641025641025644,0.25641025641025644]},"k":-0.07327742327629568,"files":["/tmp/jl_ftarrZ/165.907 extrinsic.png","/tmp/jl_ftarrZ/intrinsic0003.png","/tmp/jl_ftarrZ/intrinsic0004.png","/tmp/jl_ftarrZ/intrinsic0005.png","/tmp/jl_ftarrZ/intrinsic0006.png","/tmp/jl_ftarrZ/intrinsic0007.png"]}