{"intrinsic":{"linear":[6772.785865810042,6772.785865810042],"translation":[959.5139186676378,539.4828295629263]},"extrinsics":[{"linear":[-0.03702742185792446,-0.9986197784790066,0.03724926926927341,0.9928829112857153,-0.040985674769950464,-0.11181993981600087,0.11319228996427941,0.03284375883164693,0.993030106793571],"translation":[-20.246249738423412,18.533712375739547,230.37061247620267]},{"linear":[-0.9364589973177412,-0.34930127785571335,0.032142862831685444,0.34655899504451565,-0.9354733953530563,-0.06918373754257495,0.054234760959980054,-0.05364833524901089,0.9970859776511871],"translation":[-10.802610162008424,20.32888461490353,224.36298442178975]},{"linear":[-0.9364220221161347,-0.34935687340238175,0.03261244398142273,0.3465819135138922,-0.9354548940955358,-0.06931896088198779,0.05472452577207166,-0.05360891828065413,0.9970613372104045],"translation":[-10.80399441893841,20.33089538303344,224.38837221168507]},{"linear":[-0.9927475477368765,-0.11979524667069788,-0.010070021724157916,0.11885626960569173,-0.990625991421775,0.06733002521197201,-0.01804144223274524,0.0656448322012656,0.9976799398441518],"translation":[-12.384854181981774,17.93669985026918,199.2372785623859]},{"linear":[0.9589357286709649,-0.15344098790403768,-0.2385332922451678,0.08351760738906924,0.9564969270601865,-0.27953253438629544,0.271048109261605,0.2481320046980097,0.9300341019071591],"translation":[-24.432329655660173,11.563436727079697,223.6645389351105]},{"linear":[0.8777803379499434,-0.47100052866371456,-0.08752245601549738,0.4516803178293334,0.8745600003976475,-0.17643609661874574,0.15964513395050792,0.11533996576628777,0.9804132411911601],"translation":[-26.840638127544114,13.14561957517311,235.01321850574837]},{"linear":[-0.8307076803387854,-0.5562855887541142,-0.02170469006096963,0.5566807784240758,-0.8296426687201077,-0.04242114062755148,0.005591132203692907,-0.04732215108663257,0.9988640314162958],"translation":[-8.877820161252854,17.002856228636105,222.57435432494012]},{"linear":[-0.036783756018159364,-0.9985743364824623,0.038681388442073326,0.9932094505905903,-0.04080643781209975,-0.10894871220269053,0.1103718376703676,0.03441117771447643,0.9932944821640601],"translation":[-20.25077017802254,18.535922720493048,230.3880281062319]},{"linear":[-0.03683816667926626,-0.9985105920163448,0.0402435970917021,0.9928028086125544,-0.041160341978322246,-0.11246514775365435,0.11395408148343936,0.03581094636275645,0.9928403917215847],"translation":[-20.245646497184822,18.53391177374138,230.3593841457774]},{"linear":[0.13427580636671094,-0.8327084043862503,0.5371840663023008,0.9907107322765356,0.12456941301629548,-0.05454086809784034,-0.02150006457339082,0.5395175387374174,0.8416998114637185],"translation":[-16.16103216651544,14.918461147181565,205.60662122946806]},{"linear":[0.09417484703927026,-0.9948343482924695,0.037890864896797743,0.9343394063173516,0.10146029191817174,0.34163677051280406,-0.3437164121593105,0.0032293376064914114,0.9390679418396488],"translation":[-15.976256083434826,16.550512529948485,213.04080718127094]},{"linear":[-0.04534292122289224,-0.8237000304906423,-0.565209942644934,0.9989669295434249,-0.03909514466785596,-0.02316556370955114,-0.003015488941524036,-0.5656764352817911,0.8246217783889345],"translation":[-16.04576456047288,17.15349236095148,213.53862966334393]},{"linear":[0.16508610542249225,-0.9853172316810093,0.04354917621386381,0.8643698729409217,0.12327471891764852,-0.4875121192625571,0.4749855793058656,0.11812407302598041,0.8720294735977816],"translation":[-16.11508958687005,16.269000930249767,212.55059787727356]},{"linear":[0.09352280733376811,-0.9386449392094017,-0.33196259217717544,0.9913850384859039,0.11850647933142228,-0.05578458409609627,0.09170163561635186,-0.32388561631083584,0.9416416078170271],"translation":[-13.027360032434702,13.42231291794941,177.08534997712178]},{"linear":[0.5145046379807257,-0.8380750985271097,0.1814252097286866,0.8574530542152545,0.5009375454476575,-0.11762582785174386,0.007696578022368367,0.21608263416955004,0.9763447433653207],"translation":[-10.403348413908246,4.27001840535584,147.9679417881038]}],"scale":{"linear":[0.25641025641025644,0.25641025641025644,0.25641025641025644]},"k":0.0062173232043713,"files":["/tmp/jl_8jtnPi/301.061 extrinsic.png","/tmp/jl_8jtnPi/intrinsic0001.png","/tmp/jl_8jtnPi/intrinsic0002.png","/tmp/jl_8jtnPi/intrinsic0003.png","/tmp/jl_8jtnPi/intrinsic0004.png","/tmp/jl_8jtnPi/intrinsic0005.png","/tmp/jl_8jtnPi/intrinsic0006.png","/tmp/jl_8jtnPi/intrinsic0009.png","/tmp/jl_8jtnPi/intrinsic0010.png","/tmp/jl_8jtnPi/intrinsic0011.png","/tmp/jl_8jtnPi/intrinsic0012.png","/tmp/jl_8jtnPi/intrinsic0013.png","/tmp/jl_8jtnPi/intrinsic0014.png","/tmp/jl_8jtnPi/intrinsic0015.png","/tmp/jl_8jtnPi/intrinsic0016.png"]}