{"intrinsic":{"linear":[35502.60425644669,35502.60425644669],"translation":[1118.0496752906815,771.2619036401328]},"extrinsics":[{"linear":[-0.9803942124274283,-0.1263208664656848,0.15122905453040977,0.1609739857555646,-0.9560752597772441,0.24496422912711754,0.11364226391959249,0.2645054561577781,0.9576650246897377],"translation":[-26.777950041812698,10.142462605426767,1302.1088058718312]},{"linear":[-0.980421539779409,-0.12695872245458653,0.15051606933903242,0.1610481416733517,-0.9568304788495529,0.24194819860477557,0.11330092850516796,0.2614515586819768,0.9585436777020816],"translation":[-26.80147307744352,10.152134072050375,1303.2213759642236]},{"linear":[-0.992028234708543,-0.009259443186539547,0.12567515368173396,0.04236696324417537,-0.9637502749618577,0.2634206672537492,0.11868033521404839,0.26664521413822334,0.9564597784594302],"translation":[-25.936882206870326,10.37702944327062,1300.7465292625345]},{"linear":[-0.9919055593944386,-0.01336502891881338,0.12627247223526455,0.04720358742109866,-0.9619889657168086,0.2689777893687208,0.1178778290306751,0.27276107831049595,0.954833080481563],"translation":[-25.829429006554033,10.19849399116624,1298.7336513497837]}],"scale":{"linear":[0.24390243902439027,0.24390243902439027,0.24390243902439027]},"k":-72.2299509351959,"files":["/tmp/jl_903qjU/185.613 extrinsic.png","/tmp/jl_903qjU/intrinsic0003.png","/tmp/jl_903qjU/intrinsic0004.png","/tmp/jl_903qjU/intrinsic0005.png"]}