{"intrinsic":{"linear":[1111.0487017268772,1111.0487017268772],"translation":[867.214638365699,569.6153664801565]},"extrinsics":[{"linear":[-0.935507433400491,-0.34837320599742616,-0.05883834970068816,0.3401777395906165,-0.9331418635745662,0.1162986153468914,-0.0954198487708102,0.08878272234877901,0.9914699595413343],"translation":[-9.652881583458278,6.708434772775172,34.003173265719745]},{"linear":[-0.7880594890325376,-0.6144308043907756,-0.037908156925389375,0.5683590827982905,-0.7498613647812444,0.3386382828463064,-0.23649565481518112,0.24532166684602824,0.9401526924013061],"translation":[-12.78081014562302,12.777996477414083,27.591949575632928]},{"linear":[-0.631061576774921,-0.7657027818660969,0.12434040437794462,0.7647477622733916,-0.5872022226070376,0.2652440571684784,-0.13008515063676704,0.2624743789551191,0.9561302494827438],"translation":[-12.117825955290325,11.423789449266641,29.26472663780291]},{"linear":[-0.49370429663092813,-0.8613690199405701,-0.1195804288952948,0.7255704503696181,-0.48380637633972345,0.4893658261091144,-0.4793783360129978,0.1548379853254622,0.863841194469077],"translation":[-16.3127936585987,13.770100290300496,32.57799156446783]},{"linear":[-0.060300964655236655,-0.9569949424648373,0.283768345236692,0.9898803111537992,-0.02074762972830374,0.14037986127188834,-0.1284552967055283,0.2893617389313586,0.9485615535066318],"translation":[-10.719745047960462,10.686433779734328,34.18048219829115]},{"linear":[-0.5619041728327553,-0.7593323525015817,-0.32814338176710234,0.6894600122906255,-0.6491009425640062,0.32142317560301836,-0.45706519448033567,-0.045632716409742285,0.8882618213048],"translation":[-11.65705612868836,7.6804903235140225,20.606139028180962]},{"linear":[0.33877681234817986,-0.9300243281723016,0.14242549077628372,0.760059869751366,0.3597441093756773,0.5411960551990724,-0.5545622289777251,-0.07509277446705473,0.828747132371568],"translation":[-13.974766685815085,5.310420517532235,20.37161246677517]},{"linear":[0.7601673999577478,-0.28112770993460534,0.5857582562357971,0.19607699858329333,0.9587723263017778,0.20569257872962887,-0.6194346895904722,-0.04150707198540754,0.7839501440188359],"translation":[-12.138303318590319,2.4774203578809364,17.6576663451109]},{"linear":[-0.744018533642481,-0.444533034784374,-0.49882542295064186,0.41568488891039135,-0.8924535618034045,0.17530748174556687,-0.5231084923111532,-0.07692217502002391,0.84878765557832],"translation":[-9.404432405199989,5.709626403315743,14.607379631793492]},{"linear":[-0.9354004572044649,-0.10999068369489051,-0.3360476665028474,0.21369826499713662,-0.9330341908691884,-0.2894481822473458,-0.28170735914933426,-0.3425627652991634,0.8962654269978836],"translation":[-3.932853912355014,3.8295573654397597,10.085264892382007]}],"scale":{"linear":[0.25641025641025644,0.25641025641025644,0.25641025641025644]},"k":-0.21031040745660695,"files":["/tmp/jl_4CZGPr/205.776 extrinsic.png","/tmp/jl_4CZGPr/intrinsic0003.png","/tmp/jl_4CZGPr/intrinsic0004.png","/tmp/jl_4CZGPr/intrinsic0005.png","/tmp/jl_4CZGPr/intrinsic0006.png","/tmp/jl_4CZGPr/intrinsic0007.png","/tmp/jl_4CZGPr/intrinsic0008.png","/tmp/jl_4CZGPr/intrinsic0009.png","/tmp/jl_4CZGPr/intrinsic0010.png","/tmp/jl_4CZGPr/intrinsic0011.png"]}