{"intrinsic":{"linear":[833.7392510382105,833.7392510382105],"translation":[578.1067050211599,971.1896014213494]},"extrinsics":[{"linear":[-0.6979307686799117,-0.7160177116895354,0.014535428330437507,0.7088782415757382,-0.6877990598161767,0.1562820909012706,-0.10190329116548338,0.11937792870905832,0.9876055029143864],"translation":[0.6510474234227872,1.8476135947815324,25.755766937659395]},{"linear":[-0.2613112026408396,-0.9541949946820062,0.14569957960888075,0.9652526169392727,-0.25801017019732986,0.04145042299700835,-0.0019598128186305575,0.15146836038774378,0.9884601635549937],"translation":[-4.326800082593156,8.5220684921969,23.739165161354492]},{"linear":[-0.25998248853665223,-0.9541547804055212,0.14831642081570523,0.9654560060862555,-0.2540829640693842,0.05776285728469835,-0.017430030587060302,0.1582103106596025,0.9872515847719499],"translation":[-4.325540872689232,8.52550483039757,23.744821233522412]},{"linear":[-0.1934338038582475,-0.9757381544230587,0.1025593366203793,0.981072200307397,-0.19140884020514526,0.029325648762201492,-0.008983390725773442,0.10629068583090605,0.9942945181366856],"translation":[-3.8965135626763647,8.619641155944818,25.4834047133615]},{"linear":[-0.7191843370971704,-0.6897254372909539,0.08398041693100836,0.6744636651516581,-0.722038622991953,-0.15413951893682737,0.16695105170167587,-0.05421298794280669,0.9844736148186084],"translation":[-1.906271881881312,0.45510492240606876,24.640953705049395]},{"linear":[0.25640472525900265,-0.9663310127459602,0.021470693286950553,0.9594210772692943,0.25714221499372786,0.11571118251727658,-0.11733632581720993,-0.009069458279651908,0.9930508202354154],"translation":[-1.2103228258381837,-3.0645254885589437,25.894623269166047]},{"linear":[-0.94719287210774,-0.3204894209151718,0.01059217209778568,0.3111205228206004,-0.9105013031381989,0.2723809781601469,-0.07765103546075558,0.2612927631318939,0.96213118057091],"translation":[-1.5451691440037643,4.963812689121033,19.806583966663005]},{"linear":[-0.9131105600978291,-0.18267596397067914,0.36449773281216946,0.2664088952367548,-0.9440859427611001,0.19423705418795936,0.30863474460365015,0.2744653436561119,0.9107213457228132],"translation":[0.6484857700186016,5.7499944988016605,18.618347821225033]},{"linear":[-0.9704888869784754,-0.2333758602889988,0.060720903201861985,0.199843916443908,-0.6374334686012493,0.7441377440819278,-0.1349582502540711,0.7343121141186152,0.665260843389275],"translation":[0.4034520670587199,5.82749673451996,19.26159269256052]},{"linear":[-0.9740289352166325,-0.21717076958260575,-0.06406629534827094,0.2263943612371818,-0.9386494642986901,-0.26015913662946827,-0.0036368338924882733,-0.26790677485028386,0.9634379759115569],"translation":[0.07030286486370724,5.24043104549379,20.566694322310443]},{"linear":[0.8820412643172227,0.13762665189022905,0.4506241368714743,0.29020645321137784,0.5947624561244281,-0.7496918268857614,-0.37119189451838497,0.7920331593275144,0.4846648862559869],"translation":[-6.340417076486922,5.373674501651929,20.73973636422825]}],"scale":{"linear":[0.25641025641025644,0.25641025641025644,0.25641025641025644]},"k":-0.06132600223328934,"files":["/tmp/jl_6xnvhe/382.319 extrinsic.png","/tmp/jl_6xnvhe/intrinsic0001.png","/tmp/jl_6xnvhe/intrinsic0002.png","/tmp/jl_6xnvhe/intrinsic0003.png","/tmp/jl_6xnvhe/intrinsic0004.png","/tmp/jl_6xnvhe/intrinsic0005.png","/tmp/jl_6xnvhe/intrinsic0006.png","/tmp/jl_6xnvhe/intrinsic0007.png","/tmp/jl_6xnvhe/intrinsic0008.png","/tmp/jl_6xnvhe/intrinsic0009.png","/tmp/jl_6xnvhe/intrinsic0010.png"]}