{"intrinsic":{"linear":[569.4639929683369,569.4639929683369],"translation":[824.4567132578209,775.229299360793]},"extrinsics":[{"linear":[0.978933159137283,-0.19469728118547455,0.06150478550879838,0.19605681096722685,0.9804478619548118,-0.01684389686501615,-0.057022774527903476,0.028547481276331155,0.9979646509260323],"translation":[-11.871626192575917,3.1459362925537215,17.962627269348175]},{"linear":[0.9789270366414464,-0.19467722098371787,0.061665521666917245,0.19606501272785487,0.9804390278384889,-0.017257562839078394,-0.057099629739801955,0.028984346140206493,0.9979476639395486],"translation":[-11.873380655126834,3.1469409486926763,17.966678332058212]},{"linear":[-0.14992115772601322,-0.970938839755731,-0.18655137608682126,0.944220961732191,-0.08464925236034615,-0.31824719873138013,0.2932071313792146,-0.22385770821803114,0.9294715189717987],"translation":[-10.209376941222748,2.3949223940678843,15.400277336360798]}],"scale":{"linear":[0.25641025641025644,0.25641025641025644,0.25641025641025644]},"k":-0.07640284503360226,"files":["/tmp/jl_chqxyU/177.34 extrinsic.png","/tmp/jl_chqxyU/intrinsic0003.png","/tmp/jl_chqxyU/intrinsic0010.png"]}