{"intrinsic":{"linear":[847.2174322604867,847.2174322604867],"translation":[532.9554724317159,917.4557596195663]},"extrinsics":[{"linear":[-0.7882391530575421,-0.6124058670781245,0.06031659436191452,0.6115351970904754,-0.7904805351536784,-0.03413541068550387,0.06858381956877739,0.009978853212926714,0.9975954501609923],"translation":[-3.9036271860872946,0.14404512551146612,28.499830417296312]},{"linear":[-0.8988376874160194,-0.42740362008311455,-0.09704100793206459,0.43786729928019336,-0.8660745255222874,-0.2412201162059554,0.01905360600232754,-0.25930881547142537,0.9656064924787502],"translation":[-4.346299291361079,-5.526994096494317,23.36201545086208]},{"linear":[-0.8964895173412027,-0.4364628819978893,-0.07620169247093252,0.4408928168170476,-0.8617920973768145,-0.2508543501277205,0.04381859624026453,-0.25848507410867705,0.965020930905939],"translation":[-4.33771017778778,-5.501241653785383,23.291840030562724]},{"linear":[-0.7883949587754422,-0.6133233125821953,0.04762250750087767,0.611572736056772,-0.7897923224905236,-0.046977397193314216,0.06642422366503356,-0.007912115913404637,0.9977601018943733],"translation":[-3.9033465185611926,0.1453604797457614,28.52621288321755]},{"linear":[-0.8064984677770137,-0.5790653162685175,-0.11934647446896443,0.5905798635783,-0.7985281488269553,-0.11648270372391342,-0.02785042565502569,-0.16442674668629206,0.9859960439905406],"translation":[-1.7721744773094565,8.137470701453916,28.04303372155212]},{"linear":[0.16620359141919933,-0.9853069806953958,-0.03932581839304643,0.9830966418878744,0.16867279124583107,-0.07120731845902506,0.07679426351065928,-0.02682616793847573,0.9966860076300823],"translation":[-4.292749936537967,-5.632637386185635,28.437392540508498]},{"linear":[0.18228138942928634,-0.9831885736154667,0.010664135206977843,0.9811194945656384,0.18116339331211023,-0.06770791908564192,0.06463770146744846,0.02280468451054624,0.9976481914549735],"translation":[-5.163066313376117,-3.021576456704336,25.91118301370124]},{"linear":[-0.12204232285125383,-0.9852770951746928,-0.1197276791606259,0.9912538584838446,-0.11489305405002337,-0.06492591294659328,0.050214136196498754,-0.12660423316452676,0.9906815374634079],"translation":[-1.7227991409879408,6.735059370810926,26.979829991535833]},{"linear":[-0.7864236137411504,-0.237336748450323,-0.5702711351500598,0.46063285081632416,-0.8404364805013387,-0.28545384739279456,-0.411527977784179,-0.4871732649453897,0.7702641971579058],"translation":[-1.48705693055967,1.3186926336633946,23.875143685130997]},{"linear":[0.22752824003769573,-0.9388758378374109,0.25834678459475435,0.9730887511043178,0.22915384927389232,-0.024223869162404835,-0.03645795468190441,0.25690596429055107,0.9657484885063783],"translation":[-4.088939409841581,0.3297848340283457,23.098779826586036]},{"linear":[-0.242532546289504,-0.8758526832395764,-0.4172050350275794,0.9684216517960939,-0.24418028163588096,-0.05035369294050704,-0.05777082587997712,-0.4162427985229966,0.9074163676917499],"translation":[-3.8998753822128003,6.77408706253934,25.516998288725944]},{"linear":[0.5364251195476699,-0.5859787559180588,0.6073524419404206,0.7404328451071268,0.6721077687616086,-0.005508997808804872,-0.4049781389221318,0.4526588613768827,0.7944134076236065],"translation":[-5.1039679765682235,-6.9870182618410555,21.208620448013917]}],"scale":{"linear":[0.25641025641025644,0.25641025641025644,0.25641025641025644]},"k":0.0,"files":["/tmp/jl_dlh7L1/586.591 extrinsic.png","/tmp/jl_dlh7L1/intrinsic0001.png","/tmp/jl_dlh7L1/intrinsic0002.png","/tmp/jl_dlh7L1/intrinsic0003.png","/tmp/jl_dlh7L1/intrinsic0004.png","/tmp/jl_dlh7L1/intrinsic0005.png","/tmp/jl_dlh7L1/intrinsic0006.png","/tmp/jl_dlh7L1/intrinsic0007.png","/tmp/jl_dlh7L1/intrinsic0008.png","/tmp/jl_dlh7L1/intrinsic0010.png","/tmp/jl_dlh7L1/intrinsic0011.png","/tmp/jl_dlh7L1/intrinsic0013.png"]}