{"intrinsic":{"linear":[1587.9397311260425,1587.9397311260425],"translation":[903.4251849915906,837.1225814051652]},"extrinsics":[{"linear":[-0.3347783360621582,-0.940594690740117,-0.056613544801189415,0.9341684700875088,-0.32341650419437046,-0.15076814752810289,0.12350196434800423,-0.10336049809379003,0.98694674235036],"translation":[-16.860498617337424,10.048651068517305,54.63056038768485]},{"linear":[0.9850444121472411,-0.05335870618947274,-0.1638302614637526,0.05442043923445925,0.9985161147314362,0.001996099988928906,0.16348064683938754,-0.01088196192893531,0.9864865234829884],"translation":[-17.742884763458445,-0.05703929985160444,53.684083220008034]},{"linear":[-0.32562092520869934,-0.932399145444904,-0.1568529459074428,0.9430901893015268,-0.3084527670526671,-0.1242488846660734,0.06746782869961622,-0.18838451122946823,0.9797751619730892],"translation":[-16.934383809490868,10.110609353110561,54.760212992760415]},{"linear":[-0.10776611606466063,-0.993888666744455,0.023911970752489506,0.9797922175171593,-0.11025280902440865,-0.16688777245512915,0.16850422760615175,0.005443915792615037,0.9856858977685017],"translation":[-18.203950088163104,0.3917965896014417,51.77580529977289]},{"linear":[-0.38153912047147615,-0.7883784590449053,-0.48258398736782937,0.9078280073833612,-0.4178726462152638,-0.03508219712915908,-0.17400059930991227,-0.45148849028411997,0.8751468074447611],"translation":[-17.753801406073304,7.279945540637493,54.54741043589736]},{"linear":[-0.40871085503338467,-0.9112312258899974,-0.05111839141534467,0.9126373781135145,-0.4084845778887809,-0.015276311633203744,-0.006960822363048666,-0.05289614910404368,0.9985757579482856],"translation":[-14.675596744598446,0.46204610961550097,37.69895088956703]},{"linear":[0.24208824064091286,-0.850813091872858,0.46638006651349834,0.6607319196723185,0.49656247638144135,0.5629023337809708,-0.7105115157895193,0.17188016100666817,0.6823713037509722],"translation":[-14.87638758093541,-2.8645799967972794,35.976929337014695]},{"linear":[0.5684421121827424,-0.09898707089918542,0.8167466711851492,-0.054344149892312496,0.9860498936310961,0.15732870253893935,-0.820926475678367,-0.13381766350113808,0.5551329160348825],"translation":[-14.284002290551097,-6.189066085268908,35.307291143927735]},{"linear":[0.594511853374895,-0.52758045601393,-0.606806821508197,0.7523959620626447,0.6312069707847967,0.18835624838191045,0.28364762024133855,-0.5685390245751071,0.7722094308324725],"translation":[-15.303648486121313,3.8516261919160306,39.03730414181598]},{"linear":[0.6242128108942654,-0.21565188407118774,0.7509012129514955,0.026660409954098477,0.9664682634337413,0.2553983522195242,-0.7807993271363388,-0.1394035891643962,0.6090312389947866],"translation":[-11.479455841076378,-9.491820635133454,27.04359163594801]}],"scale":{"linear":[0.25641025641025644,0.25641025641025644,0.25641025641025644]},"k":0.2501739704044178,"files":["/tmp/jl_Fk7qQT/432.176 extrinsic.png","/tmp/jl_Fk7qQT/intrinsic0003.png","/tmp/jl_Fk7qQT/intrinsic0004.png","/tmp/jl_Fk7qQT/intrinsic0005.png","/tmp/jl_Fk7qQT/intrinsic0006.png","/tmp/jl_Fk7qQT/intrinsic0007.png","/tmp/jl_Fk7qQT/intrinsic0008.png","/tmp/jl_Fk7qQT/intrinsic0009.png","/tmp/jl_Fk7qQT/intrinsic0010.png","/tmp/jl_Fk7qQT/intrinsic0011.png"]}