{"intrinsic":{"linear":[1337.2527779828972,1337.2527779828972],"translation":[863.184978925409,638.699337684829]},"extrinsics":[{"linear":[0.39105734351165367,-0.8503447216351682,0.35211930999707575,0.919912619685772,0.3731389097825032,-0.12053267668638745,-0.028895090040848198,0.3710541852526841,0.9281615513357565],"translation":[-11.620240506280364,24.05527161423414,41.44321421584277]},{"linear":[0.08916385590230697,-0.969845149804235,0.2268263481208336,0.9901357285271791,0.1110198878834801,0.08547411063176799,-0.10807888736744495,0.21696767016203236,0.9701772952455003],"translation":[-20.494653605649432,16.602747358372092,44.88054630274661]},{"linear":[0.03825971162690317,-0.9880598062013841,0.14924481175407556,0.9977653799805719,0.0459607615641075,0.0484959267224811,-0.05477628116668039,0.1470558661384526,0.9876103134616498],"translation":[-12.393573233042193,11.62399604543088,45.18241675484608]},{"linear":[0.46503933059634955,-0.8740466776264456,0.14064432561846005,0.8740045639397441,0.4279943423343923,-0.23008012765610303,0.14090579551954838,0.22992009103147837,0.9629549878000943],"translation":[-10.951016662743347,21.191239274209334,35.68145403149518]},{"linear":[0.21303119279935767,-0.9628622673015907,0.16587334053826336,0.7988827959533,0.26939581684865577,0.5377845034902766,-0.5624979904180287,0.017948483815777738,0.826603812418255],"translation":[-13.875659089262472,14.2542484396903,36.76121999773472]},{"linear":[0.06907121340439132,-0.673654125556256,0.7358119913400984,0.9966827971761074,0.07842032791294123,-0.021763593068174936,-0.04304148338586122,0.7348743915058293,0.6768360653931511],"translation":[-14.201825031904677,16.493640242420344,39.06728234111246]},{"linear":[0.38622857505027686,-0.890629090967889,0.2400152289675473,0.8069238686490624,0.2001732882859687,-0.5557018308960419,0.4468795788789897,0.40830194339299203,0.7959825155130247],"translation":[-14.73450941822527,15.939458192216678,41.935807370674574]}],"scale":{"linear":[0.25641025641025644,0.25641025641025644,0.25641025641025644]},"k":-0.16529212482483177,"files":["/tmp/jl_cReCqL/196.414 extrinsic.png","/tmp/jl_cReCqL/intrinsic0007.png","/tmp/jl_cReCqL/intrinsic0008.png","/tmp/jl_cReCqL/intrinsic0009.png","/tmp/jl_cReCqL/intrinsic0010.png","/tmp/jl_cReCqL/intrinsic0011.png","/tmp/jl_cReCqL/intrinsic0012.png"]}