{"intrinsic":{"linear":[1438.2608809346973,1438.2608809346973],"translation":[958.8339475134966,609.599626913028]},"extrinsics":[{"linear":[0.9232524535611861,-0.11668302452764172,0.3660464161555629,0.0779889486187869,0.98984780617309,0.11882358565393027,-0.3761949373484258,-0.0811565918542816,0.9229794021060338],"translation":[-15.785294018866479,12.16117777708327,47.64666771371496]},{"linear":[0.9494381886630022,-0.13775489258166873,0.2821182650558636,0.041439497576550854,0.9457218502641717,0.3223242931792681,-0.31120715600532173,-0.2943361539171236,0.9036129340311342],"translation":[-15.386726381496487,12.367756975677294,45.78543375231481]},{"linear":[0.8486354124749964,-0.3408826358046235,-0.40449593978219983,0.2765863217809791,0.9377623074979267,-0.21000443147665426,0.45090790999611147,0.06633915316806856,0.8901017770232134],"translation":[-17.537542990372646,12.588521642070093,49.6232937377122]}],"scale":{"linear":[0.24390243902439027,0.24390243902439027,0.24390243902439027]},"k":-0.37148775924057953,"files":["/tmp/jl_vssnw7/177.059 extrinsic.png","/tmp/jl_vssnw7/intrinsic0003.png","/tmp/jl_vssnw7/intrinsic0004.png"]}