{"intrinsic":{"linear":[1167.0341325286313,1167.0341325286313],"translation":[743.0601030158597,594.0037087540162]},"extrinsics":[{"linear":[0.9921800629722343,-0.00187871703770273,-0.12480061323048673,0.009457913621876767,0.9981435913650253,0.06016576174911072,0.12445589785275109,-0.06087562270089631,0.9903559400793455],"translation":[-13.557349725315179,16.918638528296153,49.056421511468784]},{"linear":[-0.8230369399680102,-0.5259251658720764,0.2145062128483073,0.3353704766402361,-0.14517815221815267,0.9308329321186612,-0.458406848603067,0.838048938917622,0.2958667557074518],"translation":[-12.430940079145303,22.65194029163875,26.69530972411643]},{"linear":[-0.8223398537613567,-0.5267673804597964,0.21511227719327097,0.3373537967418157,-0.14693275942648704,0.9298404056778775,-0.45820255427008727,0.8372137666634742,0.2985356396973828],"translation":[-12.425430355986121,22.64002125619177,26.674080000711587]},{"linear":[0.9934484694324027,-0.003953016864374096,-0.11421257478967067,0.010147948234507487,0.9985050104477736,0.053709992155289564,0.11382951167885197,-0.05451713279659417,0.9920033893604357],"translation":[-13.574369600097564,16.94200404142096,49.105007673279935]},{"linear":[-0.9754506587404591,-0.15639828687996887,-0.15503415179828886,-0.020806251472001172,-0.6354012443261392,0.7719017804154084,-0.2192330090622481,0.7561777797382071,0.6165485002558252],"translation":[-10.787376014763675,20.01961009447566,46.15814596231277]},{"linear":[-0.9972623258001384,-0.06630270776076311,-0.032738425180350895,0.06622890647481086,-0.9977988832383413,0.0033347496862287974,-0.032887467017837436,0.00115739012864776,0.9994583908103633],"translation":[-10.181929634840959,20.917336203028047,47.67428734078522]},{"linear":[0.9923465348338799,-0.021288052561338935,-0.12163541269439973,0.02749515531566856,0.998391533951133,0.04958186532262385,0.12038426490766363,-0.05254677680742385,0.9913356974354309],"translation":[-13.119647490569557,16.494027833801404,48.99259362490584]}],"scale":{"linear":[0.24390243902439027,0.24390243902439027,0.24390243902439027]},"k":0.09249300394408219,"files":["/tmp/jl_YYgdmB/213.967 extrinsic.png","/tmp/jl_YYgdmB/intrinsic0001.png","/tmp/jl_YYgdmB/intrinsic0002.png","/tmp/jl_YYgdmB/intrinsic0003.png","/tmp/jl_YYgdmB/intrinsic0004.png","/tmp/jl_YYgdmB/intrinsic0005.png","/tmp/jl_YYgdmB/intrinsic0006.png"]}