{"intrinsic":{"linear":[1227.978168025426,1227.978168025426],"translation":[586.0305238846407,946.7341918472893]},"extrinsics":[{"linear":[-0.8589946977591343,-0.5008489443867684,0.10620001943669119,0.4943773597351867,-0.8653437211011749,-0.08228773014270169,0.13311324277831885,-0.01818183867027834,0.9909340469171541],"translation":[-2.067994694757992,5.998118299450837,45.6394035954804]},{"linear":[-0.8589010416956633,-0.5009786678582169,0.10634554492366113,0.4944218160468453,-0.8652590823802735,-0.08290831185946343,0.13355174424560481,-0.01863047797167413,0.9908667099562397],"translation":[-2.0677164639428076,5.9974393159204356,45.636007966071325]},{"linear":[-0.8588240600035558,-0.5006788911298349,0.10835996463642873,0.4941271143406447,-0.8654585987424088,-0.08258213327478195,0.13512819406917462,-0.01737992634695012,0.9906756832222029],"translation":[-2.0666880010878086,5.997651493712095,45.622594696715844]},{"linear":[-0.6401661936138563,-0.4223102310593239,0.6417486371598831,0.5226154131400278,-0.8516703404631676,-0.03912494247702378,0.5630811437993861,0.31034126364048475,0.7659163959464521],"translation":[-3.236044733048918,5.577787139378151,42.738287182071105]},{"linear":[-0.8761737639986492,-0.44562516251835593,-0.18367838689113203,0.46116260402794684,-0.8858725356627336,-0.05058560274072024,-0.14017342089926527,-0.12902738115984438,0.9816839343619869],"translation":[-1.761166890889266,6.249965275976578,44.52360459538611]},{"linear":[-0.903031067610189,-0.3996121323845889,0.15762307756748078,0.29814793660221395,-0.847195162571028,-0.4397364715555121,0.309261537910301,-0.3501007000382764,0.884187084842379],"translation":[-2.269498603433652,6.186605076830334,42.745654545153606]},{"linear":[0.8130171882192623,-0.5596132259950829,-0.16073608478316442,0.5470447891712477,0.8287134866092849,-0.11821994650847856,0.19936160688715765,0.008185010889336874,0.9798918079543841],"translation":[-11.817350404875402,3.7394080440005197,47.70172498529894]},{"linear":[0.7963589653415928,-0.5838205958956171,-0.158006044593725,0.42794721384660384,0.728510383585887,-0.5349147625262112,0.4274032995672785,0.35836592027651054,0.8300001727128572],"translation":[-11.972563159967276,3.451373511119582,46.412509601918494]},{"linear":[0.7877742387670152,-0.5890562568405089,-0.18006797331035415,0.4505503666660811,0.7503903168292749,-0.4836514649062073,0.42001918507624125,0.299878473195241,0.8565376731247618],"translation":[-11.907242887969062,3.5319100739504443,46.613427569696555]},{"linear":[0.7699775376122366,-0.39987943242385565,0.4972233211515443,0.5048261587435181,0.8583651291612489,-0.09143223987334323,-0.39023728809643615,0.32141211017067695,0.8627914663548613],"translation":[-11.307862380553004,2.615509962430491,43.89500989516888]},{"linear":[0.864127975041238,-0.4658938980082605,-0.1903305507526272,0.45578452059704083,0.8848344805957081,-0.09658370842460673,0.2134087944187292,-0.003289034446828161,0.9769574549166163],"translation":[-11.925592671483024,3.2717160169945436,47.86628305205607]},{"linear":[0.8099437131940587,-0.41116502214169703,-0.41825172566845203,0.4221843971179542,0.9037359259088761,-0.0708640321444939,0.4071259219057045,-0.1191834753178649,0.9055626885663884],"translation":[-11.889292388466327,3.275906533417892,46.85300312065043]},{"linear":[-0.4838699529500992,-0.8733791274690855,0.055486650046727176,0.8240192352025827,-0.47604085854021344,-0.30720905100020685,0.2947238854389308,-0.10292716211785724,0.9500230684831525],"translation":[-1.797591475070627,8.689614161469043,41.88736865705384]},{"linear":[-0.4550283535771502,-0.8903613490028794,-0.0143480187705812,0.8324191372625045,-0.4310287138134523,0.3482709114862583,-0.3162713666458222,0.14652957404597208,0.9372841119798683],"translation":[-3.062938322834998,7.555498631319385,33.292082998548864]},{"linear":[-0.5066014751300285,-0.8509130831764627,0.13893117099918775,0.8471109483956593,-0.4612465202659286,0.2639217472107581,-0.16049294845657916,0.251393262482706,0.9544859564571997],"translation":[-4.930859454011036,5.455864579375383,34.90492789419139]}],"scale":{"linear":[0.24390243902439027,0.24390243902439027,0.24390243902439027]},"k":-0.04655718743574112,"files":["/tmp/jl_uBsDsD/277.709 extrinsic.png","/tmp/jl_uBsDsD/intrinsic0003.png","/tmp/jl_uBsDsD/intrinsic0004.png","/tmp/jl_uBsDsD/intrinsic0006.png","/tmp/jl_uBsDsD/intrinsic0007.png","/tmp/jl_uBsDsD/intrinsic0009.png","/tmp/jl_uBsDsD/intrinsic0011.png","/tmp/jl_uBsDsD/intrinsic0012.png","/tmp/jl_uBsDsD/intrinsic0013.png","/tmp/jl_uBsDsD/intrinsic0014.png","/tmp/jl_uBsDsD/intrinsic0015.png","/tmp/jl_uBsDsD/intrinsic0016.png","/tmp/jl_uBsDsD/intrinsic0018.png","/tmp/jl_uBsDsD/intrinsic0019.png","/tmp/jl_uBsDsD/intrinsic0020.png"]}