{"intrinsic":{"linear":[3284.958612791514,3284.958612791514],"translation":[720.3785093745449,405.40377968889493]},"extrinsics":[{"linear":[0.9750277262772752,-0.09157366797041631,-0.20232448276224776,0.08816230325162315,0.9957712078639053,-0.02582847023398898,0.2038341023379944,0.007346082200953471,0.9789778821813907],"translation":[-17.60047242809124,19.81890615625343,142.33468304481144]},{"linear":[0.9747161520447534,-0.0953682151231293,-0.2020725772768241,0.09149697591559046,0.9953993022120764,-0.028434706856472147,0.2038546696579977,0.00922673831536223,0.9789576808824214],"translation":[-17.601628315790865,19.812348813697106,142.31042390425904]},{"linear":[0.9787606179656065,-0.09229816038073695,-0.18305382353263194,0.0891883768791324,0.9956967697414609,-0.02516696557167932,0.1845889654048964,0.00830616137286142,0.9827807087717981],"translation":[-17.312148603200885,19.432764663710213,142.43465174076997]},{"linear":[0.9658094976288657,-0.15468268369764165,-0.20805115153243797,0.1492162850228128,0.9879200484154468,-0.04181480865449811,0.2120059305157967,0.009340519413659286,0.9772237410763281],"translation":[-17.026515925244926,19.357177654883863,141.9395087467687]}],"scale":{"linear":[0.24390243902439027,0.24390243902439027,0.24390243902439027]},"k":0.5983924891365113,"files":["/tmp/jl_qZbw37/220.714 extrinsic.png","/tmp/jl_qZbw37/intrinsic0003.png","/tmp/jl_qZbw37/intrinsic0004.png","/tmp/jl_qZbw37/intrinsic0005.png"]}