{"intrinsic":{"linear":[2450.5965993051263,2450.5965993051263],"translation":[1019.7291400962446,529.117251501581]},"extrinsics":[{"linear":[0.9832208595612167,-0.17825216521330406,-0.03876734347967558,0.14983990869661357,0.9103824773740999,-0.3856834798795344,0.10404202557376849,0.3734031473983122,0.9218163300937675],"translation":[-22.61289536575457,17.15522497006522,85.08948262760799]},{"linear":[0.9286119398730283,-0.17340138267783534,0.32804241434708736,0.08191357094092572,0.9580759696379674,0.27455528277193053,-0.3618978198621223,-0.22808418815797757,0.9038847111724809],"translation":[-20.55744512784685,14.219182112089195,72.09149767599142]},{"linear":[0.9365592544120593,-0.17345297847016106,0.30458303832445655,0.08985060348166052,0.9587429932575318,0.2697012086246001,-0.3387973317916021,-0.22522419305975663,0.9135044777292953],"translation":[-20.708026090209085,14.32229975480226,72.62377704049509]},{"linear":[0.9832858035617708,-0.1780015193889558,-0.038268624343001656,0.14981685670155198,0.9104690892733048,-0.3854879335671937,0.10345983743438428,0.37331152751162355,0.921918958187209],"translation":[-22.61959357167756,17.162505064803067,85.11714590351676]},{"linear":[0.9724415343030758,-0.22683607104829073,0.053878188849056825,0.2304524951271038,0.9001545706369792,-0.36961249498772014,0.035342748223249655,0.3718429047766409,0.9276226303380583],"translation":[-22.698328002745196,18.18427122840772,84.57018004361404]},{"linear":[0.9781971947304842,-0.20757194541423607,-0.0066434703552113936,0.19073990985349137,0.9106089373583832,-0.3666192166159847,0.08214946749975413,0.3573587142913766,0.9303473621769027],"translation":[-24.15031056096414,14.20285766764022,86.7787986674034]}],"scale":{"linear":[0.24390243902439027,0.24390243902439027,0.24390243902439027]},"k":-0.4995212727020726,"files":["/tmp/jl_DJuBMX/170.669 extrinsic.png","/tmp/jl_DJuBMX/intrinsic0001.png","/tmp/jl_DJuBMX/intrinsic0002.png","/tmp/jl_DJuBMX/intrinsic0003.png","/tmp/jl_DJuBMX/intrinsic0004.png","/tmp/jl_DJuBMX/intrinsic0005.png"]}