{"intrinsic":{"linear":[2050.8684195542205,2050.8684195542205],"translation":[867.3910926883295,527.6875092155767]},"extrinsics":[{"linear":[-0.02902913279160607,-0.9742715059088147,0.2235002063165441,0.9953470303311254,-0.04872651241320353,-0.08312650719870139,0.09187817292685536,0.22004717621959247,0.971152738541887],"translation":[-9.837791302984375,25.873394002186174,65.95109659390239]},{"linear":[0.041861000389776304,-0.9613854042588721,0.2720032373417126,0.978601572450575,-0.015441775958155879,-0.20518409770866725,0.2014612097740628,0.27477200736840535,0.9401668601493608],"translation":[-9.797177066985789,24.546727996366165,62.19820269609551]},{"linear":[-0.24946302413474658,-0.9131539313531865,0.3223633000882194,0.9561357304708868,-0.28503807583445834,-0.06751118604715603,0.153533919726069,0.29138152477260826,0.9442055615779539],"translation":[-18.6740023896998,26.51663835837378,66.87658519775046]},{"linear":[0.8389219260896004,-0.41179610497906727,0.355856670374723,0.5011220740055645,0.8395438548260663,-0.20986372427875816,-0.21233621657757026,0.35438691249516835,0.9106718659218946],"translation":[-4.923665881257976,16.664357102313865,62.544944973727695]},{"linear":[0.6596688684705478,-0.6408624620279928,0.3925968526799555,0.7375481680456617,0.6524111776247756,-0.17430535024129915,-0.14442881908841965,0.40454290263663406,0.9030422781592518],"translation":[-5.466448932674105,18.451827503017455,66.49871487786392]},{"linear":[-0.9917667588862856,-0.015840135065607795,-0.1270739394576839,-0.047300184315977274,-0.8768339656162005,0.47846095901906327,-0.11900163247563618,0.4805322953380662,0.868865538852395],"translation":[-4.418013487055953,21.38868097947839,62.27374626854071]},{"linear":[0.8409485146959574,-0.1758562966604436,-0.511742277475232,0.09229482573413807,0.9784748630664617,-0.18457683356741733,0.533185953278374,0.10798844971543504,0.8390776090175978],"translation":[-7.996102751312395,17.950284373696586,62.44529468079247]},{"linear":[0.9292287771625765,-0.36554214415915104,0.05397055249367878,0.3246517964795847,0.8774261356747124,0.3531636836900412,-0.17645138348995965,-0.3106482211094594,0.9340035288937658],"translation":[-9.077735724857197,17.98092560820654,56.32780935364921]},{"linear":[0.9626332392561154,-0.26305223431452485,-0.06434880497270323,0.248728433365359,0.9528006289928774,-0.17408368052862236,0.1071046829736817,0.15157335983910095,0.9826261259869868],"translation":[-8.32287797903645,13.322396506415464,50.064032422784905]},{"linear":[0.93163743380725,-0.3632022240020133,-0.011654887774376128,0.34358727307809744,0.8908600939729541,-0.29718021257354343,0.11831938855402699,0.2728597395118799,0.9547502735510005],"translation":[-9.022494414271861,13.853614990410446,45.66389246208808]},{"linear":[0.9272560093370348,-0.24101679868928993,-0.2865435322912094,0.2279276254725236,0.9704905233669892,-0.07872192579786522,0.2970610891631788,0.0076841918530099335,0.9548275564209237],"translation":[-6.046668533358805,11.574227509475525,45.06719010261451]},{"linear":[0.9810087645340941,-0.060786536019434845,0.18419229339483206,0.12688120434408257,0.9193739683782407,-0.3723609354546212,-0.14670706830785324,0.38865988126793244,0.9096265897615963],"translation":[-3.080901291589651,10.03560836155509,44.40673862769165]},{"linear":[0.9780189975472691,-0.20739907469517221,0.021551432718520357,0.20844857095195113,0.9750919021015354,-0.07579561810618612,-0.005294686461343637,0.0786219197908305,0.9968904453467693],"translation":[-6.993702397754366,13.684895478938227,51.44024195178098]}],"scale":{"linear":[0.25641025641025644,0.25641025641025644,0.25641025641025644]},"k":-0.247936846398577,"files":["/tmp/jl_UiTEZC/279.835 extrinsic.png","/tmp/jl_UiTEZC/intrinsic0003.png","/tmp/jl_UiTEZC/intrinsic0004.png","/tmp/jl_UiTEZC/intrinsic0005.png","/tmp/jl_UiTEZC/intrinsic0006.png","/tmp/jl_UiTEZC/intrinsic0008.png","/tmp/jl_UiTEZC/intrinsic0009.png","/tmp/jl_UiTEZC/intrinsic0010.png","/tmp/jl_UiTEZC/intrinsic0011.png","/tmp/jl_UiTEZC/intrinsic0012.png","/tmp/jl_UiTEZC/intrinsic0013.png","/tmp/jl_UiTEZC/intrinsic0014.png","/tmp/jl_UiTEZC/intrinsic0015.png"]}