{"intrinsic":{"linear":[3069.9255445343747,3069.9255445343747],"translation":[786.7808095690436,710.667099905494]},"extrinsics":[{"linear":[0.9561697981535058,-0.29274448509193024,-0.006323254489958002,0.28976328872764373,0.9490996699165122,-0.1234789580054354,0.042149182730206514,0.1162346033357903,0.9923270445687487],"translation":[-19.97437781577389,10.043649051226742,119.13289914240643]},{"linear":[0.9561366253250093,-0.2929072280787721,-0.0028477098364545067,0.29021502869805205,0.9485773450872251,-0.1263972211128872,0.03972393270927824,0.12002656425342463,0.991975621194204],"translation":[-19.96767425152454,10.038293740259274,119.07289040325506]},{"linear":[0.9561598983379826,-0.29276309445101645,-0.006929598672641882,0.28971747399803216,0.949132263253005,-0.12333585088054373,0.04268529103213671,0.11592116881611135,0.9923407925454886],"translation":[-19.972105922686637,10.040710885433354,119.10633852034883]},{"linear":[0.9530352792303515,-0.29298929682691377,-0.07668786401508852,0.2849538245360612,0.9532421969563066,-0.10065103985645454,0.10259178536606976,0.07407149172782054,0.9919618640293676],"translation":[-19.87731463301904,9.972256379287861,118.68738521048637]},{"linear":[0.9465208634880918,-0.31980094834651523,-0.042727139132252026,0.288609220904491,0.8984218590199701,-0.3309726285420049,0.14423235625427483,0.3009410518220648,0.9426725363229637],"translation":[-19.417273374514043,9.491793107712056,114.42400037968943]}],"scale":{"linear":[0.24390243902439027,0.24390243902439027,0.24390243902439027]},"k":-0.5797827437532532,"files":["/tmp/jl_VwsQXB/323.0 extrinsic.png","/tmp/jl_VwsQXB/intrinsic0001.png","/tmp/jl_VwsQXB/intrinsic0002.png","/tmp/jl_VwsQXB/intrinsic0003.png","/tmp/jl_VwsQXB/intrinsic0005.png"]}