{"intrinsic":{"linear":[2853.7332983013675,2853.7332983013675],"translation":[938.1692306922533,578.1883441308711]},"extrinsics":[{"linear":[-0.17732309994439233,-0.9083992865990206,0.37863868573153125,0.9810417977007239,-0.19372306989808108,-0.0053257256214624404,0.0781889339372456,0.3705160027524499,0.9255292444402302],"translation":[-20.789224398901574,8.08159725219622,86.78332368292489]},{"linear":[-0.8058075379204681,-0.5439891657665149,0.2339871777666551,0.5901703105476733,-0.7702315281236393,0.24174862488209958,0.04871566871773289,0.332895149578624,0.9417046262010236],"translation":[-13.466973625834829,10.113466981984008,87.46337948286033]},{"linear":[0.9898637817595322,-0.07454846956729039,-0.12088101276003631,0.02168891954136371,0.9205215320866778,-0.39008934839844533,0.1403541389836635,0.38351353906996577,0.9128078007007743],"translation":[-14.594706473785141,11.3846569453789,85.23025350105789]},{"linear":[-0.2177253238757293,-0.8934704761721324,0.39281826784398843,0.9759029426663106,-0.2052541235388552,0.07405532570674289,0.014461322154083217,0.39947622329625454,0.9166294874061801],"translation":[-15.009911215475055,8.434914438177922,77.71705733477967]},{"linear":[-0.8255954329816884,-0.5559427423397986,0.0965393612962204,0.5384614191282967,-0.8273724023841564,-0.15973167464034693,0.16867566851836893,-0.07989101960028522,0.9824285947778126],"translation":[-10.274828802472607,16.155969758017825,84.50661744428666]},{"linear":[-0.703365033078785,-0.16967135979153739,0.6902820147653936,0.37676047058966555,-0.9124543976493692,0.1596199236041082,0.6027679305032196,0.3723420495684287,0.7057139789461792],"translation":[-11.955597687732272,10.216808848634457,72.01363452408637]},{"linear":[-0.9561058281648788,-0.21778339017544524,0.19604091489492953,0.26099959203738604,-0.9370657131728163,0.23192037890672534,0.13319481335798805,0.27290702475313966,0.9527753657263184],"translation":[-9.025673184064901,10.912530067628904,67.9335660385763]}],"scale":{"linear":[0.25641025641025644,0.25641025641025644,0.25641025641025644]},"k":-0.9512498503474194,"files":["/tmp/jl_ca7EZB/152.23 extrinsic.png","/tmp/jl_ca7EZB/intrinsic0003.png","/tmp/jl_ca7EZB/intrinsic0004.png","/tmp/jl_ca7EZB/intrinsic0005.png","/tmp/jl_ca7EZB/intrinsic0006.png","/tmp/jl_ca7EZB/intrinsic0007.png","/tmp/jl_ca7EZB/intrinsic0008.png"]}