{"intrinsic":{"linear":[1716.384158476501,1716.384158476501],"translation":[1050.1260239876497,671.0378538031578]},"extrinsics":[{"linear":[0.9685354682429087,-0.2317303808036396,-0.09077487189795323,0.22863166332392876,0.9725491963067131,-0.043308466711486075,0.09831891619227369,0.021191776135245984,0.9949292936400104],"translation":[-31.203251033355176,8.397264174445043,68.79020471096761]},{"linear":[0.6302432332622535,-0.12717172659804138,0.7659117565889779,0.35328418143144835,0.925423094964693,-0.13704883237839036,-0.6913636916106112,0.35695860720823314,0.6281694028385226],"translation":[-29.162398257526235,4.982025330080732,51.66757181232211]},{"linear":[0.6280701488483127,-0.1259626432670008,0.7678940686233021,0.34805265934995905,0.9280729013946687,-0.13243880102259548,-0.6959793347830664,0.35044843015495386,0.6267365182888649],"translation":[-29.1873970072078,4.985205453001289,51.722009859705636]},{"linear":[0.9702557776143009,-0.22625297911707173,-0.08610061234810192,0.22423159464783496,0.9739906950315343,-0.03259321944327573,0.09123550826162609,0.012317281868919084,0.9957531654981592],"translation":[-31.00848380970398,8.329429174963803,68.33063161965971]},{"linear":[0.9727339624872939,-0.20915052716637164,-0.10022322689774363,0.20607831079003522,0.977709374603769,-0.040200853645568746,0.10639721822347342,0.018450902361012433,0.9941525014585895],"translation":[-31.096847517135803,8.274627364627936,68.83921460340545]}],"scale":{"linear":[0.24390243902439027,0.24390243902439027,0.24390243902439027]},"k":0.030064656277349004,"files":["/tmp/jl_IVnqvr/283.472 extrinsic.png","/tmp/jl_IVnqvr/intrinsic0001.png","/tmp/jl_IVnqvr/intrinsic0002.png","/tmp/jl_IVnqvr/intrinsic0003.png","/tmp/jl_IVnqvr/intrinsic0004.png"]}