{"intrinsic":{"linear":[2281.953690152814,2281.953690152814],"translation":[1153.3637446388127,867.2047411702769]},"extrinsics":[{"linear":[-0.903588720930981,-0.42838568512165337,-0.003623284306518742,0.42732353545942864,-0.901883341351437,0.06325373218413338,-0.0303647731552309,0.05560704429853565,0.9979909003470986],"translation":[-29.095619459891925,3.7600167926923906,77.23735169934143]},{"linear":[0.08114785153886828,-0.9938673550103657,0.07511795281639172,0.9960921323885218,0.08350380376514133,0.028767665015435984,-0.03486387792993471,0.0724899675917475,0.9967596072344796],"translation":[-32.65544223628056,-2.784091807900999,77.96844879420173]},{"linear":[-0.9036129670727862,-0.4283363001342641,-0.0034087718031665087,0.42727658403387364,-0.9018833083803117,0.06357058125680554,-0.030303901964278006,0.05598671317619571,0.9979715233780302],"translation":[-29.09051781660578,3.75936710522793,77.22216430522931]},{"linear":[-0.720988444595049,-0.6922140723549283,-0.031864412660800624,0.6918087539745473,-0.7216772990327892,0.024135533657288565,-0.039702779305683965,-0.004642638747959338,0.9992007482087171],"translation":[-24.881221512435246,15.008869008219865,76.22495419318]},{"linear":[0.8387168074841242,0.006310512758851746,0.544531261060702,0.03354084234910877,0.9974357954896675,-0.06322061191103624,-0.5435339260231604,0.07128822697061553,0.8363545061498954],"translation":[-22.723962849032578,1.1007516321532371,63.27575314004413]}],"scale":{"linear":[0.25641025641025644,0.25641025641025644,0.25641025641025644]},"k":-0.06859446196102019,"files":["/tmp/jl_2z9o0e/32.105 extrinsic.png","/tmp/jl_2z9o0e/intrinsic0003.png","/tmp/jl_2z9o0e/intrinsic0004.png","/tmp/jl_2z9o0e/intrinsic0005.png","/tmp/jl_2z9o0e/intrinsic0006.png"]}