{"intrinsic":{"linear":[1149.5843599824977,1149.5843599824977],"translation":[772.9476441863543,857.9873403653062]},"extrinsics":[{"linear":[0.4925075605718344,-0.6711368292503036,0.5540863282949957,0.7142986919992392,0.6754353314188214,0.18320614530992962,-0.49720587424904483,0.305552727847414,0.8120491666871207],"translation":[-17.947451644441106,5.797258270456603,35.1607904669415]},{"linear":[0.3716946454763501,-0.8126792783971298,0.44877107860036036,0.7663729563310478,0.5414295643775968,0.3457260745478933,-0.5239423463785117,0.21542148751182189,0.8240618911159365],"translation":[-17.408228452009297,5.389306203620023,31.108467110682962]},{"linear":[0.3788441659179495,-0.8145512541451875,0.4392987051203718,0.7695525021243844,0.5409416388036892,0.33936866367194063,-0.5140681320837079,0.20949557937789876,0.8317725396988567],"translation":[-17.45466227452588,5.403912329016102,31.188894106715033]},{"linear":[0.5886351612310292,-0.7862801137713525,0.18780902441104708,0.7987011367998372,0.6015386466417925,0.015091410504280214,-0.12484046233961223,0.14111994644298104,0.982089618964971],"translation":[-15.597740546641422,1.3423877018387949,30.650556951074073]},{"linear":[0.9583354383723921,-0.23684213636602108,0.1596840317664042,0.2521451559766777,0.9640980560999131,-0.08329320825773043,-0.13422372322764628,0.12008638834583979,0.9836479306423414],"translation":[-17.258828129787414,-4.379998321313383,33.145033847887646]},{"linear":[0.632223041243429,-0.6733801570533673,0.3832142875829286,0.5717452970961296,0.7392733802232984,0.3557839014650278,-0.522877941176875,-0.00583381350408918,0.8523876027081997],"translation":[-16.76644773411044,6.73716344320339,33.634301778274846]},{"linear":[0.36376464484086274,-0.7393862597486521,0.5665538297979283,0.7650371706522342,0.5841321725984305,0.2711230946560287,-0.5314070103830261,0.33480974273508857,0.7781446044826363],"translation":[-10.835852650844208,1.6343811231958245,21.077527675007747]},{"linear":[-0.8351950841811993,-0.5324602712041844,0.13760534491336357,0.5440988947754006,-0.8364329496284619,0.06585069080896924,0.08003476784339991,0.1298690893361361,0.9882957328508788],"translation":[-9.337624359503874,5.5225021668584855,17.104604563721466]}],"scale":{"linear":[0.25641025641025644,0.25641025641025644,0.25641025641025644]},"k":-0.11312032531625099,"files":["/tmp/jl_5s8J6j/170.053 extrinsic.png","/tmp/jl_5s8J6j/intrinsic0001.png","/tmp/jl_5s8J6j/intrinsic0002.png","/tmp/jl_5s8J6j/intrinsic0003.png","/tmp/jl_5s8J6j/intrinsic0004.png","/tmp/jl_5s8J6j/intrinsic0005.png","/tmp/jl_5s8J6j/intrinsic0006.png","/tmp/jl_5s8J6j/intrinsic0007.png"]}