{"intrinsic":{"linear":[943.0631237953065,943.0631237953065],"translation":[547.9843497995873,959.3084326531792]},"extrinsics":[{"linear":[-0.9929484377244326,-0.11815327752473012,-0.009654171677163433,0.11798198050108105,-0.9928749780637015,0.016719157037550055,-0.011560808693624053,0.0154622425659356,0.9998136160090946],"translation":[-9.123751482506322,5.430699540138517,32.38707811628878]},{"linear":[-0.9372994341697868,-0.34757098834314376,0.025771665975791194,0.3446314744949453,-0.9132685156540656,0.21718601497900267,-0.05195110674891758,0.21245005619483817,0.9757899651719998],"translation":[-6.366449693838057,2.5246877698865267,28.797120407714623]},{"linear":[-0.9378821284210844,-0.34590334283207025,0.026981301042316757,0.3429608733216779,-0.9125156778279658,0.22291921650813418,-0.052487641962359555,0.21832547981343742,0.9744634586814755],"translation":[-6.350061451704557,2.5163707913431783,28.748399604069157]},{"linear":[-0.8155807472724639,-0.5758982615662617,-0.05629597679627994,0.5490718059816667,-0.8009330961238659,0.23880185805279971,-0.18261488590616232,0.1638516641917198,0.9694351115918401],"translation":[-5.277791521879883,-0.6669523865831163,29.588405864761693]},{"linear":[-0.06673655135404905,-0.9969535987597336,0.04037021963507928,0.9977674170395627,-0.0667843889511947,0.0001639713842056592,0.0025326285885768456,0.04029103265531552,0.9991847769456861],"translation":[-7.587294661772833,10.278435811061662,31.258408643450974]},{"linear":[-0.9241214434429641,-0.35359019607509967,-0.14482241196881515,0.3147251361471717,-0.9193105498424392,0.23625452720643586,-0.2166740557751133,0.17274862137789943,0.9608383148927807],"translation":[-5.786627563994005,4.457199734467951,25.029922075354964]},{"linear":[-0.852876637169513,-0.2340497338770408,0.46671422074167496,0.4113668972456947,-0.8517042398904932,0.324618489311695,0.32152560958790294,0.46885030641415104,0.822678960806999],"translation":[-2.952395607272622,6.919043267051175,19.378191391038115]},{"linear":[-0.892035345196666,-0.42792453017693716,-0.14544256389624272,0.3337287907101843,-0.8406493858431585,0.42653687335638235,-0.3047917931490004,0.33194759609668534,0.8926997010611402],"translation":[-3.2784668079163763,7.634717886705718,17.928611027625667]},{"linear":[-0.9389823080816488,-0.1431093838256307,-0.3127809606908779,0.14918100284851005,-0.9887993630676296,0.00456595950086305,-0.30993104636156255,-0.04237362219705783,0.9498143095590468],"translation":[-1.0657480271249198,5.033096336161931,7.818529364901534]}],"scale":{"linear":[0.25641025641025644,0.25641025641025644,0.25641025641025644]},"k":-0.025380905827014043,"files":["/tmp/jl_ZmTS7F/233.037 extrinsic.png","/tmp/jl_ZmTS7F/intrinsic0001.png","/tmp/jl_ZmTS7F/intrinsic0002.png","/tmp/jl_ZmTS7F/intrinsic0003.png","/tmp/jl_ZmTS7F/intrinsic0004.png","/tmp/jl_ZmTS7F/intrinsic0005.png","/tmp/jl_ZmTS7F/intrinsic0006.png","/tmp/jl_ZmTS7F/intrinsic0007.png","/tmp/jl_ZmTS7F/intrinsic0008.png"]}