{"intrinsic":{"linear":[892.0523815645292,892.0523815645292],"translation":[549.5532525383419,979.6621960595093]},"extrinsics":[{"linear":[-0.9822728087683518,-0.18166483711775697,0.04623868628445058,0.18429728877942378,-0.9809742854901743,0.061024262024178474,0.03427299961903953,0.06846413778045222,0.9970647036853187],"translation":[-0.7914797254431846,3.406947368596221,29.104314169537403]},{"linear":[-0.9822743796858728,-0.15795296443980897,0.100935147681124,0.16136796605375534,-0.9865367438556495,0.02656374511183881,0.09538040964688674,0.0423805857365035,0.994538316711942],"translation":[-0.9955177992445435,3.3535712644662183,28.382965458706227]},{"linear":[-0.17742950123663126,-0.5653174128106615,0.8055650159136631,0.967715097219789,-0.24911614363494183,0.03832280774355212,0.17901469968640704,0.7863570243556772,0.5912667482132495],"translation":[-1.9991225133240476,6.775075837855855,23.564051342170384]},{"linear":[-0.575395005207113,-0.21925595593366215,-0.7879387119378776,-0.013152995612890003,-0.9607914547609087,0.2769598872848252,-0.8177698861471441,0.1697250902077586,0.5499507314886074],"translation":[-0.2594017212030416,6.416905840235046,23.95056755560365]},{"linear":[-0.9938738221317954,-0.10604630487201383,0.031128875728624286,0.08951633692550282,-0.6072082961088244,0.7894839520598617,-0.06482014428074115,0.7874339758732855,0.6129813068404402],"translation":[1.0344505498510657,6.667907316037472,21.649597153431248]},{"linear":[-0.5796854905251663,-0.1550266765131157,0.7999571623805206,0.36801591647270654,-0.9257136988810588,0.08728363493061969,0.7270000118963897,0.3449940249819489,0.5936750840564249],"translation":[0.2963612965461869,6.475774634162068,22.482973817506142]},{"linear":[-0.9927501200503608,-0.11881241433840967,-0.01818816480771291,0.07765940081582862,-0.7495285437488268,0.6574009275706034,-0.09173994007476208,0.6512223677860285,0.7533214526948228],"translation":[-0.12137207936362032,6.975877876872694,21.78543164168478]},{"linear":[-0.946438680085943,-0.2569615752129519,0.19551105774675864,0.20498091445571587,-0.946015219561901,-0.2510737522445279,0.2494727430924597,-0.19754987527540122,0.9480176144105114],"translation":[0.6452997725158292,4.729529585227158,22.850845583158012]},{"linear":[-0.9072584935316328,-0.11189495165147553,-0.40541527562442176,0.04348464362024446,-0.9837490742451783,0.17420345774689594,-0.41831938956248754,0.14041822786471914,0.8973804152082879],"translation":[-2.2335662846977185,4.631851757833817,24.768966819066858]},{"linear":[-0.7048072727969261,-0.34936170513985343,-0.6174083795951697,0.10571944452083856,-0.9123346599073999,0.3955614584130436,-0.7014770896207263,0.2135225217943596,0.679954428931684],"translation":[-6.6657852044261485,5.974657120424597,23.82947566439923]}],"scale":{"linear":[0.25641025641025644,0.25641025641025644,0.25641025641025644]},"k":0.03892198629019309,"files":["/tmp/jl_URtnOA/183.005 extrinsic.png","/tmp/jl_URtnOA/intrinsic0006.png","/tmp/jl_URtnOA/intrinsic0007.png","/tmp/jl_URtnOA/intrinsic0008.png","/tmp/jl_URtnOA/intrinsic0009.png","/tmp/jl_URtnOA/intrinsic0010.png","/tmp/jl_URtnOA/intrinsic0011.png","/tmp/jl_URtnOA/intrinsic0012.png","/tmp/jl_URtnOA/intrinsic0013.png","/tmp/jl_URtnOA/intrinsic0014.png"]}