{"intrinsic":{"linear":[992.7025140858356,992.7025140858356],"translation":[640.355099310638,942.3126052972593]},"extrinsics":[{"linear":[0.4099807129275219,-0.8932932228642217,0.1842363509525002,0.7609043182502634,0.4463511634778585,0.47095143839897535,-0.5029318378225252,-0.052894771450625405,0.8627060389597625],"translation":[-13.796304605873118,-2.7017384069956343,25.444691384464885]},{"linear":[0.8356733296015395,-0.5483118982544188,-0.03168830107961798,0.5393197256400555,0.8083231186162363,0.2361100790861267,-0.10384757930838803,-0.21440102178664533,0.9712094944596816],"translation":[-12.77500147149293,-7.671549067894994,31.806341174960195]},{"linear":[0.8349639876046178,-0.5488358193194993,-0.04017938321191244,0.5439706882704396,0.8121050688382554,0.2111427182495206,-0.08325280599463303,-0.19815297272336377,0.9766290850138111],"translation":[-12.786153743233388,-7.68094398900856,31.865840548999813]},{"linear":[0.243517952244791,-0.9637385936657202,0.10911888018910193,0.9476948972558953,0.2603671662923148,0.184616685139909,-0.20633319812779005,0.058453928833997304,0.9767342266728591],"translation":[-12.995138471642843,2.76664829535073,32.16825904779539]},{"linear":[-0.7970632130155947,-0.4734346311072873,-0.3748998326560896,0.3116244423107852,-0.8542115769063474,0.41618840545318414,-0.5172817814419423,0.21490051639649135,0.8283944269735115],"translation":[-9.74661216413957,7.417965799651857,28.417093497103348]},{"linear":[-0.9797551393336863,-0.024667728528229745,-0.1986740298038127,-0.012428462298501487,-0.9829713487565214,0.18333810528277958,-0.19981341364914273,0.18209566357561183,0.9627646488279645],"translation":[-5.757369426030912,2.833602421773757,25.756922779975493]},{"linear":[-0.7561442616206965,-0.20726599409143298,-0.6207146391953245,0.16424642055290484,-0.9782647167994403,0.12657510498067742,-0.6334579456867285,-0.006241118377443393,0.7737519495857498],"translation":[-2.722264950917912,3.8773406942499706,10.503011806111646]}],"scale":{"linear":[0.25641025641025644,0.25641025641025644,0.25641025641025644]},"k":-0.06572268135020706,"files":["/tmp/jl_uMdxpN/261.654 extrinsic.png","/tmp/jl_uMdxpN/intrinsic0001.png","/tmp/jl_uMdxpN/intrinsic0002.png","/tmp/jl_uMdxpN/intrinsic0003.png","/tmp/jl_uMdxpN/intrinsic0004.png","/tmp/jl_uMdxpN/intrinsic0005.png","/tmp/jl_uMdxpN/intrinsic0007.png"]}