{"intrinsic":{"linear":[1318.5018667962281,1318.5018667962281],"translation":[734.2421391260355,838.88134451723]},"extrinsics":[{"linear":[-0.9552361491798433,-0.28907516087577834,0.06292416598340583,0.29227782446529804,-0.8892002056055476,0.35198958461421065,-0.04579926446894924,0.3546245136982143,0.9338864393802966],"translation":[3.2974576920801595,12.302469330608487,41.11054507083785]},{"linear":[-0.8963979519879319,-0.35676338678743613,0.2630410567189065,0.37793414283437043,-0.9252433497038219,0.03302313596405257,0.23159554259935672,0.12901406774770272,0.9642193085451567],"translation":[2.174617955388005,13.280733745892677,36.86778634388874]},{"linear":[-0.9059954407057506,-0.42158168955286346,0.03796235575073765,0.39431174073910036,-0.8079640061710394,0.437849764014262,-0.15391722624739895,0.4116588924896406,0.8982463157166353],"translation":[2.16854218619707,13.076488831443854,36.24830702755472]},{"linear":[-0.9551925706619352,-0.2893803604515429,0.062178452354322844,0.29224035708262075,-0.8887525747899575,0.353149309069752,-0.046933214725459055,0.35549664947669474,0.9334984764670898],"translation":[3.2965603995566375,12.303295695429913,41.1143078021713]},{"linear":[0.955426763487569,-0.2946627320724624,0.018264006659581507,0.2935178074885467,0.9414224699180558,-0.16604526437241068,0.0317332049876058,0.16400490072244667,0.9859489825747756],"translation":[-11.750123857650216,7.656380311138522,43.90726379677645]},{"linear":[-0.5468324822545538,-0.8372133019804748,-0.006937098692780224,0.8371616932295058,-0.5466464472039575,-0.018383719656200267,0.011598954281739259,-0.015860288340419908,0.9998069391204129],"translation":[-3.8471434624434186,16.240380888107783,36.97950505516746]},{"linear":[-0.4211865945948182,-0.8617747263821789,0.28274754376040273,0.8823105876564652,-0.31710769851599796,0.34780847380590096,-0.21007112948457085,0.3959634181471915,0.8939144769195032],"translation":[-3.054780573583998,16.36997210821905,39.692347834423636]},{"linear":[-0.30686579482787313,-0.8296261138655728,0.4664267307487483,0.8721211939497279,-0.4413435368312191,-0.21123566356326173,0.3811010456930797,0.3419596375153331,0.858967752178173],"translation":[-3.629772528138093,15.572438073350268,34.8375461082753]},{"linear":[-0.790482133079482,-0.5245616893634146,-0.31618512193699494,0.5894601816773997,-0.7917705717395489,-0.1601126351793469,-0.16635712037348716,-0.31294471681021885,0.9350887191714018],"translation":[-4.791943402225342,12.821946069655848,36.84454529249739]},{"linear":[-0.6567645381937486,-0.530448835014585,0.5359891554899424,0.5990251806233712,-0.7987361107003519,-0.05647529054739432,0.45807114551157835,0.28398003256381377,0.842333762088856],"translation":[-4.993355313892636,10.855339544810857,37.97949131514229]},{"linear":[-0.9034303342048564,-0.41923254262610266,0.08976472827204873,0.4262233068950062,-0.8556021581237567,0.29373225848288376,-0.046339226342129475,0.30362645177458314,0.951663624336241],"translation":[-1.0497100455954933,7.932166422319463,31.95763241930315]},{"linear":[-0.991012415579784,-0.13096350163866755,-0.027257171629867467,0.12722057968687767,-0.9856956974956731,0.11053920590746688,-0.041343878275461036,0.10607805228725342,0.9934979267980817],"translation":[-5.506261582056312,7.033391017823316,31.183352381607783]}],"scale":{"linear":[0.25641025641025644,0.25641025641025644,0.25641025641025644]},"k":-0.2301571343045267,"files":["/tmp/jl_7guwyU/495.528 extrinsic.png","/tmp/jl_7guwyU/intrinsic0001.png","/tmp/jl_7guwyU/intrinsic0002.png","/tmp/jl_7guwyU/intrinsic0003.png","/tmp/jl_7guwyU/intrinsic0004.png","/tmp/jl_7guwyU/intrinsic0005.png","/tmp/jl_7guwyU/intrinsic0006.png","/tmp/jl_7guwyU/intrinsic0007.png","/tmp/jl_7guwyU/intrinsic0011.png","/tmp/jl_7guwyU/intrinsic0012.png","/tmp/jl_7guwyU/intrinsic0013.png","/tmp/jl_7guwyU/intrinsic0014.png"]}