{"intrinsic":{"linear":[5782.587725360585,5782.587725360585],"translation":[960.3818390074468,539.3472855533205]},"extrinsics":[{"linear":[0.6238890536299817,-0.7775314268188629,0.07878660463371265,0.776018609612533,0.6282799248575304,0.05531232734252767,-0.0925071148383565,0.02663111582414468,0.9953558245041036],"translation":[-21.746017621538467,9.416907468027922,195.55291070321127]},{"linear":[0.6655556105920767,-0.7426173261734343,-0.0745334560880344,0.7438049784266778,0.6517346867339414,0.1483106610311626,-0.06156202788324345,-0.15414734825753615,0.9861281416469526],"translation":[-17.972954715175643,5.417577394744422,135.95768746990205]},{"linear":[0.6644424018603194,-0.7391382275542633,-0.11041274916435972,0.7463117563863801,0.6485017309382641,0.14988084350427047,-0.03917980206134473,-0.18198952040713026,0.9825195965335332],"translation":[-17.922709533839914,5.397841096991985,135.48704684418155]},{"linear":[0.6412704076771417,-0.7270598344389152,0.2452677340851211,0.7546520366674216,0.6554315207515374,-0.030163308158080257,-0.1388256741071508,0.2044346319755636,0.9689860233551931],"translation":[-20.875390539156516,8.712136208290454,187.5870449463912]},{"linear":[0.9616235041608568,-0.01601390649678425,-0.2739047116135587,0.01637099255992971,0.999865503926077,-0.0009821717033509504,0.27388360091103897,-0.0035396126008912844,0.9617563331190694],"translation":[-20.472005657244512,13.939077759021206,150.6943591375708]},{"linear":[-0.8082269811496399,-0.5696158972543198,0.14935486780448765,0.5177453583352495,-0.8082054732388516,-0.2806130021026612,0.2805510485883877,-0.14947121001022312,0.9481294566218456],"translation":[-20.711469683584387,17.9254763536877,183.94095208392852]},{"linear":[-0.9685324288198294,-0.20343196176478417,-0.14338888121780394,0.24773603718717507,-0.8433341362644188,-0.476879849112899,-0.023912135060606722,-0.4973961917261512,0.867193887347671],"translation":[-15.685478592340955,14.889855173477269,139.04663086605314]},{"linear":[0.9840578884570037,-0.05322356387730451,-0.16969774428006346,0.15032196664120465,0.7588313515678493,0.6337020484603406,0.09504408719464817,-0.649108798373516,0.7547346483125221],"translation":[-12.225155381401882,3.887256452871295,84.7566103302169]}],"scale":{"linear":[0.25641025641025644,0.25641025641025644,0.25641025641025644]},"k":-0.30749486961176364,"files":["/tmp/jl_95td8q/179.5 extrinsic.png","/tmp/jl_95td8q/intrinsic0001.png","/tmp/jl_95td8q/intrinsic0002.png","/tmp/jl_95td8q/intrinsic0003.png","/tmp/jl_95td8q/intrinsic0004.png","/tmp/jl_95td8q/intrinsic0005.png","/tmp/jl_95td8q/intrinsic0006.png","/tmp/jl_95td8q/intrinsic0007.png"]}