{"intrinsic":{"linear":[3863.3704425755473,3863.3704425755473],"translation":[1284.6829441017032,637.2364197801303]},"extrinsics":[{"linear":[0.9439026408793334,-0.13005785174905765,0.30353378681695453,0.13984705470742215,0.9901159467768816,-0.01064017047695083,-0.29914980499856514,0.05249159110314186,0.9527612644481203],"translation":[-34.65783558102027,9.599393149152542,126.27825472699958]},{"linear":[0.9440111849368709,-0.129958587415435,0.3032385995731251,0.1409725962875298,0.989905560278691,-0.014618783303824327,-0.29827773938066265,0.056548627625396614,0.9528025204120978],"translation":[-34.66680591537151,9.601512850547254,126.31159909558892]},{"linear":[-0.4765528707221514,-0.8777665123281679,-0.049227139280289836,0.860106105277797,-0.4770909492920615,0.18055944663035328,-0.18197485834679517,0.04370555958736021,0.9823313977425439],"translation":[-34.173223362351635,9.166460039054403,127.87449506896094]}],"scale":{"linear":[0.25641025641025644,0.25641025641025644,0.25641025641025644]},"k":-0.1813613814101416,"files":["/tmp/jl_0g0I8O/390.513 extrinsic.png","/tmp/jl_0g0I8O/intrinsic0005.png","/tmp/jl_0g0I8O/intrinsic0007.png"]}