{"intrinsic":{"linear":[3859.2069593430956,3859.2069593430956],"translation":[1000.7976583363782,522.0419442430019]},"extrinsics":[{"linear":[-0.9551269531152339,-0.24633853407406353,0.1644683254096403,0.2869672642788695,-0.9071329281099056,0.30783053774934394,0.07336411019777575,0.34121426899968615,0.9371182049058158],"translation":[-19.981020541568522,14.011480290212253,121.61930945999663]},{"linear":[-0.954467596787767,-0.24700319708541735,0.16727530395060353,0.2905706866240965,-0.8967140136675402,0.3338752068768382,0.06752986566686926,0.3672783662589357,0.9276563582066268],"translation":[-20.18651094361714,11.876479228394231,122.89306896162078]},{"linear":[-0.9544184191922652,-0.24717460523110182,0.16730270659910582,0.29072891107376525,-0.8967292394568926,0.3336965258568416,0.06754392180204083,0.3671258444074893,0.9277157069898557],"translation":[-20.187492176725307,11.877083791577425,122.89717898085598]},{"linear":[-0.9545273386171955,-0.2497806564136239,0.16274883567618262,0.29138019191771225,-0.8971071304441707,0.3321089885327151,0.06304873980002379,0.36442889592869154,0.9290944172805173],"translation":[-20.228010985374713,11.902881218713487,123.17290849282588]},{"linear":[-0.954286954368749,-0.24171766662342256,0.17580949452104425,0.2901041139002511,-0.8906365117904204,0.3501516913623903,0.07194450513949804,0.3851482487405603,0.920046093775911],"translation":[-20.165090968338866,11.851042509168575,122.72763877139369]},{"linear":[-0.9547052942942887,-0.24697407369432028,0.1659566448482478,0.28769301765944816,-0.9085513030290843,0.3029311099147016,0.07596399565883478,0.33695450239904057,0.9384514556846075],"translation":[-20.002159604287115,14.031244871972245,121.80938842814624]},{"linear":[0.01850036525768095,-0.9997975912972893,-0.007906511333756416,0.8911354193386624,0.01290291302269253,0.4535539430273264,-0.4533601227340565,-0.015436685902979863,0.8911937543783024],"translation":[-20.620291781793878,23.519336819887783,108.9420636449625]},{"linear":[-0.41411671620924534,-0.8666219767821606,0.27834096844383593,0.9061274570496674,-0.4214838309319831,0.03583869199069012,0.08625761958676734,0.26705379536917384,0.9598134680458201],"translation":[-20.382120306041852,8.386487399053275,102.51476547804711]},{"linear":[-0.9910185948617007,-0.06339399429893415,0.11774271155857781,0.09808605740034133,-0.9430655756435375,0.3178151119436893,0.09089152865914783,0.3265096040286557,0.9408135886003419],"translation":[-18.40767966898846,17.3141937116387,118.44577123723074]},{"linear":[-0.8753841038494566,-0.035727648817876566,-0.4821060109951235,0.07808338693148212,-0.994620179726684,-0.06807115957413266,-0.4770803448193942,-0.0972328812203211,0.8734644305274272],"translation":[-16.103643589964012,14.009339574109351,98.51095651836715]},{"linear":[-0.7118978122626234,-0.15699555750980795,0.6845099705759408,0.3743834470848276,-0.9094832248138425,0.18076863204410182,0.5941704632885858,0.3849579960260579,0.7062356560320562],"translation":[-17.87700258197043,13.729138612251084,87.55721445699862]},{"linear":[-0.932242164818521,-0.2012904430624275,-0.30067707539187216,0.2533276376274312,-0.9564294204088583,-0.14514775847556408,-0.2583595443342144,-0.21148267377756366,0.9426162657960608],"translation":[-15.701855721256425,15.861256601367774,96.23038505546249]},{"linear":[0.7892028854441087,-0.31672609617637204,-0.5261590877363694,0.2034423839240388,0.9432076510755785,-0.2626223969424422,0.5794566437879515,0.10021929431683897,0.8088177118588822],"translation":[-20.320007849342865,14.963195767793955,89.67281319155623]},{"linear":[-0.8444760746003734,-0.478281089039402,-0.241054681130295,0.5021789757076381,-0.8635455441222406,-0.045884306509426105,-0.18621609969272773,-0.15980079190638338,0.9694262587331338],"translation":[-16.227469944768977,10.35058573304123,99.09296439917577]},{"linear":[-0.9525930111147766,-0.20549543758902913,-0.22436171755755643,0.2487963309619168,-0.9505909956351083,-0.18568022166440354,-0.175119790072886,-0.23269805359638726,0.9566528497722052],"translation":[-16.12061875874023,11.560707964259048,105.0262447244427]}],"scale":{"linear":[0.25641025641025644,0.25641025641025644,0.25641025641025644]},"k":-0.7084240865398034,"files":["/tmp/jl_NzYzpL/543.0 extrinsic.png","/tmp/jl_NzYzpL/intrinsic0001.png","/tmp/jl_NzYzpL/intrinsic0002.png","/tmp/jl_NzYzpL/intrinsic0003.png","/tmp/jl_NzYzpL/intrinsic0004.png","/tmp/jl_NzYzpL/intrinsic0007.png","/tmp/jl_NzYzpL/intrinsic0008.png","/tmp/jl_NzYzpL/intrinsic0009.png","/tmp/jl_NzYzpL/intrinsic0010.png","/tmp/jl_NzYzpL/intrinsic0011.png","/tmp/jl_NzYzpL/intrinsic0012.png","/tmp/jl_NzYzpL/intrinsic0013.png","/tmp/jl_NzYzpL/intrinsic0014.png","/tmp/jl_NzYzpL/intrinsic0015.png","/tmp/jl_NzYzpL/intrinsic0016.png"]}