{"intrinsic":{"linear":[2406.3277398832497,2406.3277398832497],"translation":[985.1230517828415,751.0268118054623]},"extrinsics":[{"linear":[-0.8843541352823472,-0.17864671435827512,-0.43128078424386673,0.2663668646809208,-0.9518231607744535,-0.1519255212707361,-0.38336204403809715,-0.24923487328686916,0.8893343134775642],"translation":[-10.275455673574749,9.9442226404116,67.18575993431158]},{"linear":[0.9965163920114138,-0.079260303623025,-0.02594002162951759,0.06481477451339268,0.9317891858077555,-0.3571665692873537,0.052479762359713626,0.3542410443205387,0.933680436263587],"translation":[-13.190048669679813,5.888112002382754,71.81850944880277]},{"linear":[-0.0719500988312814,-0.9264562703184906,0.36946171989222476,0.993718998076528,-0.03475429852318096,0.10637053913534147,-0.08570727005307327,0.3747945009224569,0.9231377719161622],"translation":[-14.880128733931722,1.94913084408179,72.93234464452881]},{"linear":[0.9750952196973709,-0.11550059669793458,0.18933812264242222,0.08688996373089858,0.9843959182702361,0.15301898671649208,-0.20405745937401792,-0.13275649986091045,0.9699155968528917],"translation":[-8.281489872831138,4.5421444552452295,73.12340286169518]},{"linear":[-0.9159215417703239,-0.1861369071399951,0.3555851250002307,0.2825417319813381,-0.9282638676104773,0.2418602112333155,0.28505771171827393,0.32199261465008033,0.9028083169204559],"translation":[-12.532918712389534,7.157005563599571,64.0830172436673]},{"linear":[-0.9298227140242113,-0.09039195047279207,-0.3567338164155087,0.21384484689656114,-0.9216221195323964,-0.3238565272530407,-0.2994997528219946,-0.3774148434790787,0.8762750332978947],"translation":[-7.740631832995497,6.684184796281572,55.08828796141549]},{"linear":[-0.9677209058322269,-0.08300475169342597,-0.23796314759131723,0.13915176205139962,-0.9632137904189324,-0.22990428674729807,-0.2101262371367388,-0.25559617591643635,0.943672379231081],"translation":[-7.348457933705706,6.150430413035552,51.150517532624676]}],"scale":{"linear":[0.25641025641025644,0.25641025641025644,0.25641025641025644]},"k":-1.0984044281483043,"files":["/tmp/jl_4ZCFae/220.5 extrinsic.png","/tmp/jl_4ZCFae/intrinsic0003.png","/tmp/jl_4ZCFae/intrinsic0004.png","/tmp/jl_4ZCFae/intrinsic0005.png","/tmp/jl_4ZCFae/intrinsic0006.png","/tmp/jl_4ZCFae/intrinsic0007.png","/tmp/jl_4ZCFae/intrinsic0008.png"]}