{"intrinsic":{"linear":[1239.190836020552,1239.190836020552],"translation":[723.9486140134059,682.9394367405441]},"extrinsics":[{"linear":[-0.4024079924033647,-0.8816960161080468,0.24633299175931067,0.8956541429426615,-0.32351149430406706,0.30519496929470535,-0.18939763430291334,0.34344205949817597,0.9198783005855238],"translation":[-6.3025017734337165,3.707936760415561,39.05424896820215]},{"linear":[0.6234331610637953,-0.749031184552727,0.224239555506032,0.7720412839771512,0.6350774655667644,-0.025077251926938507,-0.12362584487442665,0.18875618479094702,0.9742113493396851],"translation":[-12.726993886429938,11.294779319304855,32.86203567969891]},{"linear":[0.6259322808067685,-0.7517801464779109,0.20744973175612402,0.7707212370538915,0.6369385416547565,-0.017264672276977824,-0.11915349175813654,0.17069242958128794,0.9780933185977098],"translation":[-12.698689756273527,11.274709365058813,32.8196887924506]},{"linear":[0.6036918748358849,-0.48407859235040895,0.6334224788284519,0.7217517641973763,0.6693024838588725,-0.17637623416525963,-0.338571279253142,0.5636506910564292,0.7534370493521675],"translation":[-12.628174355492073,10.911393372263605,38.18108588386823]},{"linear":[-0.3789731260172687,-0.906662702449151,0.185316253319296,0.9248331036843561,-0.3781217540071811,0.04132395765283829,0.03260521562971466,0.1870472751315423,0.9818096642321286],"translation":[-6.594977463549133,4.157943333645172,40.74998641266247]},{"linear":[-0.910178279519471,-0.40343792328291267,0.09387939895497247,0.41348079075333094,-0.8984227499684081,0.1478857600217272,0.02468066386822683,0.17341973473735445,0.9845387043862976],"translation":[-12.502242350574301,11.194882028933854,41.66849149864782]},{"linear":[0.06931100118227002,-0.9970948832349407,-0.03158763906675033,0.9263861131081457,0.0525829270796801,0.37288578039409737,-0.3701415331403561,-0.05510743694305684,0.9273394286010239],"translation":[-9.041486089322545,14.021709269297414,32.17829728471542]},{"linear":[-0.9133524942546317,-0.2081001556328109,0.3499736368134639,0.3979395168838832,-0.638200480924028,0.6590480157397945,0.0862053486801373,0.7412114889651528,0.6657132764824484],"translation":[-4.6087547005785385,10.644256015703295,27.696087730791117]},{"linear":[-0.8925908430442929,-0.44798971029504153,-0.050860656535706344,0.2869573980905521,-0.6514775610408303,0.7023050897874737,-0.3477600301854409,0.6122762505030356,0.7100568670714799],"translation":[-4.221523526302436,10.32414109353625,26.3213443165344]},{"linear":[-0.05452544847761043,-0.8479885888903321,0.5272023601806984,0.885452873232894,0.20297694105621855,0.4180592908704136,-0.4615194305247918,0.48960771492210353,0.7397865237599481],"translation":[-8.45089903155998,14.624614248090431,23.517036472105826]},{"linear":[0.3913616729666796,-0.835784700613796,-0.3850973580182405,0.8926662180495788,0.24312858667332798,0.37952010947417736,-0.22356892468718303,-0.4922930271313388,0.841227978227115],"translation":[-9.459201798415261,15.015098747912681,23.92277965012346]},{"linear":[-0.9365539332476275,-0.350516547538556,-0.0022090767414806867,0.27572595822765955,-0.7405811178937851,0.6127926270596199,-0.21642995651673883,0.5733042453364904,0.7902406697970688],"translation":[-2.0997330156858234,6.451150526796364,15.102594378811188]},{"linear":[-0.8772601270033258,-0.47807779257318234,0.04308472836703944,0.47997183258933257,-0.8748477752139062,0.06533307067722981,0.0064582885462022115,0.07799355391076541,0.9969329446143418],"translation":[-2.4563938673967893,5.771228607621221,10.373136446033438]}],"scale":{"linear":[0.25641025641025644,0.25641025641025644,0.25641025641025644]},"k":-0.11406448231752449,"files":["/tmp/jl_vXTvBU/212.345 extrinsic.png","/tmp/jl_vXTvBU/intrinsic0001.png","/tmp/jl_vXTvBU/intrinsic0002.png","/tmp/jl_vXTvBU/intrinsic0003.png","/tmp/jl_vXTvBU/intrinsic0004.png","/tmp/jl_vXTvBU/intrinsic0005.png","/tmp/jl_vXTvBU/intrinsic0006.png","/tmp/jl_vXTvBU/intrinsic0007.png","/tmp/jl_vXTvBU/intrinsic0008.png","/tmp/jl_vXTvBU/intrinsic0009.png","/tmp/jl_vXTvBU/intrinsic0010.png","/tmp/jl_vXTvBU/intrinsic0011.png","/tmp/jl_vXTvBU/intrinsic0012.png"]}