{"intrinsic":{"linear":[1710.7675832554678,1710.7675832554678],"translation":[818.5414160354339,523.313674504641]},"extrinsics":[{"linear":[0.9784082519524799,-0.20667278744966133,0.0019108739047354537,0.19714370352163452,0.9304406952772779,-0.3088923319438499,0.06206168442015227,0.3025995232972497,0.9510950929466573],"translation":[-18.33919686997706,17.449624480216308,65.86234903761286]},{"linear":[0.978110111115841,-0.20807628756177984,-0.0022066008847979462,0.19688580553229176,0.9288349962789908,-0.3138495328454514,0.06735421377210092,0.3065449530524275,0.9494701689074951],"translation":[-18.33972773383788,17.461217892145346,65.90112972287348]},{"linear":[0.9661341055036422,-0.2532378303833015,-0.049552915609834186,0.16019487065488242,0.739173141917331,-0.6541870295901064,0.20229308836078072,0.6240942777584324,0.7547077837617934],"translation":[-17.603366475984625,16.09158109213173,61.89248238138008]}],"scale":{"linear":[0.24390243902439027,0.24390243902439027,0.24390243902439027]},"k":-0.2839253434387908,"files":["/tmp/jl_buOCVw/185.426 extrinsic.png","/tmp/jl_buOCVw/intrinsic0003.png","/tmp/jl_buOCVw/intrinsic0004.png"]}