{"intrinsic":{"linear":[2800.5725150731564,2800.5725150731564],"translation":[735.8611154323165,428.4174095982128]},"extrinsics":[{"linear":[-0.6081960821726082,-0.7606974036357004,0.22679723484159672,0.7933113090471275,-0.5923821053162626,0.14050127486612074,0.027471668457207915,0.2653731361742873,0.963754328669501],"translation":[-10.709368534154164,20.16865828693532,93.98735811087018]},{"linear":[-0.7984674726908254,-0.5635981086442873,0.2116763259963383,0.5962911832756778,-0.6918859733883871,0.4071002635421602,-0.08298505770569836,0.45127704546208236,0.8885170276570932],"translation":[1.3345987519970586,20.823220031443796,88.05789227774223]},{"linear":[-0.7972799555262604,-0.567204323527092,0.20645563176677575,0.598182313408786,-0.696693321997207,0.39597516968796087,-0.0807625683157582,0.4392011731048432,0.8947512152002771],"translation":[1.3305680129897453,20.879036229856094,88.29556113475405]},{"linear":[-0.7961087635810331,-0.5969400776763613,0.09936488420573325,0.5956964297069468,-0.8019462480239716,-0.0450330868881004,0.10656735045911314,0.023340071636876653,0.9940315089936084],"translation":[1.2867016920640384,21.526575793546474,91.78562752396412]},{"linear":[-0.419771529754075,-0.9033931069996747,0.08759427511771828,0.9072337164314231,-0.4204806210386603,0.011091938557849214,0.026811314364504554,0.08412455976953065,0.9960944793871869],"translation":[-3.822760330416535,27.744766903266427,88.0726312579952]},{"linear":[-0.37801590033928184,-0.8808370430121167,0.2850089169628781,0.9041159736325798,-0.28499666169914556,0.31835704647887964,-0.1991940895536181,0.37802514000792786,0.9041121104204346],"translation":[-3.8272505885276074,26.63495045604494,87.2305012201556]},{"linear":[-0.35422457799294294,-0.9121484349368207,0.20617997232522317,0.9138983385262771,-0.38439927120608586,-0.13048765127451792,0.1982795379877399,0.14220560093940884,0.969774608801875],"translation":[-4.310879154105083,24.941834294071178,79.89819400202073]},{"linear":[-0.2578444080655541,-0.9610888263795466,0.0991187622890316,0.9603860503648628,-0.2661684464652062,-0.08254085273897771,0.10571137826129667,0.073909579316109,0.9916463475410034],"translation":[-3.6600859565226616,24.593834048237074,82.03110557639732]},{"linear":[-0.43452858567595826,-0.9003354049402365,0.02410532807393298,0.8941758781004373,-0.43445195890878613,-0.10817113489110772,0.10786290953688954,-0.02544904735778819,0.9938399965461331],"translation":[-6.065400266994888,22.411282140293576,70.79215010451492]},{"linear":[-0.5967748348858439,-0.7992616550126042,0.07099720609634348,0.7987919309208256,-0.6001463003523423,-0.041903093790018366,0.07610024666683175,0.03170528346993779,0.996595970018612],"translation":[-9.257624830983138,29.831634503894254,92.63553236842836]},{"linear":[-0.6084073915112856,-0.7595078333557361,0.230191870025221,0.7932213717292675,-0.5912046844503076,0.145865953930145,0.025304177251434953,0.27133903544327603,0.9621511453292255],"translation":[-10.710766725070554,20.16703401874389,93.98584067743414]},{"linear":[-0.7167334619558042,-0.6498806697091136,0.2528799312940474,0.6956170847771709,-0.6407615986010065,0.3248714286058308,-0.04909191256162733,0.4087538243206014,0.9113233757697237],"translation":[-8.758994348580082,18.34014819548084,73.75293609675923]}],"scale":{"linear":[0.25641025641025644,0.25641025641025644,0.25641025641025644]},"k":-0.1621007962248257,"files":["/tmp/jl_FoCJFH/498.0 extrinsic.png","/tmp/jl_FoCJFH/intrinsic0001.png","/tmp/jl_FoCJFH/intrinsic0002.png","/tmp/jl_FoCJFH/intrinsic0003.png","/tmp/jl_FoCJFH/intrinsic0005.png","/tmp/jl_FoCJFH/intrinsic0006.png","/tmp/jl_FoCJFH/intrinsic0009.png","/tmp/jl_FoCJFH/intrinsic0010.png","/tmp/jl_FoCJFH/intrinsic0011.png","/tmp/jl_FoCJFH/intrinsic0012.png","/tmp/jl_FoCJFH/intrinsic0013.png","/tmp/jl_FoCJFH/intrinsic0014.png"]}