{"intrinsic":{"linear":[895.3251453263982,895.3251453263982],"translation":[660.4626212779326,877.0283064312845]},"extrinsics":[{"linear":[-0.8398421219351663,-0.4089194700336647,-0.3570015087514673,0.38263238325168947,-0.912450175241341,0.1450073687409652,-0.3850424255982312,-0.014817041858375526,0.9227799227118011],"translation":[-3.1060460905655285,0.8260796945412119,27.56857467646563]},{"linear":[-0.21772435726535083,-0.9592771385399429,-0.1799540933905337,0.9489603151305993,-0.251167915052566,0.19075900700984125,-0.22818944883719655,-0.12923641097912789,0.965001308556942],"translation":[-8.460186816473003,1.152513226277887,25.722961702678603]},{"linear":[-0.5672782244234403,-0.8202564234999322,-0.07331313526298337,0.8034936548292463,-0.5707974509554034,0.1690805034057854,-0.18053631973685724,0.03700904875720999,0.9828717960985336],"translation":[-6.948336685204727,7.370046275569025,27.956945294162388]},{"linear":[-0.7864381864588051,-0.5455306231739743,-0.2896745036395173,0.29328974289927234,-0.7425520388437163,0.6021607728166277,-0.543595534924142,0.388603665433633,0.7439698149939153],"translation":[-1.7936644810921105,5.995242803163806,23.954325785390445]},{"linear":[-0.18968883964841277,-0.6224747945309285,0.759304467448017,0.9794621811166556,-0.17380521126466775,0.10220364132186016,0.06835188274687098,0.7630968999484418,0.6426594287910474],"translation":[-4.615568749421312,0.21299706154147618,17.439162471704524]},{"linear":[-0.4659662393368901,-0.7843056904619743,-0.4095607985479105,0.8497901178024818,-0.5256213515984587,0.03973600922405232,-0.24643907864517045,-0.32952508046091966,0.9114170296103448],"translation":[-4.1140254688914935,2.6067617731321078,20.813002891203556]},{"linear":[0.639726026210158,0.00937156916394936,-0.7685458900291938,0.023782598613141772,0.99920550265849,0.031980485615459596,0.768234989695579,-0.0387367673973932,0.6389948853152377],"translation":[-3.4418012620428438,-3.691715980414467,22.99082994858468]},{"linear":[-0.9551690782921852,0.01756115011391876,-0.29553957075345094,0.09521350450961748,-0.9269871351994922,-0.36280744167345286,-0.28033269597650334,-0.37468180791348177,0.8837573888716463],"translation":[-3.087314731795549,0.963957219710571,23.534302455932533]},{"linear":[-0.9769083216441464,-0.1896982005876192,-0.09830932710702628,0.20490997046020995,-0.9621575719327193,-0.1796238034853116,-0.06051475116376814,-0.19562054970363763,0.978810791432764],"translation":[-3.4525448824113516,-0.4092268095972622,23.781504562571936]}],"scale":{"linear":[0.25641025641025644,0.25641025641025644,0.25641025641025644]},"k":-0.24995124412797465,"files":["/tmp/jl_LeNud5/341.372 extrinsic.png","/tmp/jl_LeNud5/intrinsic0003.png","/tmp/jl_LeNud5/intrinsic0004.png","/tmp/jl_LeNud5/intrinsic0005.png","/tmp/jl_LeNud5/intrinsic0006.png","/tmp/jl_LeNud5/intrinsic0007.png","/tmp/jl_LeNud5/intrinsic0014.png","/tmp/jl_LeNud5/intrinsic0015.png","/tmp/jl_LeNud5/intrinsic0016.png"]}