{"intrinsic":{"linear":[900.3743006470219,900.3743006470219],"translation":[576.7994847772558,945.2501916646196]},"extrinsics":[{"linear":[-0.996121957032105,0.010183709374008202,0.08739186908354266,-0.017890485928615623,-0.9959719952562446,-0.08786190971367194,0.08614509406673909,-0.08908466045667554,0.9922917645730774],"translation":[10.079895205654969,-0.1287131540938307,28.931991292793224]},{"linear":[-0.9961519946888138,0.010674843301989752,0.08698994883304102,-0.018623023885626387,-0.9956697475637533,-0.09107654345487011,0.08564103256531018,-0.09234609632685843,0.9920372029487289],"translation":[10.083077573755972,-0.13057928022266266,28.940948774801438]},{"linear":[-0.9961370971634685,0.010691469380052183,0.08715833945890575,-0.018675972871507164,-0.9956468752117222,-0.09131543088895826,0.08580263219762649,-0.09259045503521833,0.9920004616653816],"translation":[10.082989015249247,-0.13066626253554486,28.94104458912802]},{"linear":[-0.9992920911540524,0.01784231294416685,0.03312051366998792,-0.021173004881892245,-0.9944453515490569,-0.10310260252168402,0.03109695196048654,-0.1037308760749441,0.9941191502669547],"translation":[10.076939325377845,-0.11157973928055351,28.960826547971372]},{"linear":[-0.11007510308695834,-0.9939081045466334,-0.005491028766461473,0.9741484677319721,-0.10678689462247792,-0.19907617123186472,0.19727705009921054,-0.027262407329625093,0.979968635544397],"translation":[-4.491322351588216,-2.4248759676618845,25.45024156349622]},{"linear":[-0.06467574620392413,-0.9923540486802304,-0.10512131049849549,0.9827550376512509,-0.04505243459138175,-0.17933994008161722,0.17323274466466893,-0.11490744190584337,0.978154740299612],"translation":[-7.6566837672684,-0.8818831989192015,25.494562133950126]},{"linear":[-0.6860907471483795,-0.06112174981919172,-0.7249438725697449,0.6491238937016232,-0.5013817637357489,-0.5720616204735932,-0.3285082301906944,-0.8630645738832464,0.3836689771205225],"translation":[-8.753083485085451,-1.654832284342215,22.006188850280306]},{"linear":[-0.18758593161057086,-0.9811820399104709,-0.04575284492707987,0.9815069288626985,-0.1854316271866902,-0.047531676105627085,0.038153202438434244,-0.053823008054395424,0.9978213351836434],"translation":[-2.3202502411375727,9.640470794625644,29.956306971639027]},{"linear":[-0.18079993304469144,-0.9814960553146092,-0.06306248974546283,0.8259320640173359,-0.18633107530997794,0.5320873574911272,-0.5339921439863122,0.0441160262907804,0.8443377087310578],"translation":[-2.811194800083453,6.992864944760804,25.765477219112952]},{"linear":[-0.3827061533654919,-0.9145109029111306,-0.1311709138218421,0.8440122176934176,-0.2883404975749391,-0.45222022714875926,0.375738441685739,-0.2837773174778158,0.88220805795723],"translation":[-4.663069323634784,6.58101328280038,26.331182656225636]},{"linear":[-0.3998513504373831,-0.9165110334014879,-0.011243807484034841,0.91432564438846,-0.3979780529626495,-0.0749805666402034,0.06424572800605888,-0.040261582350865466,0.9971216031255046],"translation":[-3.1364256190298643,6.4713466558055375,19.833737350161915]},{"linear":[-0.7706389548762946,-0.10863144494219665,-0.6279449103201199,0.14052967361610136,-0.9900757576983927,-0.0011852642347608897,-0.6215842759115814,-0.08915830408730685,0.7782568886632171],"translation":[-4.762273543064352,3.8889183626420554,18.509805960852336]}],"scale":{"linear":[0.25641025641025644,0.25641025641025644,0.25641025641025644]},"k":-0.0826951057740887,"files":["/tmp/jl_9ooaP4/285.501 extrinsic.png","/tmp/jl_9ooaP4/intrinsic0001.png","/tmp/jl_9ooaP4/intrinsic0002.png","/tmp/jl_9ooaP4/intrinsic0003.png","/tmp/jl_9ooaP4/intrinsic0004.png","/tmp/jl_9ooaP4/intrinsic0005.png","/tmp/jl_9ooaP4/intrinsic0007.png","/tmp/jl_9ooaP4/intrinsic0009.png","/tmp/jl_9ooaP4/intrinsic0010.png","/tmp/jl_9ooaP4/intrinsic0011.png","/tmp/jl_9ooaP4/intrinsic0012.png","/tmp/jl_9ooaP4/intrinsic0013.png"]}