{"intrinsic":{"linear":[1176.9633925238963,1176.9633925238963],"translation":[923.710760649576,533.0983961427881]},"extrinsics":[{"linear":[0.9978640253568307,-0.023205341869307537,-0.061064711637663055,0.018888737140756822,0.9973441890417647,-0.07034048758611543,0.06253481036902385,0.06903680680154338,0.9956522067462898],"translation":[-24.209621544153133,18.547111988985357,48.012648822376846]},{"linear":[0.5766613662053687,0.2553585879705133,0.7760500372243165,0.4846908609535678,0.6577386922788312,-0.5765887459770802,-0.6576750246392565,0.7086408146790857,0.25552251904032797],"translation":[-17.639751561834238,11.868533892444184,23.708495773593356]},{"linear":[0.575602295838428,0.2503308123479573,0.7784706040787553,0.47583027913163,0.6716869869118988,-0.567822275958534,-0.6650319860631108,0.6972596905044964,0.267509591436509],"translation":[-17.776515920158968,12.001577508639219,23.945870329176767]},{"linear":[0.9971294667298964,-0.028380316797110536,-0.07019532888624229,0.02318317382537095,0.9970053668392911,-0.07377559857454902,0.07207889448607484,0.07193647275302015,0.9948013755808338],"translation":[-24.236115047604333,18.57564396637362,48.076720257515554]},{"linear":[0.9983335993429143,-0.02344415061245914,-0.05272946259049255,0.019502808628785288,0.997063278977905,-0.07405712774215155,0.0543108173259324,0.07290534627781907,0.9958589988575193],"translation":[-24.230605829839984,18.568381743645027,48.04680116853601]},{"linear":[-0.9749173976132058,-0.08972035825462524,-0.20368192149956643,0.014936964702077365,-0.9394609807856574,0.34233018077104904,-0.22206520420043913,0.33070125928987926,0.9172370043710103],"translation":[-23.310965451771747,22.2476951204374,50.11482054767685]}],"scale":{"linear":[0.24390243902439027,0.24390243902439027,0.24390243902439027]},"k":-0.03313642180427907,"files":["/tmp/jl_zgprM3/191.65 extrinsic.png","/tmp/jl_zgprM3/intrinsic0001.png","/tmp/jl_zgprM3/intrinsic0002.png","/tmp/jl_zgprM3/intrinsic0003.png","/tmp/jl_zgprM3/intrinsic0004.png","/tmp/jl_zgprM3/intrinsic0005.png"]}