{"intrinsic":{"linear":[2467.1177518031213,2467.1177518031213],"translation":[945.4326917468177,518.4613977315631]},"extrinsics":[{"linear":[-0.9643695551676141,-0.26083300823423855,-0.04424367617293454,0.2456234761726626,-0.9448679422612991,0.21654948542944039,-0.09828768497973328,0.1979664453951114,0.9752685873537345],"translation":[-20.346910814078274,26.105730928685063,81.0596214587455]},{"linear":[-0.3839373892263444,-0.8724506422138092,-0.30236064237061455,0.8620805493869557,-0.4559977329229758,0.22109544078924662,-0.3307706267532583,-0.17577242238138105,0.9271973080242619],"translation":[-22.753693539728687,15.672358700109198,72.23048605941969]},{"linear":[-0.38627671585394585,-0.8738812267393955,-0.29516419217367706,0.8612827331663083,-0.4562529454485287,0.2236633705350871,-0.3301247526900456,-0.16782386994105242,0.9288987007953801],"translation":[-22.777266485680432,15.69531232484585,72.31619672072542]},{"linear":[-0.8989047191447245,-0.2847329165380575,-0.33301272068657667,0.24762159694898872,-0.9571751730059751,0.14999744299625384,-0.3614607179539388,0.05237226766823674,0.9309152995603359],"translation":[-19.710793732933915,25.570294714591864,78.983326588793]},{"linear":[0.882484843319056,-0.11963642413899021,-0.45487100075887116,0.06245664838227798,0.988352146758374,-0.1387775236519455,0.46617557677874316,0.09405934306250201,0.8796778794522782],"translation":[-18.34765998423134,11.325196985737362,52.08920962170906]}],"scale":{"linear":[0.25641025641025644,0.25641025641025644,0.25641025641025644]},"k":-0.24774765621113995,"files":["/tmp/jl_z7QXiu/2.055 extrinsic.png","/tmp/jl_z7QXiu/intrinsic0001.png","/tmp/jl_z7QXiu/intrinsic0002.png","/tmp/jl_z7QXiu/intrinsic0003.png","/tmp/jl_z7QXiu/intrinsic0004.png"]}