{"intrinsic":{"linear":[874.0680810991452,874.0680810991452],"translation":[535.9921004478927,950.2524339591321]},"extrinsics":[{"linear":[-0.7854312808798423,-0.6022733137632602,0.14270444472430244,0.6169103063952787,-0.7804503195757412,0.1015823436302121,0.05019339477195449,0.16782179299109132,0.9845387086948495],"translation":[0.10420890478266316,9.21509712427184,28.830945086627562]},{"linear":[-0.7832702475319285,-0.6003739275511321,0.16136562969882984,0.6142427675098417,-0.7874065667012746,0.051929965121901844,0.09588295934691532,0.139792867602534,0.9855274792081338],"translation":[0.10380370262221959,9.22627871903362,28.877065849213906]},{"linear":[0.9535132495470934,-0.18698998893662286,0.23632017894294252,0.17234326187382973,0.9816698553049462,0.08137625742349369,-0.24720494134388024,-0.036865149166222404,0.9682616783453329],"translation":[-3.089287145687842,-2.1578612397699137,28.219819969108215]},{"linear":[0.6669576513779691,-0.7387337997797394,0.09715896423578908,0.7427302661621229,0.6487817031739256,-0.1656322835484748,0.05932320789645025,0.1826326221947444,0.9813898727392423],"translation":[-11.368480582423894,-4.015418878455016,27.101276154167934]},{"linear":[-0.8589630265997354,-0.5065607906287015,-0.07469059065402832,0.5070831480192366,-0.8617959624697382,0.013206061705110284,-0.07105772251855362,-0.026530821104576444,0.9971193086095534],"translation":[2.7856836287358195,6.474123865717907,28.39502260802775]},{"linear":[0.858314004787522,-0.07084351576696325,0.5082108474436389,0.11511336935772397,0.991763307984177,-0.05616451843819825,-0.5000459792666248,0.10670865574103408,0.8593993724743019],"translation":[-2.5828023530748037,-0.973974027620862,22.61809301096505]},{"linear":[0.9782951673786371,-0.18729753746299246,0.0886464773349942,0.17187218069363777,0.9724017299486325,0.15778095289520963,-0.11575197185023778,-0.13912048035140537,0.9834871493616864],"translation":[-4.158112237570257,0.12069347219095101,23.117637934059086]},{"linear":[0.8442590515774885,-0.06889496715051933,0.5314886050808695,0.1708642446300635,0.9745539056803388,-0.14508650809153478,-0.5079685656972067,0.21330299675467768,0.8345476426418065],"translation":[-3.09646727297678,-2.0146581736978453,11.566907467475698]}],"scale":{"linear":[0.25641025641025644,0.25641025641025644,0.25641025641025644]},"k":-0.07132879116517622,"files":["/tmp/jl_3Al6TX/265.782 extrinsic.png","/tmp/jl_3Al6TX/intrinsic0003.png","/tmp/jl_3Al6TX/intrinsic0004.png","/tmp/jl_3Al6TX/intrinsic0005.png","/tmp/jl_3Al6TX/intrinsic0006.png","/tmp/jl_3Al6TX/intrinsic0007.png","/tmp/jl_3Al6TX/intrinsic0008.png","/tmp/jl_3Al6TX/intrinsic0009.png"]}