{"intrinsic":{"linear":[766.3263947804193,766.3263947804193],"translation":[510.2508855968228,1035.7765375595784]},"extrinsics":[{"linear":[0.9694597003300971,-0.10892197098108113,-0.2197359635414174,0.15494447036097583,0.9665251474702183,0.20450269047675018,0.19010549844871732,-0.2323039895164724,0.9538840369323178],"translation":[-4.743879819848211,-6.876897503019519,26.18060620388344]},{"linear":[0.9626395413198966,-0.10440837066570444,-0.2498479650154319,0.15931878853862705,0.9644578571105343,0.21080456701964626,0.21895807157080063,-0.2427342868090315,0.9450594843190069],"translation":[-4.734688189158317,-6.868172113703645,26.129891660978668]},{"linear":[0.9658052288545661,-0.10148467343847027,-0.2385814765950338,0.15582566170660647,0.9626733103402559,0.22131077857219658,0.20721636776779448,-0.2509202236082628,0.9455688331969819],"translation":[-4.74067636653001,-6.8838406811327255,26.157275191365233]},{"linear":[0.9662496400387369,-0.10144524518366366,-0.23679209309991253,0.1559068488905485,0.962027777293576,0.22404376845741927,0.20507239598256746,-0.25339971970230823,0.9453750020286981],"translation":[-4.737431783191853,-6.881606876805127,26.148261995353895]},{"linear":[0.9830414405867431,-0.14934134578403385,-0.10642691637247913,0.15356163070054607,0.9876017389188299,0.03258267731621369,0.10024146679757902,-0.04837321287569225,0.9937865367423493],"translation":[-4.739649723258301,-6.79677588013269,26.01076352345415]},{"linear":[0.9623109526433672,-0.11057620225673348,-0.24845630182608203,0.1613576086482501,0.9675713891678003,0.19434332763234033,0.2189094620018362,-0.22710902747000392,0.9489468568300837],"translation":[-4.733149275837917,-6.854951548981477,26.14723834611384]},{"linear":[0.9820215726946633,-0.14892757008394564,-0.11599228263635218,0.15349654552934483,0.9876483291494722,0.0314577246286714,0.10987466165070865,-0.048696578905987,0.9927518330025864],"translation":[-4.7403153257484005,-6.798584042517572,26.01832387255714]},{"linear":[0.9787595826062377,-0.046141761150181676,-0.19975138881725757,0.0671444825763604,0.992751598056213,0.09967889955446023,0.19370415048732553,-0.11097388176861671,0.9747633044227654],"translation":[-0.5141713226071151,-14.414154473761885,22.82824312582165]},{"linear":[-0.9753646496444407,-0.09507608208264154,0.19905863166361798,0.05036114174837003,-0.974495511927676,-0.2186829957601114,0.21477326562162646,-0.20327084357730973,0.9552766136180614],"translation":[3.268514691898962,-9.546905421292688,24.942337744219117]},{"linear":[-0.3981317173936316,-0.9152128682130987,0.06226187808242785,0.908034423473846,-0.4028263388415556,-0.1149105152804939,0.1302483066750496,0.010786407773766084,0.9914227312381033],"translation":[1.8730525347996807,3.4903608379840763,25.506590788794746]},{"linear":[-0.34499269625075785,-0.9275626717501155,0.14355322883662266,0.8239044328266687,-0.22600558570322432,0.5197143069028483,-0.4496237594947555,0.2975717816035821,0.8421932733589554],"translation":[-2.909398025317779,3.6569742294373984,18.524098685621638]},{"linear":[-0.09326484778255578,-0.826417339992869,0.5552801530103585,0.9634109031969934,-0.2156616559907149,-0.15915238526800554,0.2512789282236969,0.5201196307528231,0.8162931274586949],"translation":[-0.4921086766274199,2.305202249578889,23.361886775974934]},{"linear":[-0.3508607875141807,-0.9326515929942678,-0.08401020098883309,0.9281442931352089,-0.3344486214982474,-0.16337775460100407,0.12427742717594704,-0.13529643625453414,0.9829801602429982],"translation":[-0.02339485878377772,-3.6483122708574576,14.234005759994323]},{"linear":[0.08492630732019896,-0.7986176343880287,0.5958165794683999,0.9321635440985487,-0.147530379586845,-0.33061444940080054,0.35193557560807653,0.5834763586842491,0.7319130340948857],"translation":[0.6951751716027463,1.9167708658197877,14.232337723305882]},{"linear":[-0.21171708579224324,-0.9768470588967807,0.030752221193751664,0.9768442420654021,-0.212499814421246,-0.024882837752278023,0.030841568172031902,0.024772008308684423,0.9992172663025015],"translation":[2.024059183685475,1.8269369003206228,15.76114699024236]}],"scale":{"linear":[0.25641025641025644,0.25641025641025644,0.25641025641025644]},"k":-0.15788157307718878,"files":["/tmp/jl_t0OjIf/321.0 extrinsic.png","/tmp/jl_t0OjIf/intrinsic0001.png","/tmp/jl_t0OjIf/intrinsic0002.png","/tmp/jl_t0OjIf/intrinsic0003.png","/tmp/jl_t0OjIf/intrinsic0004.png","/tmp/jl_t0OjIf/intrinsic0005.png","/tmp/jl_t0OjIf/intrinsic0006.png","/tmp/jl_t0OjIf/intrinsic0007.png","/tmp/jl_t0OjIf/intrinsic0008.png","/tmp/jl_t0OjIf/intrinsic0009.png","/tmp/jl_t0OjIf/intrinsic0019.png","/tmp/jl_t0OjIf/intrinsic0020.png","/tmp/jl_t0OjIf/intrinsic0022.png","/tmp/jl_t0OjIf/intrinsic0023.png","/tmp/jl_t0OjIf/intrinsic0024.png"]}