{"intrinsic":{"linear":[1352.5083403904603,1352.5083403904603],"translation":[887.3673143797708,694.7414916439943]},"extrinsics":[{"linear":[0.9505013030069268,-0.1529892240028856,0.27044698245890847,0.2516270369615365,0.8896323560473084,-0.3811011746815703,-0.18229401320968222,0.4302889359636268,0.8840929387429798],"translation":[-11.199768584017013,4.1824641750325044,43.397140603239826]},{"linear":[-0.9876500141745221,-0.018607578181110793,-0.1555673729780764,-0.014029481114710307,-0.97843035574119,0.2061000063654062,-0.1560468620662334,0.20573720372942356,0.9660857000498866],"translation":[-10.008068928314241,7.616169807556598,44.193122667643905]},{"linear":[-0.9877291564962987,-0.018437867539312557,-0.1550843591330654,-0.014083510113585801,-0.9784455288584832,0.20602427478266733,-0.15554024607795686,0.2056803152891551,0.9661795070030015],"translation":[-10.007985811848494,7.616011325716485,44.193428277887136]},{"linear":[-0.9828899438731353,-0.018617806423212903,-0.18325047207866382,-0.023122222478108627,-0.974537323824411,0.22302996951268303,-0.18273675344806314,0.22345107240096937,0.9574324504538787],"translation":[-9.971373464617427,7.600986864597407,44.18115286190638]},{"linear":[0.9572332123757037,-0.2413288439094534,0.1595774615107586,0.25975053215391963,0.9597658392184203,-0.10667330929110955,-0.1274136498599994,0.14356156507466697,0.9814050330330824],"translation":[-11.28814684172046,4.9623129600976785,44.05891348681677]},{"linear":[0.9624345950951037,-0.08034999147854906,0.25935213327351114,0.09406012024576517,0.9947271609419128,-0.04087259551085575,-0.2547004985143849,0.06373189275267857,0.9649175622314503],"translation":[-20.594226230816123,3.3247039158301956,43.06849288874595]},{"linear":[-0.8211849156932672,-0.3627855551902118,-0.44050195820583093,0.3229008313278255,-0.9318511090045309,0.1654949055857161,-0.4705213994768368,-0.006336528415126358,0.8823658317512093],"translation":[-15.297204821889181,10.248337165322374,33.56753114958373]},{"linear":[0.12889399046177286,-0.9685664115886891,0.21275677560315298,0.9886652580855212,0.14216927305907168,0.04825873239678871,-0.07698926339126876,0.20412497186788567,0.9759127262119317],"translation":[-17.871551933296217,18.8526651946438,42.430429794059634]},{"linear":[-0.15191399707791514,-0.9662897236204192,0.207861269883028,0.9848992709963377,-0.13032313115179456,0.1139706430519479,-0.08303952963916379,0.222036149111729,0.9714959521299822],"translation":[-17.935995169411907,19.80995971962905,42.210537106726846]},{"linear":[0.9577315945372288,-0.2048083336007052,0.20199935473382025,0.23904545017983306,0.9572631664293817,-0.16280203606194488,-0.16002332821653986,0.20420768027989572,0.9657596790823303],"translation":[-26.201738562590972,9.824182284316667,43.7435918368341]},{"linear":[0.9707966497502483,-0.23743674750191585,0.034316989515472664,0.23860650110534704,0.9704735811364851,-0.03532656148551642,-0.024915907849356503,0.04248316433409131,0.9987864527936914],"translation":[-5.76358386088154,6.050278664975651,43.09265896075803]},{"linear":[0.8952096302301917,-0.2334641486866545,0.37959743047225564,0.36542190775000477,0.8721120471065198,-0.3254034520837516,-0.255081452245102,0.43001752123569464,0.8660360178138311],"translation":[-5.218685466254553,5.806381516313583,42.103205215557004]},{"linear":[0.803912986106518,-0.08388088213431635,0.5888020961084212,0.24282399453629308,0.9500229732056928,-0.19619596850815707,-0.5429184270650057,0.30069976387384206,0.7841040961246637],"translation":[-10.586415680661377,6.787340416853057,41.21186502545661]},{"linear":[-0.948391871199638,-0.12292032297981405,0.29230712074971404,0.2313508871120155,-0.8986393031628997,0.37272532761187793,0.21686314964726755,0.42111518259193226,0.8806999360256765],"translation":[-8.222631263822477,12.531468069530563,37.90360892885936]},{"linear":[0.7557145892718207,-0.6348076005677485,0.160980650461916,0.5384996273447946,0.7422217155251045,0.3989048462384086,-0.3727111628476413,-0.21477019175013323,0.9027514352380561],"translation":[-15.00985644023687,8.870182410644908,38.17614143912923]},{"linear":[-0.9999271662119772,-0.011142016731087558,-0.004638721208412578,0.01083260365586869,-0.9980114058870334,0.06209580032032786,-0.005321369120825201,0.062041028219649415,0.9980594139870275],"translation":[-2.2755798357493524,9.927109136425736,30.50694194550933]},{"linear":[0.6625805781159003,0.02031869486147715,0.7487149845854065,0.012701915362735138,0.9991833837039167,-0.038356578003124635,-0.7488829273322483,0.03492443799287332,0.6617814176759308],"translation":[-6.971863546914336,4.251496124051269,26.139268885581767]},{"linear":[-0.9936605092989524,-0.01133809324956112,-0.11184918373064083,-0.03993470153049017,-0.8944187669104992,0.44544392353243834,-0.1050904937347668,0.4470866996900784,0.8882958240849815],"translation":[-3.2860470772833636,8.354811475449209,26.487894564478722]},{"linear":[-0.7455395734680406,-0.08905749357932613,-0.6604842974896984,0.023519880895050534,-0.9939301380202112,0.10746951166636286,-0.6660462143093185,0.06458826187854995,0.7431088727984164],"translation":[-4.4937012639406895,9.544846215732326,34.65214991886747]},{"linear":[-0.9746690190820175,-0.15510659902921695,0.16112804280846535,0.1719245282957417,-0.9804002198187762,0.09621520435763366,0.143046355465575,0.12147984160709217,0.9822323494322163],"translation":[-4.567767771324316,10.608800248452651,31.998889515713532]}],"scale":{"linear":[0.25641025641025644,0.25641025641025644,0.25641025641025644]},"k":-0.18241606192566845,"files":["/tmp/jl_bR4vd7/420.0 extrinsic.png","/tmp/jl_bR4vd7/intrinsic0001.png","/tmp/jl_bR4vd7/intrinsic0002.png","/tmp/jl_bR4vd7/intrinsic0003.png","/tmp/jl_bR4vd7/intrinsic0004.png","/tmp/jl_bR4vd7/intrinsic0005.png","/tmp/jl_bR4vd7/intrinsic0006.png","/tmp/jl_bR4vd7/intrinsic0007.png","/tmp/jl_bR4vd7/intrinsic0008.png","/tmp/jl_bR4vd7/intrinsic0009.png","/tmp/jl_bR4vd7/intrinsic0010.png","/tmp/jl_bR4vd7/intrinsic0011.png","/tmp/jl_bR4vd7/intrinsic0012.png","/tmp/jl_bR4vd7/intrinsic0013.png","/tmp/jl_bR4vd7/intrinsic0014.png","/tmp/jl_bR4vd7/intrinsic0015.png","/tmp/jl_bR4vd7/intrinsic0016.png","/tmp/jl_bR4vd7/intrinsic0017.png","/tmp/jl_bR4vd7/intrinsic0018.png","/tmp/jl_bR4vd7/intrinsic0019.png"]}