{"intrinsic":{"linear":[1180.5228991864897,1180.5228991864897],"translation":[545.794585815853,803.8703919381549]},"extrinsics":[{"linear":[0.1579118149059749,-0.9855593103535089,0.061128589781026435,0.9767841836837806,0.14683053664890605,-0.15599183315995913,0.14476365986777,0.0843423931537998,0.9858650229614492],"translation":[2.918693865834636,11.780632105193934,37.761530716785686]},{"linear":[-0.019182680383843242,-0.9859370103276401,0.16601275986949304,0.9802481859609102,0.014143609081314956,0.19726492907382095,-0.19683881399164133,0.1665177767937994,0.9661916535129116],"translation":[-0.6629806475669517,13.473300176881892,30.780550612758695]},{"linear":[-0.019252566317276176,-0.9857637178810402,0.16703062952508965,0.9796391819337501,0.01479298168749349,0.20022048075301008,-0.19984096654683162,0.16748450734961234,0.9654079593039855],"translation":[-0.6590107062116022,13.496893222534636,30.833470489149843]},{"linear":[0.1609656939006867,-0.9844554696843728,0.0702671587271857,0.9761715379373916,0.14830414230793054,-0.15841404576380452,0.1455306631195574,0.0940920272011936,0.9848692890476136],"translation":[2.8866023149630173,11.778430711734275,37.782672387482236]},{"linear":[0.14232803419655332,-0.9876069022059961,0.06614633320767638,0.979332578739476,0.1308033709811675,-0.15426658212150607,0.14370257792131988,0.08673571845000946,0.9858126009763355],"translation":[2.9737044928851466,11.909177649656977,37.76896637047177]},{"linear":[-0.5482493151464474,-0.8223605695852602,0.15213737881552244,0.8238254694439581,-0.5623719336516985,-0.0710591594116602,0.143994042713209,0.08637651204034612,0.9858016097729048],"translation":[-0.8680214915842659,3.647409713455012,38.47636335471559]},{"linear":[-0.003151224228381988,-0.9877985348996536,0.15570524793968998,0.9642655529564499,-0.04425124076767628,-0.26121594720099534,0.2649188803529384,0.14931805698112674,0.9526395460466286],"translation":[-4.298856616809608,9.701664817362431,35.09948765931712]},{"linear":[0.12460964441661992,-0.9857547077943183,0.11296057975994125,0.9920886405035116,0.12203500015702995,-0.02945484884646051,0.015250111549025863,0.11573726624563133,0.9931627859015512],"translation":[-3.3483756031830403,10.851556937995825,38.20556752575267]},{"linear":[0.04911550813006704,-0.9910698129877558,-0.1239689180623112,0.9743974416926464,0.0748101554341093,-0.21202138162635836,0.21940212506708046,-0.11038145871630389,0.9693702291115144],"translation":[8.44026948212124,2.3325165949680113,37.92518075460062]},{"linear":[-0.9924197530747547,-0.05962648887471626,0.10746029746616369,0.10371935439418097,-0.8754021910928522,0.47213694978669896,0.0659191112735703,0.4797037478009808,0.874950847256345],"translation":[0.2505588977071199,9.634080786979855,35.004347500931146]},{"linear":[-0.8369082209015346,-0.2062382569905995,-0.5070013916557898,0.17699188943556737,-0.9785011542065639,0.10587427586741767,-0.5179367730345625,-0.0011280824001815293,0.8554181588957779],"translation":[0.8154387987459054,9.786568637655224,36.634413823213336]},{"linear":[-0.9571247846059562,-0.12187542163519582,0.2627898938206057,0.07927127935177036,-0.982755129119336,-0.1670581349697484,0.27861839666995347,-0.1390637903657179,0.9502805118733016],"translation":[1.2157952945523451,9.977247845909655,35.23985465933378]},{"linear":[-0.963094164057338,-0.20698972407291769,0.172060702331807,0.20054261454708885,-0.9781824272054306,-0.054238352271344145,0.1795335370044133,-0.017731137434188648,0.9835920474749554],"translation":[7.1770043287637195,7.069571754349321,27.207555648875267]},{"linear":[-0.9731323249682999,-0.13755145346129594,0.1846431037230353,0.1626149561745001,-0.9783221362807213,0.12822703962694748,0.16300262001009694,0.15480760741581884,0.97440481862316],"translation":[2.5603062575653643,3.5345911585897367,24.864750735176415]}],"scale":{"linear":[0.25641025641025644,0.25641025641025644,0.25641025641025644]},"k":-0.1511018705640918,"files":["/tmp/jl_9nu2eh/408.6 extrinsic.png","/tmp/jl_9nu2eh/intrinsic0001.png","/tmp/jl_9nu2eh/intrinsic0002.png","/tmp/jl_9nu2eh/intrinsic0003.png","/tmp/jl_9nu2eh/intrinsic0004.png","/tmp/jl_9nu2eh/intrinsic0011.png","/tmp/jl_9nu2eh/intrinsic0012.png","/tmp/jl_9nu2eh/intrinsic0013.png","/tmp/jl_9nu2eh/intrinsic0014.png","/tmp/jl_9nu2eh/intrinsic0016.png","/tmp/jl_9nu2eh/intrinsic0017.png","/tmp/jl_9nu2eh/intrinsic0018.png","/tmp/jl_9nu2eh/intrinsic0019.png","/tmp/jl_9nu2eh/intrinsic0020.png"]}