{"intrinsic":{"linear":[821.3456380503729,821.3456380503729],"translation":[539.5537954164827,960.17130002841]},"extrinsics":[{"linear":[0.9884192178090135,-0.04288706229803007,-0.14556149818294242,0.0457842793477491,0.9988132359776597,0.01661082178710341,0.14467636168505602,-0.023082883773058383,0.9892097506829854],"translation":[-5.794973943690698,-6.8640457293892245,27.554890784525554]},{"linear":[0.9878304733827508,-0.042322645986619466,-0.1496654585838096,0.045079252992757356,0.9988696996929567,0.015072623690570157,0.14885837835347301,-0.021636004067152582,0.9886218015611332],"translation":[-5.791128581221292,-6.860438114630641,27.54680645949548]},{"linear":[0.9886237148500864,-0.04354836006943391,-0.14396767266048952,0.04641715919767857,0.9987837602118849,0.016626715521278826,0.1430685072545048,-0.023120135645603487,0.9894427025147522],"translation":[-5.793551664512122,-6.85802177301079,27.53397679885566]},{"linear":[0.9886223120467776,-0.04292600631309846,-0.14416408049611928,0.045758269028236855,0.9988181301649584,0.016386691835622427,0.14329028208089767,-0.022796947948880916,0.9894181089031031],"translation":[-5.796428073663491,-6.863384663530775,27.54469007029623]},{"linear":[0.43045513138888325,-0.9012397110700777,-0.04975302052440693,0.8930424379472609,0.43324916588796725,-0.12153338752208528,0.13108616969837816,0.007883111549598809,0.9913396353753362],"translation":[-8.500188689345874,4.218643926886342,28.21277953995579]},{"linear":[0.31239090885222365,-0.8914719246997191,-0.3281611304506674,0.9440689382646974,0.3297349213468015,0.002953209810644064,0.10557348090429133,-0.31072928590108284,0.9446171452038938],"translation":[-4.146771464200717,-12.887005075630654,26.601089047198663]},{"linear":[0.976688019390239,-0.21327490609638833,-0.024378827066715295,0.21233642005965836,0.9765264416655841,-0.036184989211009815,0.03152391942351706,0.030164932579558514,0.9990477062416241],"translation":[-12.933971739735949,-3.7994689091983256,26.45307028617364]},{"linear":[0.8714311351733396,-0.13279476492376438,0.47220051573388494,-0.0742045776573183,0.9158890857399745,0.3945134513259246,-0.4848726196695415,-0.3788307445697033,0.7882802862329873],"translation":[-7.019890705515704,-4.9509017275074845,16.533038207482683]},{"linear":[0.9663164472930521,-0.000353699421052317,-0.2573565592473864,0.1889353562123369,0.6799748490323749,0.7084755718133945,0.17474540012215292,-0.7332353507436192,0.6571377066917026],"translation":[-6.334399221974387,-4.508857157212899,17.177586626286708]},{"linear":[-0.9852990580063273,-0.018107485197731053,-0.16987608799256623,-0.023720358603091914,-0.9702351588947383,0.24100016811662744,-0.16918366020270656,0.2414867603499536,0.9555422720613146],"translation":[-2.6620785097421664,-3.590710624325852,19.213818552253834]},{"linear":[-0.9882328676894981,-0.1067482576847942,-0.10954728978597286,0.12314517230632302,-0.9800712189833359,-0.15587069082468408,-0.09072522116719889,-0.16752675965880498,0.9816841238618379],"translation":[-6.700669047708822,0.8068395685983638,17.627719796916658]},{"linear":[0.7270156422179614,-0.41514551799537863,0.5469026008886354,0.30712545238798133,0.9090078649410147,0.2817421835133248,-0.6141027702802545,-0.036863265776744786,0.7883646917324432],"translation":[-9.298484401565664,-0.642933416686668,16.173680945555187]},{"linear":[0.8621183742042432,-0.4988165635081198,0.08907269407277647,0.49924048438965835,0.8662538875183788,0.019056261587072534,-0.08666514643045321,0.028039941676927034,0.9958428159428286],"translation":[-3.222527880457681,-3.1639954992865995,7.4095021031013]}],"scale":{"linear":[0.25641025641025644,0.25641025641025644,0.25641025641025644]},"k":-0.07503224482316713,"files":["/tmp/jl_jHMfjq/200.0 extrinsic.png","/tmp/jl_jHMfjq/intrinsic0001.png","/tmp/jl_jHMfjq/intrinsic0002.png","/tmp/jl_jHMfjq/intrinsic0003.png","/tmp/jl_jHMfjq/intrinsic0004.png","/tmp/jl_jHMfjq/intrinsic0005.png","/tmp/jl_jHMfjq/intrinsic0006.png","/tmp/jl_jHMfjq/intrinsic0007.png","/tmp/jl_jHMfjq/intrinsic0008.png","/tmp/jl_jHMfjq/intrinsic0009.png","/tmp/jl_jHMfjq/intrinsic0010.png","/tmp/jl_jHMfjq/intrinsic0011.png","/tmp/jl_jHMfjq/intrinsic0012.png"]}