{"intrinsic":{"linear":[1429.1635100655456,1071.8726006048664],"translation":[605.8883186939379,727.0269810127153]},"extrinsics":[{"linear":[0.937415491385298,-0.08837366487407086,-0.3368119532730184,0.08870108950335262,0.99595349779709,-0.0144480776112406,0.33672587253102293,-0.01633173543955499,0.9414610778920994],"translation":[-4.9330594855371235,-2.0630173539327963,39.02657950064974]},{"linear":[0.937415491385298,-0.08837366487407107,-0.3368119532730182,0.08870108950335252,0.99595349779709,-0.014448077611241433,0.3367258725310229,-0.016331735439554167,0.9414610778920994],"translation":[-4.9330594855371235,-2.063017353932796,39.026579500649746]},{"linear":[0.9371888082708477,-0.0877050335720765,-0.3376165942870538,0.08841210802292433,0.9959950018399253,-0.013313732190104916,0.33743212177682624,-0.017371913999557165,0.9411895557204091],"translation":[-4.934355102677144,-2.06493218791136,39.01821052618986]},{"linear":[0.9945659474767083,-0.07435711405713757,-0.07286697268894368,0.07251231552172782,0.9969842419258641,-0.0276475215740469,0.07470301344279773,0.022213530574940882,0.9969583837061413],"translation":[-4.869883623914763,-2.232972446728821,35.23947953636882]},{"linear":[0.9428205316488824,-0.00792938083045925,-0.33320649756714604,-0.09522490955340884,0.9516387521638318,-0.2920888597338325,0.3194082993628439,0.3071169326164074,0.8964694796803879],"translation":[-5.331115873973177,-2.4368041134284453,38.38921877193679]},{"linear":[0.9565785360923295,-0.06076189818988844,-0.2850710367887585,0.07971184282173396,0.9952806826543584,0.055338818645119664,0.28036320443563784,-0.07565946380616173,0.956907581292543],"translation":[-5.355157399411475,-1.8781478865970052,38.295034655400464]},{"linear":[0.9324180583560829,-0.09558311399147319,-0.34851173978958777,0.09902716815486522,0.9950528606151287,-0.007963953093609696,0.34754882307195395,-0.027086396979705673,0.9372705813584236],"translation":[-5.399529067873308,-1.7029057805202308,39.20725504720476]},{"linear":[0.9430761324476447,-0.012253605430433414,-0.3323511058527534,0.019235932725321037,0.9996578103756875,0.01772684537849668,0.3320201609839074,-0.023110848293419663,0.9429891311098866],"translation":[-5.145815984692124,-1.6788678827880819,39.12274724069731]},{"linear":[0.6723666353780734,-0.07243421559111857,-0.736665726121467,0.08924693777583106,0.9958734420523246,-0.01646424952714,0.7348184073143552,-0.05467514816216182,0.6760566074268041],"translation":[-6.973359129330714,-1.6844957392692361,38.143081557184544]},{"linear":[0.9280137497856489,-0.1290568759799658,-0.34947790054747513,0.1659755372335705,0.9830635404749208,0.07770583265715336,0.333530510221789,-0.13011686343900852,0.9337167667981483],"translation":[-6.607645842059502,-0.7037154499714428,38.82730444695945]},{"linear":[0.9167654208017635,-0.051076015347586164,-0.39614694732937017,0.11371568726788656,0.9841226755045736,0.13627656448161685,0.38289672979976974,-0.1699817643570427,0.9080177829176634],"translation":[-7.303788045400712,-0.07226762689977762,36.46851219585412]},{"linear":[0.956419394668578,-0.29191623958990137,-0.00684474729135842,0.29000298196892965,0.9523632528762773,-0.09435308696616468,0.03406188413637592,0.0882561251959732,0.9955152657867548],"translation":[-9.602595004052256,-0.005637256804237047,30.657436653929608]},{"linear":[0.6583899710934871,-0.3267308715576481,-0.6780631117637186,0.3387514855362184,0.9331017200918801,-0.12070050127725165,0.6721384358973399,-0.15022688685037147,0.7250253826292727],"translation":[-9.568235078615064,0.37225331592388805,30.363439851202756]},{"linear":[0.8889496241740407,-0.3495718669863506,-0.295919035366955,0.2876809762987986,0.9289172115298678,-0.23313616192977274,0.35638212855950296,0.12211602652908546,0.9263257820595008],"translation":[-8.141829248205251,-0.7313737495211848,30.806326151887788]},{"linear":[0.8288279301497553,-0.460549079424853,-0.3177086836153404,0.45490980040139706,0.8852876110944429,-0.09655526470087172,0.32573199981339435,-0.06450109366215984,0.9432593880868357],"translation":[-7.562215065387261,0.23213008388789164,29.52902823876017]},{"linear":[0.6210277939876263,-0.7470092706615323,-0.23727964228013265,0.7746648817642241,0.6310530814665662,0.040820697357736954,0.119242610069064,-0.20916299366110824,0.9705833514060709],"translation":[-3.5129987492680095,-1.3551214379464769,26.821910519691464]},{"linear":[0.3406970922424736,-0.5931088550990319,-0.729484322888874,0.6218727346447969,0.7240870286198889,-0.2982822101464017,0.7051239559417376,-0.35202252909087445,0.6155325708437684],"translation":[-3.504822661006356,-2.317574828876234,28.85645807453774]},{"linear":[0.833006510691964,-0.4530763132056926,-0.31752481408031136,0.45377468472927623,0.8878350908688328,-0.07640279393306047,0.3165259683559077,-0.08044069762171945,0.9451669722977449],"translation":[-8.09494742287614,0.49003823764761645,31.369167704963306]},{"linear":[0.8465906490792966,-0.4734593269101568,-0.2431471543186893,0.4095690504124284,0.8712580075953221,-0.2704860017547878,0.33990802555361493,0.12940537068765984,0.9315131690971589],"translation":[-8.243215729800701,-0.640559331407193,35.06699091444974]},{"linear":[0.8222286539601652,-0.4725998423635499,-0.31715836675831655,0.4604467567215753,0.8798866695032866,-0.1174233071199946,0.33455765546679317,-0.04948573358415447,0.9410750965466043],"translation":[-3.1992819182335577,5.689978955475919,38.47031839983858]},{"linear":[0.6943832454486429,-0.6637284592513717,-0.27802237467515123,0.6359775333088515,0.746805444406661,-0.19445874968989812,0.33669642939389577,-0.04178708633501525,0.9406855765073852],"translation":[-0.4348721076338272,-1.2976841816807079,37.15062010354866]},{"linear":[0.7701044121028288,-0.5665640251698885,-0.29316275316460344,0.5338130574547184,0.8239559111163469,-0.19010596052537632,0.3492603815931627,-0.01009266663100139,0.9369713570486954],"translation":[-8.617443193888219,-6.498431802758979,40.46161225211007]},{"linear":[0.8102865539040173,-0.4974949343236512,-0.30973293477552294,0.47629855236620855,0.866988782508655,-0.1465269259147087,0.34143138340844775,-0.02879655060014033,0.9394654698802544],"translation":[-13.7463104575517,4.1723482523415125,42.57219664470503]}],"scale":{"linear":[0.25641025641025644,0.25641025641025644,0.25641025641025644]},"k":0.05272189323248445,"files":["/tmp/jl_S5S2fd/9.0 extrinsic.png","/tmp/jl_S5S2fd/intrinsic0001.png","/tmp/jl_S5S2fd/intrinsic0002.png","/tmp/jl_S5S2fd/intrinsic0003.png","/tmp/jl_S5S2fd/intrinsic0004.png","/tmp/jl_S5S2fd/intrinsic0005.png","/tmp/jl_S5S2fd/intrinsic0006.png","/tmp/jl_S5S2fd/intrinsic0007.png","/tmp/jl_S5S2fd/intrinsic0008.png","/tmp/jl_S5S2fd/intrinsic0009.png","/tmp/jl_S5S2fd/intrinsic0010.png","/tmp/jl_S5S2fd/intrinsic0012.png","/tmp/jl_S5S2fd/intrinsic0013.png","/tmp/jl_S5S2fd/intrinsic0014.png","/tmp/jl_S5S2fd/intrinsic0015.png","/tmp/jl_S5S2fd/intrinsic0016.png","/tmp/jl_S5S2fd/intrinsic0017.png","/tmp/jl_S5S2fd/intrinsic0018.png","/tmp/jl_S5S2fd/intrinsic0019.png","/tmp/jl_S5S2fd/intrinsic0020.png","/tmp/jl_S5S2fd/intrinsic0021.png","/tmp/jl_S5S2fd/intrinsic0022.png","/tmp/jl_S5S2fd/intrinsic0023.png"]}