{"intrinsic":{"linear":[1573.2182780639725,1179.9136733838118],"translation":[539.2648033251028,721.5937428425132]},"extrinsics":[{"linear":[0.9013613329843176,-0.1395577976818259,-0.40996508205813365,0.1346125523157169,0.9900471304757666,-0.041062637467028,0.41161536433882306,-0.01817417241303555,0.9111764325844468],"translation":[-4.155920046224817,-0.34592483292299714,45.846143001829]},{"linear":[0.9227795376078383,-0.3662445901838444,-0.11976153444797003,0.3521539482517589,0.9277302337296061,-0.12371018613965534,0.15641458276951667,0.07198273115878906,0.9850649545649057],"translation":[-12.602435421806097,15.637796793813164,42.13113196642012]},{"linear":[0.9252203613428337,-0.36086737333833696,-0.11722636997077643,0.3477270769206974,0.9300623589935163,-0.11861656022496536,0.15183268071407893,0.06898367374462416,0.9859959887463395],"translation":[-12.609951042987408,15.500811893565075,41.987130300274096]},{"linear":[0.9359953371657018,-0.2701831718072995,-0.22564082626202922,0.22744855849340403,0.9534200615537433,-0.1981346498372482,0.26866313860173774,0.13413142770806424,0.9538495049312862],"translation":[-7.783428900837917,0.8335156366436323,41.851296422563024]},{"linear":[0.9021541215080487,-0.13854984134900197,-0.40856074518755153,0.13475180726419808,0.9901418212120378,-0.038224655995073804,0.4098291003394872,-0.020569767842046928,0.9119303664018711],"translation":[-4.161088891611773,-0.3474486559947057,45.85464816488977]},{"linear":[0.9018200439051576,-0.1390918418976283,-0.40911375915315373,0.13449339318587517,0.9901007369761057,-0.040150439956767585,0.4106484330911895,-0.01881462614291301,0.911599623871606],"translation":[-4.147214715089871,-0.34387496647063664,45.84849095141215]},{"linear":[0.9010804112137143,-0.13886548118304567,-0.41081683347049563,0.1349278550478669,0.9900983317233767,-0.03872683114803217,0.412126881505084,-0.0205346452218578,0.910895033407531],"translation":[-4.157861758148003,-0.34847400890492525,45.827447399200935]},{"linear":[0.9303892604589078,-0.13991635319237278,0.3388203626290398,0.17017895232212227,0.9835132324605594,-0.06116245385468772,-0.32467668257710114,0.11456498454732653,0.9388609673995395],"translation":[-4.45947533557487,-0.20066749403104556,39.460960747647235]},{"linear":[0.8347652072422707,-0.18699057976523564,-0.517881812633761,0.15645153508047543,0.9823511618912233,-0.10251395954662128,0.5279109450927606,0.004551682109350003,0.8492875344906716],"translation":[-4.480547176528031,0.35636392766050146,45.51041652330624]},{"linear":[0.6497603889177664,-0.17886012297185655,-0.7387966522690295,0.19470506698642698,0.9786596758702614,-0.06568999707204838,0.7347798131979701,-0.10116469362384832,0.6707192638360321],"translation":[-5.110410518413638,0.5148612980271796,44.62681779353073]},{"linear":[0.9073125464934124,-0.16502303092092213,-0.3867186861806805,0.010281076467621914,0.9281909407467992,-0.3719621983242904,0.42033111048589566,0.3335100849768177,0.8438559004809112],"translation":[-4.7525008722346,0.3381501011058124,44.87818486112194]},{"linear":[0.8834762875056952,-0.21328561485315772,-0.417107774935765,0.39896348450251823,0.8092287456167493,0.43125047860976506,0.2455560780122602,-0.5474103431286743,0.800027580016454],"translation":[-6.289499605114632,2.46959628714715,41.700738740264505]},{"linear":[0.8775392222655861,-0.22565171624855201,-0.42309126242406986,0.2214912501889545,0.9733320155884831,-0.05971945679755232,0.4252840691528947,-0.041304846986082916,0.9041169007048878],"translation":[-4.750664957632272,1.0457756830542795,46.196357343242354]},{"linear":[0.8774751700864121,-0.2251825394582886,-0.4234739068761364,0.22134171209227288,0.9734115567151507,-0.05897277118678141,0.4254940332952787,-0.04198529714677967,0.9039867601096894],"translation":[-4.737299324533735,1.0418507315939238,46.21157145766788]},{"linear":[0.8776851803765456,-0.2248414261203382,-0.4232198686824182,0.22170719541585393,0.9734245913029825,-0.05736274529220068,0.4248701491611609,-0.04348445868116591,0.9042092999991646],"translation":[-4.737061581046623,1.0415234171292047,46.19792673392377]},{"linear":[0.9027690228871338,-0.08662217778492406,-0.421313054190357,0.089919564532085,0.9958758005985905,-0.012077321577101511,0.4206216390412764,-0.026981254565225998,0.9068348519285728],"translation":[1.199737053016593,-1.8664607417577708,43.22164572773228]},{"linear":[0.9039075707245297,0.012577416939170694,-0.4275428775807376,0.002287324877354665,0.9994111441971871,0.03423642795874886,0.42772172230526795,-0.03192449588650427,0.9033465308676443],"translation":[-9.390883523759696,-0.21722711649961035,48.559642521402196]},{"linear":[0.9096227114368629,0.038249544820165196,-0.4136707569544888,-0.030868568086539358,0.9992227754192737,0.024514823835598613,0.4142869227269143,-0.009529816601274336,0.9100964389849078],"translation":[-2.844486824859895,-8.27507760365627,45.13850633553234]},{"linear":[0.9124644513988235,-0.1030123545620765,-0.39597611006349986,0.11224306154443348,0.9936807710942722,0.00014245218474439464,0.393459172047846,-0.04457555344658614,0.9182608017150432],"translation":[-3.092438277494777,8.705184523285643,46.11723926542354]},{"linear":[0.6652066850949716,-0.11393628152720776,-0.7379150288866002,0.05037361166061159,0.9928853539821065,-0.1078942681336349,0.7449580963740344,0.034600543342260724,0.6662133570014903],"translation":[-4.927391812661275,5.708498710734578,41.43082758127856]},{"linear":[0.9696137546393389,-0.09392007651808701,-0.22589419213658618,0.04956425786020357,0.9796380065401926,-0.19455785896417763,0.23956742507480328,0.17744969813666708,0.9545255645996258],"translation":[-4.452414759668298,-1.2094450980776597,38.52195376323624]},{"linear":[0.9538152877190528,-0.12527886996954188,0.27302307897424155,0.14209757908495171,0.9889337230260832,-0.042642343743815314,-0.2646595453249631,0.07946883792358127,0.9610619276963682],"translation":[-5.155019955451512,-5.825459751018897,36.14037457974262]},{"linear":[0.995222842738035,-0.090444234669378,0.036760491121511384,0.09398025119054988,0.9894992420282138,-0.10981330707956662,-0.026442497585995612,0.1127434718316787,0.9932722204314153],"translation":[-1.855208123145218,-2.013145527361584,36.50269481373841]},{"linear":[0.9412453896418208,-0.09597966667570872,-0.3237978073780558,0.025478638920664112,0.9762145512518806,-0.21530440980815913,0.33676097671310895,0.19440435568399478,0.9213028769380477],"translation":[-1.771406111821763,-1.5204671884814267,35.397945473249116]},{"linear":[0.9818167099000705,-0.021771245571529894,-0.1885787926233086,-0.10094364351316867,0.781433999993842,-0.6157688563803063,0.16076793522119706,0.6236079830469525,0.7650272900261956],"translation":[-8.565215644696227,0.7343519574550804,41.56079003288277]},{"linear":[0.9468390852805095,-0.07387990517926127,0.3131094156934141,0.11177799879980546,0.9881865932611433,-0.10484720255326933,-0.30166442542911576,0.13427217325134408,0.943911838002301],"translation":[-6.089643145951693,-0.9504858068388259,35.82364264521597]},{"linear":[0.9366557634074768,-0.20580451647441372,-0.28340868348427456,0.2370778768902661,0.9681508240261969,0.08048641019824294,0.25781788371786934,-0.1425779889608798,0.9556157469920168],"translation":[-7.052143272602095,-1.8992846228512066,29.498270396919853]},{"linear":[0.9552743784893477,-0.09279235313692621,0.280785400263444,0.21431470972233566,0.8714777555611025,-0.44113005651260506,-0.20376473443268212,0.48157668211977944,0.8523871375379167],"translation":[-8.086447814664275,4.77175587789427,39.991701895072055]}],"scale":{"linear":[0.25641025641025644,0.25641025641025644,0.25641025641025644]},"k":0.10120722191261246,"files":["/tmp/jl_VpDLJy/30.0 extrinsic.png","/tmp/jl_VpDLJy/intrinsic0001.png","/tmp/jl_VpDLJy/intrinsic0002.png","/tmp/jl_VpDLJy/intrinsic0003.png","/tmp/jl_VpDLJy/intrinsic0004.png","/tmp/jl_VpDLJy/intrinsic0005.png","/tmp/jl_VpDLJy/intrinsic0006.png","/tmp/jl_VpDLJy/intrinsic0007.png","/tmp/jl_VpDLJy/intrinsic0008.png","/tmp/jl_VpDLJy/intrinsic0009.png","/tmp/jl_VpDLJy/intrinsic0010.png","/tmp/jl_VpDLJy/intrinsic0011.png","/tmp/jl_VpDLJy/intrinsic0012.png","/tmp/jl_VpDLJy/intrinsic0013.png","/tmp/jl_VpDLJy/intrinsic0014.png","/tmp/jl_VpDLJy/intrinsic0015.png","/tmp/jl_VpDLJy/intrinsic0016.png","/tmp/jl_VpDLJy/intrinsic0017.png","/tmp/jl_VpDLJy/intrinsic0018.png","/tmp/jl_VpDLJy/intrinsic0019.png","/tmp/jl_VpDLJy/intrinsic0020.png","/tmp/jl_VpDLJy/intrinsic0021.png","/tmp/jl_VpDLJy/intrinsic0022.png","/tmp/jl_VpDLJy/intrinsic0023.png","/tmp/jl_VpDLJy/intrinsic0024.png","/tmp/jl_VpDLJy/intrinsic0025.png","/tmp/jl_VpDLJy/intrinsic0026.png","/tmp/jl_VpDLJy/intrinsic0027.png"]}