{"intrinsic":{"linear":[1560.9526076492227,1560.9526076492227],"translation":[476.0618172395182,1011.7541049984575]},"extrinsics":[{"linear":[0.9454143674336303,-0.3239379387523432,0.035438477492012975,0.3226076419494788,0.9457479180883622,0.038538095273709404,-0.045999817454699395,-0.025001745307312966,0.9986285242900498],"translation":[-9.912069056117076,2.2637653450965187,43.66821843522826]},{"linear":[0.9861078642201129,-0.1548910480012547,0.06000036143491323,0.15177292735187908,0.9869681959623449,0.05346736090247527,-0.06750006404655066,-0.04361815456787828,0.9967653675493566],"translation":[-1.0481043643877013,0.999465175767445,43.801071718303554]},{"linear":[0.9854982035982373,-0.1547363518441643,0.06964159764541747,0.15143152300988327,0.9871770653422697,0.05049688605380947,-0.07656229191680727,-0.03921865729704705,0.9962931859529415],"translation":[-1.043818614762809,1.0009223558784388,43.820068833784305]},{"linear":[0.986777548929994,-0.1555795762768076,0.04544297936142253,0.15248567124950893,0.9861610884730808,0.06507247993718417,-0.05493804684642837,-0.0572826590437067,0.9968452778548847],"translation":[-1.0571955239502608,0.9965216648311008,43.70554602718437]},{"linear":[0.8847419265724091,-0.26990408577709746,-0.3799782991774283,0.31214921463904455,0.9485513963505686,0.05303881862951523,0.34611355241476705,-0.165535594245516,0.9234735382633411],"translation":[-8.195879193968196,1.9012410391945893,42.12958936531992]},{"linear":[0.9593517213069497,-0.25656937959752263,-0.11754330384303,0.26991220546990474,0.9557899766750896,0.11667442661441747,0.08241162638708485,-0.14365818438353414,0.9861899664343893],"translation":[-9.79145778727139,2.938352932387299,42.63919049050021]},{"linear":[0.927744628955624,-0.37071281367204095,0.043149892506822926,0.36683304122648525,0.9270542129007256,0.07748552256740712,-0.06872716572447556,-0.05605797108685797,0.9960592756302739],"translation":[1.2038563501079527,9.385601024261678,44.40412906438018]},{"linear":[0.9400679723554385,-0.3332415895781156,0.07226513908507474,0.33109152896848,0.9427383731439044,0.040283486037069036,-0.08155125257682204,-0.013942839647478843,0.99657161831236],"translation":[8.903348298397924,-5.129264301234868,44.60355143451129]},{"linear":[0.9001916811412246,-0.43121864165920265,0.06087216350457532,0.4313667923762743,0.9021050712532445,0.011363575765699569,-0.059813273101710474,0.016028833543671992,0.9980808829228668],"translation":[-3.4714665688001474,-9.216791310925872,43.48967274555634]},{"linear":[0.8109708817625578,-0.09115888030130803,-0.5779414221834868,0.16840253099135866,0.9823552044221784,0.08135625298871976,0.560327419005142,-0.16330435048360434,0.8120128524993704],"translation":[-0.8258143911253559,-3.466609502703754,40.99821454989927]},{"linear":[0.9730030825615557,-0.23016091179991705,0.017057432548350654,0.23014733364725942,0.9731518216536148,0.0027815152899193993,-0.01723966765247436,0.0012192996685872054,0.9998506424299334],"translation":[-0.22017913052760052,-4.329988790446322,43.83959910601269]}],"scale":{"linear":[0.25641025641025644,0.25641025641025644,0.25641025641025644]},"k":0.07342349430825672,"files":["/tmp/jl_PzWvIr/23.0 extrinsic.png","/tmp/jl_PzWvIr/intrinsic0001.png","/tmp/jl_PzWvIr/intrinsic0002.png","/tmp/jl_PzWvIr/intrinsic0003.png","/tmp/jl_PzWvIr/intrinsic0004.png","/tmp/jl_PzWvIr/intrinsic0005.png","/tmp/jl_PzWvIr/intrinsic0006.png","/tmp/jl_PzWvIr/intrinsic0007.png","/tmp/jl_PzWvIr/intrinsic0008.png","/tmp/jl_PzWvIr/intrinsic0009.png","/tmp/jl_PzWvIr/intrinsic0010.png"]}