{"intrinsic":{"linear":[1374.7571943892829,1374.7571943892829],"translation":[540.4358699941546,944.2218348626657]},"extrinsics":[{"linear":[0.9638373547599822,-0.26594350723482135,0.017076431972826506,0.26542081467649964,0.9637306294167226,0.02783999031089985,-0.023860945198028085,-0.022300782131805807,0.9994665229063785],"translation":[-14.336056766452907,2.530329396511622,38.26606809310797]},{"linear":[0.9522418820318059,-0.2973831003031867,0.06927257580449189,0.2941485452581477,0.9542777693969475,0.053203121687562915,-0.08192698839234666,-0.030285813326556044,0.996178065450203],"translation":[-5.472279409766252,1.6260798066088356,38.488682281783774]},{"linear":[0.9520412743757787,-0.2980440349114267,0.06918934266676947,0.2960709782953642,0.9544316471340504,0.03744605133000744,-0.07719707051546283,-0.015165230057597482,0.9969005106333986],"translation":[-5.47974980475257,1.62999219219568,38.59117797880201]},{"linear":[0.9537228301220342,-0.2978880206432089,0.04093275535910857,0.2949357849569429,0.953270047323481,0.06549121794348127,-0.05852901892095453,-0.050387935392906716,0.9970132446015905],"translation":[-5.470878979121291,1.6135372760587927,38.34106263043628]},{"linear":[0.9614940825225888,-0.271850888545982,0.040326463653599376,0.2642381625045514,0.9547826920758589,0.13626519874345716,-0.07554682488538654,-0.12036239158946489,0.9898512877905452],"translation":[-4.244470651422642,1.2286803772731603,37.75131025451041]},{"linear":[0.9638961831762128,-0.2658061788875419,0.01585002597893538,0.26528104345721937,0.9637302834803233,0.02915319339599829,-0.02302424896880971,-0.023895940411284712,0.9994492823506768],"translation":[-14.32751220154778,2.5274866248687884,38.23365494326493]},{"linear":[0.6677349208025453,-0.7035809651922114,-0.243112938693141,0.7049654829811967,0.7025739591122758,-0.0970231919820744,0.23906849090983717,-0.10660045683062758,0.96513346188887],"translation":[2.7444253308385815,0.43019069298092466,34.63140561802893]},{"linear":[0.8546516247879682,-0.5142084764371753,0.07183483143604508,0.5107856479656772,0.8575220260726141,0.061269867248118934,-0.09310543528478532,-0.015672190672582475,0.9955329027008363],"translation":[3.535556002258679,-2.368506144183032,38.853877356891374]},{"linear":[0.8476629307416838,-0.530453289904135,0.00932003628207707,0.5287050014255306,0.846066347626267,0.06813777866924008,-0.04402927791877943,-0.05283031936519467,0.9976323872257368],"translation":[-6.182328861236518,-7.154214051371434,38.21784329122132]},{"linear":[0.7340795952061693,-0.679008186467083,0.008662021278515817,0.6762699634900254,0.7321561547478567,0.08127915812821987,-0.06153116594983611,-0.05380750668369016,0.9966537351765349],"translation":[-1.0007244875612649,9.900301451802061,39.14865151262585]},{"linear":[0.7346125257291857,-0.6784288548172354,0.008872766939401908,0.6760356436556906,0.7330065445794448,0.07534729000261693,-0.05762157190516726,-0.049352756306786344,0.9971178766304917],"translation":[-0.9923992358308273,9.922599306775643,39.26715398777659]},{"linear":[0.9599567068406084,-0.2746406322433258,0.055277880863150025,0.21857902510464025,0.8576789553255127,0.46541381519680125,-0.17523221957174256,-0.434694528045527,0.8833653471306405],"translation":[-5.358870424959605,-1.7323046539504325,34.46339720477648]}],"scale":{"linear":[0.25641025641025644,0.25641025641025644,0.25641025641025644]},"k":0.04650729769296938,"files":["/tmp/jl_xcn7MU/11.0 extrinsic.png","/tmp/jl_xcn7MU/intrinsic0001.png","/tmp/jl_xcn7MU/intrinsic0002.png","/tmp/jl_xcn7MU/intrinsic0003.png","/tmp/jl_xcn7MU/intrinsic0004.png","/tmp/jl_xcn7MU/intrinsic0005.png","/tmp/jl_xcn7MU/intrinsic0006.png","/tmp/jl_xcn7MU/intrinsic0007.png","/tmp/jl_xcn7MU/intrinsic0008.png","/tmp/jl_xcn7MU/intrinsic0009.png","/tmp/jl_xcn7MU/intrinsic0010.png","/tmp/jl_xcn7MU/intrinsic0012.png"]}