{"intrinsic":{"linear":[1548.9389591883648,1161.704184769791],"translation":[528.7112766379336,718.156778004757]},"extrinsics":[{"linear":[0.3254406636928954,-0.936966690700684,-0.12720768425113504,0.8904982669493731,0.3489414627839595,-0.2919806365332358,0.31796416618117634,-0.018255850229428522,0.9479269554966299],"translation":[-5.529337445949512,0.6309748898556015,41.63623125650171]},{"linear":[0.9121387426278592,-0.2636864983768699,-0.3138030349933104,0.36745066316588276,0.8652775321254763,0.3409909126909367,0.1816120159466901,-0.42633815566119576,0.8861449388735395],"translation":[-5.655773422737338,-2.1387494763363395,37.65789167930505]},{"linear":[0.9120950564604008,-0.26423587885969546,-0.31346771493048964,0.3675188955549096,0.8658247231155182,0.3395252718900843,0.1816933388723919,-0.4248846304176941,0.8868261280793556],"translation":[-5.6559046702237925,-2.139312198703359,37.66355851876589]},{"linear":[0.9284528818363214,-0.1818900439208884,-0.32386919911020723,0.11031480328083151,0.9675875775727809,-0.22716717171270354,0.3546912606576897,0.17518644824670312,0.9184246392403483],"translation":[-4.428296063647567,-3.9138159706284728,40.682094821693795]},{"linear":[0.9788334354074848,-0.14857534205623976,-0.14074968369858765,0.14367732883994924,0.9886279824504116,-0.0444019987550736,0.14574611797848408,0.023239622391506735,0.9890490326800294],"translation":[-4.750684211783754,-4.095966191668337,39.748804235153656]},{"linear":[0.9391971621438532,0.19404368547999515,-0.28329443825510103,-0.18558545252867734,0.9809926746826566,0.05666932175960228,0.2889060927544772,-0.0006483396548050101,0.9573572213259965],"translation":[4.148137918379101,-5.559580439803155,38.24311084954293]},{"linear":[0.8843202178388606,-0.13417694535487942,-0.4471848607194388,0.1855189079494217,0.9799372467056081,0.07284042361413248,0.42843959564293793,-0.14737550629010907,0.8914706798493431],"translation":[0.8714973203995452,-2.791763067317634,37.99347972838582]},{"linear":[0.9149313048422093,-0.2629031047445808,-0.3062395548184336,0.3031021070340151,0.9485830532354808,0.09121021777187874,0.26651420249448793,-0.17627293788359308,0.9475748156418121],"translation":[-7.102284026491963,-8.904335984262246,40.404308701628246]},{"linear":[0.956354912320453,-0.24968010119138176,0.1518062210503907,0.2637392135668502,0.9612239038872431,-0.08056198745629015,-0.12580504325216096,0.11708310580450726,0.9851216358539144],"translation":[-7.429432748817713,-9.225892215933046,38.2554811618108]},{"linear":[0.7190071093680002,-0.265397929281624,-0.6423338040390671,0.2848773712703795,0.9555519148849518,-0.07593037137917835,0.6339350597784847,-0.12839188873417076,0.7626544846068377],"translation":[-7.217508288879071,-9.180247108197415,40.50018385256686]},{"linear":[0.9389567692968047,-0.10902656785272447,-0.3263026093888349,0.18297686879917657,0.961446086251296,0.20528246081074344,0.2913411245879239,-0.2524571859431234,0.9227056510011865],"translation":[-11.916811208831458,-2.1792159515510194,41.588489295174895]},{"linear":[0.9852063670834826,-0.15113413408809795,0.08078915627488231,0.15564474018369534,0.9864026892714116,-0.05276788276288125,-0.0717156127444819,0.06456166131356937,0.9953334430114943],"translation":[-12.696369323568428,-2.7336257716882675,40.42247410192411]},{"linear":[0.8488038976199229,-0.06324414487282086,-0.5249115368560051,0.08845149111700316,0.9958137811275473,0.023048796837062194,0.5212564408277429,-0.06599311673017956,0.8508446576431158],"translation":[-10.845640293361166,-2.744570236359232,42.296790324842405]},{"linear":[0.9501056361024304,-0.05845509183844126,-0.3064021580938283,-0.01900211710851514,0.9696130944009099,-0.24390442126309672,0.31134899998520993,0.2375572550027704,0.9201240953283193],"translation":[-10.891809707051793,-2.338671936463225,42.73279577547081]},{"linear":[0.9346479171833644,-0.06285107723028921,-0.3499757320097938,0.15275356027543785,0.9597747418340847,0.23558182179551618,0.3210912965621724,-0.27364609814194024,0.9066521892345016],"translation":[-6.2966392132807805,1.529013405228379,39.26944246608129]},{"linear":[0.9853074279793396,-0.029904774581722575,0.16815164829984522,0.024196601805848587,0.999062629869156,0.03589409505719776,-0.16906743278877714,-0.03129802000354501,0.9851074241493006],"translation":[-3.639872505587505,3.077999886639005,37.03508260595924]},{"linear":[0.7012063429476776,-0.028178507061537728,-0.7124013169202643,0.04777398464072098,0.9988298990129245,0.00751526642102909,0.7113559664482278,-0.03930400205594539,0.7017320602772075],"translation":[-4.7838015815815575,3.4680193124734595,39.752970196311864]},{"linear":[0.9459816428857086,-0.03337497099517771,-0.32249781803033434,-0.06793238147133207,0.9522054633066215,-0.29780857475340755,0.31702353677745915,0.3036294896087887,0.898501647282306],"translation":[-4.544894707320532,3.230609206544305,40.48906750420106]},{"linear":[0.9094069289567019,-0.38645648584255565,0.1537218986213819,0.3866656911266516,0.9217394489128012,0.02976628333323001,-0.15319491137465596,0.03236931985920995,0.9876657057227223],"translation":[-7.677498838435361,-1.6593425291216493,36.11240719421786]},{"linear":[0.6786224843482876,-0.5665162304328417,-0.467472870221494,0.6412966612602073,0.7672922385895519,0.0011012977550778902,0.3580644020193422,-0.3005361563213284,0.8840067322991002],"translation":[-7.424677002759552,-2.290343373072362,33.813463862202035]},{"linear":[0.7978047899455949,-0.5756542927303105,0.179247461351706,0.5551177942804288,0.8173551096178169,0.15419098305308998,-0.23526952971665682,-0.023510849470249798,0.9716457627881112],"translation":[-7.023914168341539,-1.8653100869375412,33.77416473760976]},{"linear":[0.6829367163065869,-0.49463678193366406,-0.5375238557298507,0.4894079199718229,0.856109811203233,-0.16599963563339037,0.5422889722179773,-0.14970118610042293,0.8267479818486987],"translation":[-8.04064325561699,-2.832884288961216,35.044115988319305]},{"linear":[0.8846308668187076,-0.46585190463842796,0.020254195030436635,0.4479565749847101,0.8369827010660816,-0.3143165045683953,0.12947253144798604,0.28712708172667256,0.949102156008285],"translation":[-6.959666341964837,-2.1587184646693776,30.68708102998911]},{"linear":[0.7938487301550677,-0.4460269630536237,-0.41335716016581553,0.4630765039864813,0.8839683592900288,-0.06449876921114618,0.39416284082450576,-0.14021372259253273,0.9082817662542276],"translation":[-4.095407213175087,-1.9826756267804333,31.486833463250534]},{"linear":[0.8356754059812506,-0.5165136031690449,-0.18670916843958782,0.5183892622526987,0.8540861839336538,-0.042536610052419835,0.18143645890276536,-0.06124122920859068,0.9814939241920175],"translation":[-4.15974074729962,-2.0398643530028977,32.252964133202646]},{"linear":[0.8372121288121643,-0.5308534594779201,0.13141710668755477,0.538777184569181,0.8418499937184449,-0.03174481790719392,-0.09378164403288367,0.09738168532418479,0.9908187576978502],"translation":[-10.147625826396704,-0.944499179550145,34.04331870762636]},{"linear":[0.7260834690929662,-0.5707151404906241,-0.38351926199956476,0.6754270935473985,0.6964904574766692,0.24227935105174375,0.12884501236771817,-0.43495433215305196,0.8911866761398844],"translation":[-9.257543319105972,-0.7309417778892655,32.65878044838428]},{"linear":[0.5904115905498839,-0.8024431382951409,-0.08659771098245933,0.8006042414243255,0.5958649441302246,-0.06306993713382571,0.10221057850211282,-0.03209327281113161,0.9942449494377801],"translation":[-4.949092119005765,-0.9779451473242332,30.22443323263893]},{"linear":[0.7041062897460285,-0.620569443499739,0.34514909609400096,0.6930580269474654,0.7064051908301726,-0.14374379169854123,-0.1546121082702382,0.3404192593884953,0.9274749720685839],"translation":[-6.416133070793807,-0.7092851868427572,25.911438331738925]},{"linear":[0.3458850123642993,-0.8592560146074256,-0.37688547276687673,0.882616232517543,0.434254205736408,-0.18003297169346533,0.31835851538522913,-0.27037452942391793,0.9085953277012311],"translation":[-6.41033241302636,-1.2141399468104788,26.509846218482476]},{"linear":[0.42996959372722354,-0.8884763302115727,-0.16042430964109786,0.8726651989522257,0.36342731591501176,0.32615339425565165,-0.23147699455392665,-0.28023275451057966,0.9316050688417784],"translation":[-6.298997396791254,-0.8601517897279745,27.36713331039998]},{"linear":[0.45087848611649967,-0.879644243548892,-0.15144172327529376,0.8384899592987152,0.47558001174137715,-0.2660042115969415,0.3060117300244096,-0.007046788159786321,0.9520016616918789],"translation":[-5.280984161888467,-0.010667944127127404,28.75504393004482]},{"linear":[0.3226726648242563,-0.9379751887365619,-0.12682624606060294,0.8904452474147591,0.34625338768689684,-0.29532330228381265,0.32091994754405956,-0.017639071119501554,0.9469420523127904],"translation":[-5.512397212871267,0.6414782257855433,41.60947687010192]}],"scale":{"linear":[0.25641025641025644,0.25641025641025644,0.25641025641025644]},"k":0.04002074484152362,"files":["/tmp/jl_7OiyV8/103.0 extrinsic.png","/tmp/jl_7OiyV8/intrinsic0001.png","/tmp/jl_7OiyV8/intrinsic0002.png","/tmp/jl_7OiyV8/intrinsic0003.png","/tmp/jl_7OiyV8/intrinsic0004.png","/tmp/jl_7OiyV8/intrinsic0005.png","/tmp/jl_7OiyV8/intrinsic0006.png","/tmp/jl_7OiyV8/intrinsic0007.png","/tmp/jl_7OiyV8/intrinsic0008.png","/tmp/jl_7OiyV8/intrinsic0009.png","/tmp/jl_7OiyV8/intrinsic0010.png","/tmp/jl_7OiyV8/intrinsic0011.png","/tmp/jl_7OiyV8/intrinsic0012.png","/tmp/jl_7OiyV8/intrinsic0013.png","/tmp/jl_7OiyV8/intrinsic0014.png","/tmp/jl_7OiyV8/intrinsic0015.png","/tmp/jl_7OiyV8/intrinsic0016.png","/tmp/jl_7OiyV8/intrinsic0017.png","/tmp/jl_7OiyV8/intrinsic0018.png","/tmp/jl_7OiyV8/intrinsic0019.png","/tmp/jl_7OiyV8/intrinsic0020.png","/tmp/jl_7OiyV8/intrinsic0021.png","/tmp/jl_7OiyV8/intrinsic0022.png","/tmp/jl_7OiyV8/intrinsic0023.png","/tmp/jl_7OiyV8/intrinsic0024.png","/tmp/jl_7OiyV8/intrinsic0025.png","/tmp/jl_7OiyV8/intrinsic0026.png","/tmp/jl_7OiyV8/intrinsic0027.png","/tmp/jl_7OiyV8/intrinsic0028.png","/tmp/jl_7OiyV8/intrinsic0029.png","/tmp/jl_7OiyV8/intrinsic0030.png","/tmp/jl_7OiyV8/intrinsic0031.png","/tmp/jl_7OiyV8/intrinsic0032.png"]}