{"intrinsic":{"linear":[1493.4482997211328,1493.4482997211328],"translation":[596.7574845579439,907.81671050269]},"extrinsics":[{"linear":[0.7357549416676099,-0.6759356139610235,0.04213919304906028,0.6752955376703247,0.7369335474355072,0.030081281001082608,-0.051386794161914516,0.006323957878820249,0.998658803066647],"translation":[-5.764669748202282,13.018383937859797,41.24913539124314]},{"linear":[0.376626800506201,-0.9261458951375434,0.02015028685504526,0.9252141727765657,0.377153829839175,0.04163800104493454,-0.046162621609237176,0.002961343870773653,0.998929548471083],"translation":[-6.042920792137675,5.69656877625446,40.91334082308423]},{"linear":[0.3778857292964373,-0.9256975634839673,0.01692325482719135,0.9234811607012825,0.3781623223551585,0.0646204594595625,-0.06621873922019034,-0.008790842439689386,0.9977664053601369],"translation":[-6.036046816906,5.694331074686063,40.88356899122287]},{"linear":[0.3756843813406432,-0.9263422775452239,0.027408583491777206,0.9258202228216079,0.37646704324746594,0.033607742605821715,-0.04145070121538122,0.012749516886458109,0.9990592020435602],"translation":[-6.038463909315714,5.7042747989655265,40.98051220848587]},{"linear":[0.28519876821437834,-0.8640062266345857,-0.41491553712251605,0.9570810521853578,0.2800019755601068,0.07479808306504496,0.051551160576357585,-0.4184401199922182,0.906780207009465],"translation":[-5.948361625198134,6.934754622566206,39.02425832837617]},{"linear":[0.284585181191208,-0.9582077729540297,0.029139981071471033,0.8306162642328727,0.2616393304212551,0.4915500812415186,-0.4786312737778357,-0.11568372671726873,0.8703616369846562],"translation":[-4.808996405958874,6.703082934405,37.02149130300633]},{"linear":[0.2653191651762667,-0.7411881565790642,0.6166407845229649,0.9237577450582631,0.37861678147215944,0.057627781776986936,-0.27618357850357794,0.554336945669862,0.7851325885672855],"translation":[-5.945300786604874,4.257236097650945,35.757201595878136]},{"linear":[0.29484305680762,-0.9542849108443385,-0.04907016188226207,0.8189332687189652,0.27881685651960153,-0.5016068798429691,0.49235746489477494,0.10771011770182398,0.8637028755926713],"translation":[-6.375136332092499,6.131652009068677,38.84038055222499]},{"linear":[0.7353824519413362,-0.6760587463290867,0.04644589205399924,0.6754787043415754,0.7367851180970365,0.02960084005163416,-0.05423254887772365,0.009605272649930044,0.9984821327292469],"translation":[-5.764669969671485,13.026449015783243,41.26149998838611]},{"linear":[0.19193153641332433,-0.9809251833782892,0.030790744458203248,0.9797412703180676,0.19333908125119087,0.052221096278078125,-0.05717804268737829,0.020144087847679393,0.9981607521633102],"translation":[4.642666108854603,3.9276935798315518,41.390636625191135]},{"linear":[0.12617673429971843,-0.9920066696973336,0.0014829017038619566,0.9895712350749105,0.12597138856318923,0.06985685346319245,-0.0694852677462944,-0.007346872767854236,0.9975559237590435],"translation":[4.884005608824131,4.121883427757373,41.37619008713158]},{"linear":[0.07196571682471359,-0.9974020842797324,-0.0031651028972663475,0.9945099862988227,0.07151462848030715,0.07639073939450153,-0.07596593153394575,-0.008645240758289922,0.9970729346734923],"translation":[2.855178199635848,4.590176864512424,41.229227835317694]},{"linear":[0.03859242245440714,-0.998321663957473,-0.043179627167019556,0.9969807218653088,0.035554836671366,0.06903110761243772,-0.06738000562502236,-0.0457133335303249,0.9966796004632166],"translation":[-8.374945373199173,-4.447450890523484,40.38760660434171]},{"linear":[0.9941334601996896,0.08159659093984607,0.07099760318762467,-0.08458874838153031,0.9956044224815679,0.040206685792162355,-0.0674047992255606,-0.04597641006145378,0.9966658230115162],"translation":[-13.171828355892004,4.946949902445091,40.069147898971906]},{"linear":[0.9891944451862205,-0.03464334481597815,0.14245767186321273,0.034371110540018665,0.9993995757018204,0.004372052980835266,-0.14252359935453274,0.000571617864182088,0.9897912390398524],"translation":[-11.195893147382401,3.7764839343692165,40.130869022066825]},{"linear":[0.9376616749422506,-0.0935578292784691,0.3347200560545995,0.1890003991703706,0.945494629418421,-0.2651768369491641,-0.2916666461183623,0.3119083812942894,0.904236544948523],"translation":[-8.461044455213873,4.296987545700754,34.085720872801325]},{"linear":[0.8234097322893248,-0.48942967450796854,-0.28714979798399,0.5366332892453454,0.8361213954179008,0.11369135850249898,0.1844481651980952,-0.24770871166643735,0.9511147504479203],"translation":[-2.580129331477923,1.7890298764291073,28.531326952672774]}],"scale":{"linear":[0.25641025641025644,0.25641025641025644,0.25641025641025644]},"k":-0.013201262433032221,"files":["/tmp/jl_c6Bxns/71.0 extrinsic.png","/tmp/jl_c6Bxns/intrinsic0004.png","/tmp/jl_c6Bxns/intrinsic0006.png","/tmp/jl_c6Bxns/intrinsic0007.png","/tmp/jl_c6Bxns/intrinsic0009.png","/tmp/jl_c6Bxns/intrinsic0010.png","/tmp/jl_c6Bxns/intrinsic0011.png","/tmp/jl_c6Bxns/intrinsic0012.png","/tmp/jl_c6Bxns/intrinsic0013.png","/tmp/jl_c6Bxns/intrinsic0014.png","/tmp/jl_c6Bxns/intrinsic0015.png","/tmp/jl_c6Bxns/intrinsic0016.png","/tmp/jl_c6Bxns/intrinsic0017.png","/tmp/jl_c6Bxns/intrinsic0018.png","/tmp/jl_c6Bxns/intrinsic0019.png","/tmp/jl_c6Bxns/intrinsic0020.png","/tmp/jl_c6Bxns/intrinsic0021.png"]}