{"intrinsic":{"linear":[1366.48428184606,1366.48428184606],"translation":[536.2120017495545,972.2944986269085]},"extrinsics":[{"linear":[0.41031303851184703,0.9020526574718649,0.1339560135832712,-0.9115169531607185,0.4101705934019784,0.02994876306075716,-0.02792945627426261,-0.1343915453301098,0.9905346324162567],"translation":[2.9286660182950746,-7.733262138104435,36.853175089026045]},{"linear":[0.4106671607388561,0.8985758280885463,0.15464140540511764,-0.9115898944062948,0.40814224545606237,0.04923181786612703,-0.018877168935166416,-0.1611874332851871,0.9867432613623093],"translation":[2.922896507680541,-7.71401280866049,36.68294838278344]},{"linear":[0.4103601590858978,0.9008772802645035,0.14150853592002102,-0.91156514817589,0.40958015018207855,0.03595943837010943,-0.025564046355465046,-0.14375057036428487,0.9892837070597484],"translation":[2.9252783339316677,-7.725526071828914,36.764107010150006]},{"linear":[0.40955967846684294,0.8985987650939073,0.1574202310563697,-0.9113342889963985,0.4108652985781478,0.025681123879579645,-0.04160148403080243,-0.15398040718219325,0.9871977262587475],"translation":[2.929638741492269,-7.720044067442811,36.732352387959416]},{"linear":[0.4101087305683875,0.8966098742669834,0.16703760797655742,-0.9115624472094154,0.4088674234180565,0.043374357690477996,-0.029406358992019793,-0.17005341347477876,0.9849959911676842],"translation":[2.926536385942859,-7.707899855018921,36.65842128656478]},{"linear":[0.410167288498692,0.8998009643595696,0.14873136852466406,-0.9117847830161335,0.40820267260493703,0.044934257959923646,-0.020280653486836706,-0.15404156132607605,0.9878562104265842],"translation":[2.926644733467469,-7.714114344764215,36.689632316479205]},{"linear":[0.4097998514377287,0.899375067948603,0.15227793311593515,-0.9115995426474703,0.40972537504264295,0.03333752976884727,-0.03240919015554942,-0.152478208930363,0.9877752984332268],"translation":[2.929591508816642,-7.721509697175118,36.749746626063825]},{"linear":[0.41076039869443454,0.9012159801010581,0.13815083088739682,-0.9113959973055902,0.4100449760727633,0.03493499238350209,-0.02516408074493419,-0.14026002569504933,0.9897948748262371],"translation":[2.9240741723103185,-7.725788055809936,36.76507181926002]},{"linear":[0.20657573287685557,0.3965548301897104,0.8944667312089367,-0.9188122029032744,0.3928588205554584,0.038027396805546565,-0.3363191971660589,-0.8297024850902788,0.4455145158719225],"translation":[4.5329261198370805,-3.7663702837790756,31.349225989097818]},{"linear":[0.39900386425878087,0.8844460568567258,0.24197332253194684,-0.9169491432115273,0.3849841008734375,0.10484040651541074,-0.00043019786850864716,-0.2637089581058256,0.9646021979782825],"translation":[2.9898812280520346,-7.511372384909033,35.703163505392546]},{"linear":[0.4112807207997328,0.8959525183593147,0.1676820012525318,-0.5726260680616835,0.11083586767531889,0.812289847660843,0.7091879545470781,-0.43009823910620815,0.5586304233060266],"translation":[-0.54824277843825,-4.761077272131748,28.85868061135674]},{"linear":[0.39070802552183187,0.9071048054261603,0.1565506651713728,-0.9052983820601834,0.40944657887898767,-0.11308553613750574,-0.16667956753017363,-0.09754163735072668,0.9811745771017988],"translation":[3.5552840621652533,-7.733420482340331,36.59732447955545]},{"linear":[0.39423235043295957,0.9110131774700134,0.12097869377743486,-0.8697680980581111,0.4123740573335227,-0.27101862009586153,-0.2967900090509798,0.001620899219134636,0.9549413925541405],"translation":[3.5739675313455983,-7.698454237289331,36.295336146506195]},{"linear":[0.23198259076799177,0.6534551099046226,-0.720541807891886,-0.9332728403688055,0.35833186828764774,0.02449648136825966,0.27420044312603153,0.6667793424432261,0.6929786616343006],"translation":[2.942216412177156,-8.089664327552702,34.83436547248252]},{"linear":[0.3530540096778509,0.9178267786332428,0.1815127286834629,-0.9353062392912084,0.35112178641454944,0.04376905125762061,-0.02356066623270174,-0.18522282669471352,0.9824140672231294],"translation":[3.8717744531210845,-5.18639588907167,26.18164257051291]},{"linear":[0.18298172994063278,0.5148125844400134,0.8375474251707347,-0.9405082582556751,0.3397542177557659,-0.0033597127918965075,-0.28628989269761124,-0.787105503995088,0.5463543016393562],"translation":[4.168657577308383,-5.104024647527456,22.51939468404245]},{"linear":[0.41737352327832095,0.8827048068952762,0.2159434322923807,-0.7970835895441816,0.24148592678655062,0.5534819766201997,0.4364139014119549,-0.4031336888031237,0.8043793480730239],"translation":[3.75459102145769,-4.789490667157876,19.077933584605116]},{"linear":[0.32229407293415535,0.9154766262989396,0.24089225236986142,-0.9466389665891015,0.311389917412659,0.0831323418944472,0.0010942973230579356,-0.2548310539044428,0.9669849722096614],"translation":[4.2314013020781225,-5.183364748280987,21.651189421017126]},{"linear":[0.23944233433393197,0.7687412421048769,-0.5930466012176179,-0.9438274978510621,0.32755876096395026,0.04353059172541501,0.2277213710412807,0.5493106232386302,0.8039905573875024],"translation":[4.322748739324994,-5.870153551410336,22.58879732676384]},{"linear":[0.23670184731893323,0.9573402556937809,0.1657464035928718,-0.4177071731461223,0.25429581272992147,-0.8722696584946106,-0.8772074743058682,0.13723437782201459,0.46008018058347694],"translation":[2.3456228621353095,-5.836741553095416,26.1923558531525]},{"linear":[0.16894688169889638,0.9378815733835889,0.3030430752743631,-0.9843147866014644,0.17639847329773128,0.0028248001599039396,-0.050807007803382154,-0.2987670211481745,0.9529726727626107],"translation":[3.324595914100092,-4.872301867595273,14.549248372330387]},{"linear":[0.2430656136054561,0.9603665581543219,0.1364374635553761,-0.9695423473669722,0.24489961218130674,0.003437530448866008,-0.030112192625984642,-0.13311744413211613,0.9906427216322686],"translation":[3.680558908525946,-5.819503106046181,14.346791449552434]},{"linear":[0.1762507910426271,0.9720414765809946,0.15514840141969882,-0.9834847534504072,0.18048477677084607,-0.013527197957068526,-0.041150922072780254,-0.15020190797795377,0.9877985566158428],"translation":[3.998228188839913,-5.224212638629931,15.067928742773013]},{"linear":[0.20749066501961322,0.9652141225193144,0.15908903676554376,-0.9779035338599195,0.2089046035398462,0.007971517053909347,-0.025540211314705102,-0.15722774662612676,0.9872320564572802],"translation":[2.5820623682487676,-5.043068297456449,14.999316218268582]},{"linear":[0.22498515235976585,0.9645228171492715,0.1381210209058922,-0.9733665369974815,0.22889235835657112,-0.0128791668789986,-0.04403709653443427,-0.13154475848318672,0.9903316165024807],"translation":[2.952530117152173,-5.251849695989457,14.94829403295226]},{"linear":[0.2407217344228943,0.9544595401329604,0.1762385679288484,-0.9697886099846457,0.24392000908145955,0.003616782236971136,-0.03953604077904761,-0.17178479391051604,0.9843408383586649],"translation":[3.396335674597639,-5.514212849955432,14.997709353400332]},{"linear":[0.07352802287112636,0.389825050037794,0.9179488331141855,-0.9602477146023345,0.2762128457360887,-0.04038304658350583,-0.2692915825896848,-0.8784889835469785,0.3946379978321144],"translation":[3.7864297811373944,-4.5168690310210495,14.097296887457404]},{"linear":[0.17749165517694637,0.7648050049888315,0.6193302969228788,-0.9667360193289958,0.2532712907899333,-0.035708853153361364,-0.18416889334107214,-0.5923908824464083,0.7843180866969028],"translation":[3.6214526979009833,-5.016196695254398,14.880873054112511]},{"linear":[0.2154537827926732,0.8465599972500143,-0.4867400112343173,-0.969557166554765,0.2448424192811875,-0.003330240656588823,0.11635535339047895,0.4726397790882512,0.8735405376745751],"translation":[3.8579834272625133,-4.861420170129003,16.9315727275786]},{"linear":[0.18912369628188347,0.7286792532623516,-0.658223953810327,-0.9649199347346433,0.2622201407470582,0.013042903752025214,0.18210367117762757,0.6326666923836077,0.7527091797580364],"translation":[3.3524431661488547,-5.213202962495059,18.16638095489369]},{"linear":[0.19263773375103516,0.7510525171429103,-0.6315147029393406,-0.9625326980045268,0.26979299269820384,0.02724970390799647,0.19084420035042166,0.6026042296435077,0.7748849163639482],"translation":[2.657964611080347,-4.944952212944322,18.3550623474917]},{"linear":[0.2765576279359445,0.9462786318521985,0.1675488863895404,-0.9606229915448767,0.2770817068228799,0.020717042730354074,-0.026820636566183664,-0.1666807686688873,0.9856460697482305],"translation":[2.3973955212518177,-4.86516979233235,15.872540494290638]},{"linear":[0.30886444248081674,0.9379551565431186,0.15761624435694388,-0.6684486833349477,0.09618374686600384,0.7375127419825308,0.6765937584095709,-0.3331498328875314,0.6566826287699568],"translation":[1.188245493640137,-3.7288454410271537,11.683517833758946]},{"linear":[0.31215845384239443,0.9364110696599655,0.1602853964433601,-0.4272613282001733,-0.012314958736433512,0.9040443015781605,0.8485309995040544,-0.3506888227611474,0.3962480188859638],"translation":[0.4865522030049982,-2.8600885201592368,11.100832084438089]},{"linear":[0.3041357470306075,0.9410134998220505,0.14830725043230342,-0.9506804313265058,0.30976470061449396,-0.015891750880941982,-0.06089470314389661,-0.13615955128403073,0.9888136385199935],"translation":[2.570036135207185,-4.814335458883704,15.62407754831588]},{"linear":[0.27364229303707327,0.9508634633869484,0.14483980619011383,-0.5209927677016633,0.27311565546148536,-0.808686821176408,-0.8085087701837087,0.14583042459521406,0.5701289817211597],"translation":[0.9146210863532214,-4.723686014495704,18.274219186576385]}],"scale":{"linear":[0.25,0.25,0.25]},"k":-0.03325106771668315,"files":["/tmp/jl_WxHyx2/16.0 extrinsic.png","/tmp/jl_WxHyx2/intrinsic0001.png","/tmp/jl_WxHyx2/intrinsic0002.png","/tmp/jl_WxHyx2/intrinsic0003.png","/tmp/jl_WxHyx2/intrinsic0004.png","/tmp/jl_WxHyx2/intrinsic0005.png","/tmp/jl_WxHyx2/intrinsic0006.png","/tmp/jl_WxHyx2/intrinsic0007.png","/tmp/jl_WxHyx2/intrinsic0008.png","/tmp/jl_WxHyx2/intrinsic0009.png","/tmp/jl_WxHyx2/intrinsic0010.png","/tmp/jl_WxHyx2/intrinsic0011.png","/tmp/jl_WxHyx2/intrinsic0012.png","/tmp/jl_WxHyx2/intrinsic0013.png","/tmp/jl_WxHyx2/intrinsic0014.png","/tmp/jl_WxHyx2/intrinsic0015.png","/tmp/jl_WxHyx2/intrinsic0016.png","/tmp/jl_WxHyx2/intrinsic0017.png","/tmp/jl_WxHyx2/intrinsic0018.png","/tmp/jl_WxHyx2/intrinsic0019.png","/tmp/jl_WxHyx2/intrinsic0020.png","/tmp/jl_WxHyx2/intrinsic0022.png","/tmp/jl_WxHyx2/intrinsic0023.png","/tmp/jl_WxHyx2/intrinsic0024.png","/tmp/jl_WxHyx2/intrinsic0025.png","/tmp/jl_WxHyx2/intrinsic0026.png","/tmp/jl_WxHyx2/intrinsic0027.png","/tmp/jl_WxHyx2/intrinsic0028.png","/tmp/jl_WxHyx2/intrinsic0029.png","/tmp/jl_WxHyx2/intrinsic0030.png","/tmp/jl_WxHyx2/intrinsic0031.png","/tmp/jl_WxHyx2/intrinsic0032.png","/tmp/jl_WxHyx2/intrinsic0033.png","/tmp/jl_WxHyx2/intrinsic0034.png","/tmp/jl_WxHyx2/intrinsic0035.png","/tmp/jl_WxHyx2/intrinsic0036.png"]}