{"intrinsic":{"linear":[1381.5083698465107,1381.5083698465107],"translation":[539.9538442229311,973.5181217324888]},"extrinsics":[{"linear":[0.2476178310307226,0.9648471366611616,0.0880648206288878,-0.9682464215757017,0.24966575814845887,-0.012879297884729128,-0.03441332389480638,-0.08207930363321145,0.9960314809550941],"translation":[3.4264457538832067,-4.178691245465641,37.74014226636758]},{"linear":[0.2478556010638549,0.9636559046312893,0.09967396094530862,-0.967789753674161,0.2509742813363312,-0.019872161206551102,-0.044165526200672184,-0.09153801165070061,0.9948216919219515],"translation":[3.4267159075960194,-4.180461487679627,37.7271610243939]},{"linear":[0.24805511889869936,0.964796079386911,0.08739097886966013,-0.9677324172970843,0.25091066941091744,-0.023190612068404903,-0.0443015406108416,-0.0788185331975328,0.9959041180375224],"translation":[3.426642555451828,-4.184261748602283,37.7893251520116]},{"linear":[0.24750105794725263,0.9645979120212971,0.09107191904832378,-0.9675540187745737,0.2509961711577632,-0.028985217220413913,-0.050817782991414054,-0.08094312934583495,0.9954224041800247],"translation":[3.423960246922384,-4.183752400788346,37.772437368004]},{"linear":[0.24831138031301936,0.9650067425863812,0.08428193857443493,-0.967890654495788,0.2506804130736938,-0.018628243097972383,-0.03910421136857262,-0.07695009593251964,0.9962678070625478],"translation":[3.4255266295772073,-4.183588334336539,37.80651772776748]},{"linear":[0.24712358384222066,0.9645839373659988,0.09223753078050101,-0.9673270009460666,0.2511451746393806,-0.03470698050887741,-0.056642806689512104,-0.08064694061687666,0.9951319829145643],"translation":[3.427194327515254,-4.184448279775787,37.80518150393994]},{"linear":[0.24999270975483667,0.9653501709732845,0.07485113540411029,-0.9678365313036618,0.25139146386824907,-0.009735531227150072,-0.02821513323608489,-0.07000985142127673,0.9971471942298391],"translation":[3.419502095500993,-4.186969341869507,37.79090274890111]},{"linear":[0.15056224214258296,0.6798344111362518,0.7177438154913103,-0.9738772898072827,0.22682939076654907,-0.010557077346404209,-0.16998245685546487,-0.6974049045708683,0.6962272354927506],"translation":[4.010724214280047,-2.663433576245284,33.170728676247315]},{"linear":[0.24381099524612226,0.9290421162651379,-0.2782749446189671,-0.9666421718928964,0.25601212992117506,0.007791075112429574,0.078479998186031,0.26709274707265507,0.960469861237667],"translation":[3.2685170220402977,-5.477119516581198,36.64177329065165]},{"linear":[0.23693679444294286,0.9637147903797866,0.12294209304525032,-0.9456540407019275,0.19976441157958386,0.2565786724776247,0.2227092066871511,-0.1770536152398674,0.9586723249303035],"translation":[3.0469277519521714,-4.676494731538176,34.860065040777414]},{"linear":[0.23768296862950444,0.9636434762315349,0.12205759763271273,-0.6297952737077206,0.05721991724266384,0.7746507563322713,0.7395030220620353,-0.26099258952534626,0.6204983066648698],"translation":[-0.32102774926739946,-3.161501150731898,29.570551665995126]},{"linear":[0.20536840908942539,0.973124993761931,0.10417083595671117,-0.9765481736229983,0.21078534519446096,-0.04385433667082703,-0.0646334367155631,-0.09272154424454745,0.9935920863670571],"translation":[3.727316193276154,-4.903606709079012,37.64450624822232]},{"linear":[0.20808651008538825,0.9732020951594711,0.09786565433133099,-0.6460383344922436,0.21187552393354425,-0.73330977950957,-0.7343939506061932,0.08936690850142537,0.6728142990290311],"translation":[4.513999874212838,-4.917356048776822,36.247074440994865]},{"linear":[0.24645785334806375,0.9578420033428244,0.14763882672003711,-0.966592865978735,0.2540043373409458,-0.03435153637033221,-0.07040424676168067,-0.1342404307360185,0.9884446108881006],"translation":[4.030654354406418,-2.9810891209121055,27.175589631641117]},{"linear":[0.3134601322537157,0.9425262939406284,0.11570190455661153,-0.73382822759192,0.1630983149125263,0.6594657474516745,0.6026930212610598,-0.29162154396278506,0.7427772191040711],"translation":[3.0850348951537634,-2.7740271141457513,22.89860162643555]},{"linear":[0.206570747067631,0.9718146504732872,-0.11359934674725652,-0.9307180240362516,0.2309826187785191,0.2835683155013492,0.30181531801745287,0.04715204075859218,0.9521996633386949],"translation":[3.7529582663795846,-3.0891269627738933,24.049931334871907]},{"linear":[0.22333488696902132,0.837476307893029,0.4987534079887527,-0.9710445609840859,0.23568024913590385,0.039080439486555596,-0.0848173852801328,-0.49303980963518457,0.8658624355341573],"translation":[4.321793453005875,-3.0581029480098003,25.510763675158202]},{"linear":[0.2361628536175776,0.9714521799950321,-0.022533720378635134,-0.9711525289499102,0.23517519636575834,-0.0394384650882995,-0.033013210770789905,0.031197579989911656,0.9989678868298902],"translation":[4.304788119496022,-2.321038104994339,26.54781748204509]},{"linear":[0.1954396264865606,0.6065802596063201,-0.7706255517790225,-0.9658122308322667,0.2555121991922979,-0.043820666799078034,0.17032347804572923,0.752843878051648,0.635779842482098],"translation":[4.270503228311456,-2.618544572931668,26.557884705254565]},{"linear":[0.021621937215063558,0.9565417065685199,0.290792804976415,-0.934075280566886,0.12302095914784045,-0.3352151754384616,-0.3564209057630613,-0.2643743694183097,0.8961419143917497],"translation":[1.5917775401251117,-3.732556224150659,20.514643582069567]},{"linear":[0.0899913292654515,0.9890291167846683,0.11714506737022999,-0.993727493559859,0.09700828774750292,-0.05563326928680251,-0.0663869655902218,-0.11140376232621732,0.991555330044313],"translation":[3.90134719213613,-3.564783754165176,15.99742892877845]},{"linear":[0.02995492983842951,0.997552549780134,0.06317921023191328,-0.9980129333668467,0.03335442150419532,-0.05345715479356034,-0.05543362707668483,-0.061452363610149295,0.9965694757496083],"translation":[4.0508864310602135,-3.606684795091066,15.102376715926916]},{"linear":[-0.02261036133830313,0.7258966358360355,0.6874320662015103,-0.9963487126493422,0.04026311255109466,-0.07528694820283671,-0.08232869707550394,-0.6866243192966763,0.7223358151083372],"translation":[3.936268478177031,-3.3503920303983086,14.020174487772296]},{"linear":[-0.04717774600017233,0.3776962350475373,0.9247268863363164,-0.9960167816801144,0.052335857198334335,-0.07219091814697265,-0.07566261225949422,-0.9244493020616279,0.37372270070713975],"translation":[3.9579912381665774,-2.7936967559874764,14.793331052203161]},{"linear":[-0.02477873445038925,0.4948329586588415,0.8686347663684516,-0.9957590846514481,0.06479099394241083,-0.06531441217728773,-0.0885994337066961,-0.8665693683305982,0.4911289751358202],"translation":[3.933793669992106,-3.223971783721791,14.643037462202694]},{"linear":[0.13336805521071132,0.9874474670021139,0.08461951170044646,-0.8971987057067273,0.08402472895735397,0.4335600620465596,0.421007653526021,-0.13374357866736075,0.8971428040383325],"translation":[3.408561559394543,-4.314808397497563,14.030319724141247]},{"linear":[-0.03480776260028984,0.9951694599627336,-0.09179414807188463,-0.5875576357167109,0.05392200478899678,0.8073837019103893,0.8084333271048088,0.08203757283718621,0.5828425106915527],"translation":[1.867767357722985,-4.672296228113098,12.084142263289522]},{"linear":[-0.004009548307227329,0.9999772544715877,-0.005423473226424225,-0.4657996040255051,0.00293157283026535,0.8848853794534203,0.8848811515746364,0.0060742423565890435,0.46577725488449817],"translation":[1.414922878470546,-3.684861801157728,10.023023930820738]},{"linear":[0.027766807994812737,0.9996107813218478,-0.002700044241114752,-0.8435484850936477,0.02488084284547748,0.5364763712928187,0.5363347440451633,-0.012618618166163387,0.8439110218533619],"translation":[2.406303744832331,-3.005117694846477,12.660483146359162]},{"linear":[-0.0039691168762387985,0.9909687816416983,-0.13403402524281155,-0.6707741107858143,-0.10204642476676706,-0.7346077997760578,-0.7416510894016963,0.08699080988178248,0.6651212375089136],"translation":[3.1624842426471105,-2.7967382094694186,17.076341129664332]},{"linear":[-0.0497066768734265,0.9911821106971856,-0.12283024752915289,-0.6349937429303592,-0.1262889949378973,-0.7621246854661441,-0.7709164628631913,0.04011375314587179,0.6356718446612672],"translation":[3.4345363235894393,-2.6903629264056823,16.717559304947134]},{"linear":[-0.000634275117446792,0.9213527679871248,-0.3887269923963851,-0.9989746984778664,-0.018180511023281387,-0.041461075962748506,-0.04526753247231227,0.38830213229056076,0.9204196350374498],"translation":[3.8238030378150754,-2.654868058958176,20.851583711242867]},{"linear":[0.07736118437966355,0.6129670324590137,-0.7863120654484237,-0.9969125536443102,0.036927177646293996,-0.06929461694431677,-0.013439030387503659,0.7892450827654673,0.6139312598270057],"translation":[3.573679018730836,-2.5569428007291832,18.072613759132977]},{"linear":[0.09482454943174162,0.4216257445854284,-0.9017982237329204,-0.9952817915741456,0.05885646753049656,-0.07713670715548315,0.020553836284897375,0.90485780525595,0.42521746445949155],"translation":[3.3462715582822464,-2.3365218528600957,19.009367266281835]},{"linear":[0.09038021853466605,0.9940887330846392,-0.06015818191902721,-0.9909785588371066,0.0837664682094239,-0.10461679945807213,-0.09895914319938777,0.06907075761779595,0.9926914517710659],"translation":[3.203136358159521,-2.849019620673285,25.413864978508666]}],"scale":{"linear":[0.25,0.25,0.25]},"k":-0.012751670895881475,"files":["/tmp/jl_zPpbAL/16.0 extrinsic.png","/tmp/jl_zPpbAL/intrinsic0001.png","/tmp/jl_zPpbAL/intrinsic0002.png","/tmp/jl_zPpbAL/intrinsic0003.png","/tmp/jl_zPpbAL/intrinsic0004.png","/tmp/jl_zPpbAL/intrinsic0005.png","/tmp/jl_zPpbAL/intrinsic0006.png","/tmp/jl_zPpbAL/intrinsic0007.png","/tmp/jl_zPpbAL/intrinsic0009.png","/tmp/jl_zPpbAL/intrinsic0011.png","/tmp/jl_zPpbAL/intrinsic0012.png","/tmp/jl_zPpbAL/intrinsic0013.png","/tmp/jl_zPpbAL/intrinsic0014.png","/tmp/jl_zPpbAL/intrinsic0016.png","/tmp/jl_zPpbAL/intrinsic0017.png","/tmp/jl_zPpbAL/intrinsic0018.png","/tmp/jl_zPpbAL/intrinsic0019.png","/tmp/jl_zPpbAL/intrinsic0022.png","/tmp/jl_zPpbAL/intrinsic0023.png","/tmp/jl_zPpbAL/intrinsic0024.png","/tmp/jl_zPpbAL/intrinsic0025.png","/tmp/jl_zPpbAL/intrinsic0026.png","/tmp/jl_zPpbAL/intrinsic0027.png","/tmp/jl_zPpbAL/intrinsic0028.png","/tmp/jl_zPpbAL/intrinsic0029.png","/tmp/jl_zPpbAL/intrinsic0030.png","/tmp/jl_zPpbAL/intrinsic0031.png","/tmp/jl_zPpbAL/intrinsic0032.png","/tmp/jl_zPpbAL/intrinsic0033.png","/tmp/jl_zPpbAL/intrinsic0034.png","/tmp/jl_zPpbAL/intrinsic0035.png","/tmp/jl_zPpbAL/intrinsic0036.png","/tmp/jl_zPpbAL/intrinsic0038.png","/tmp/jl_zPpbAL/intrinsic0039.png","/tmp/jl_zPpbAL/intrinsic0040.png"]}