{"intrinsic":{"linear":[1372.624244478773,1372.624244478773],"translation":[544.1249465438726,964.6855944230524]},"extrinsics":[{"linear":[-0.3190197364203658,-0.9459553467852333,-0.05826568168922042,0.9469248261228524,-0.3207015840627873,0.02199699188127099,-0.03949406849751079,-0.048155745950490506,0.9980587370918936],"translation":[-2.7077362934989333,4.036268390575594,37.724283290746705]},{"linear":[-0.32059371827359706,-0.9462288552701462,-0.043250679273953575,0.9464805189083597,-0.3218103943224342,0.024752725769126658,-0.0373402615212007,-0.03300035697061962,0.9987575688370728],"translation":[-2.7020380056005786,4.040283245681665,37.63912196409921]},{"linear":[-0.32060219858593175,-0.9459715857729195,-0.048497310978392515,0.9463268897432023,-0.3220971524412076,0.02681123156854919,-0.04098350901062137,-0.03729856967141764,0.998463403780851],"translation":[-2.70241083457657,4.042659864906119,37.622413018237076]},{"linear":[-0.31992660913013726,-0.9460889845286494,-0.05062211101921289,0.9466258054786455,-0.3214120659964842,0.024369411847183695,-0.03932618939585106,-0.04012377331982654,0.9984205194416734],"translation":[-2.7027956835688807,4.0414996409970545,37.633958227308874]},{"linear":[-0.31999235182398456,-0.9454477897422928,-0.06110132278084368,0.9467507470181293,-0.3215244590082038,0.016883284043578174,-0.0356078333343887,-0.05244520121894266,0.9979887690121243],"translation":[-2.7060994966443643,4.04057708236216,37.73879247890521]},{"linear":[-0.31947950252867197,-0.9455276912058608,-0.06253185289871523,0.9462702976050785,-0.3218238143242298,0.03165369495335211,-0.05005368452400381,-0.049059328335372986,0.9975408818533974],"translation":[-2.702733771629494,4.042931429403871,37.65357793362165]},{"linear":[-0.262111471649123,-0.8391009300032684,-0.4766625700614443,0.9518356076740129,-0.30620979603956083,0.015637671605876147,-0.1590803331457841,-0.44960559391210964,0.8789472438827974],"translation":[-2.517551827856129,4.379805753940264,36.890438931231216]},{"linear":[-0.21969515372661286,-0.7242220714225094,-0.6536332539685611,0.9522703766000395,-0.30474869681423256,0.01758867931499336,-0.21193199210845604,-0.6185714373089954,0.7566070364901616],"translation":[-2.4043901062640542,4.66891408410373,36.44347750043218]},{"linear":[-0.30845227522978086,-0.947586355937532,-0.08329040729039842,0.948224269082968,-0.2993270276166939,-0.106179405066266,0.07568308547913936,-0.11172926464979502,0.9908524824579961],"translation":[-2.6614728411528095,4.088600051333547,37.677272136940225]},{"linear":[-0.2963232535107402,-0.9518122587370678,-0.07903134534253475,0.71675401851381,-0.16692636527975313,-0.6770518927813403,0.6312338761292161,-0.257272254027386,0.7316794249769183],"translation":[-3.3816823517222026,4.453416272970511,36.32675292364297]},{"linear":[-0.2923590424881899,-0.8760255393029939,0.3835432762600429,0.9526936465032021,-0.30164252497552724,0.037237119099363364,0.08307229494735593,0.37628585093687394,0.9227718852440685],"translation":[-2.667759534624875,3.4558274050436424,34.363717562879884]},{"linear":[-0.2649537963317674,-0.7875029030524263,0.5564518519093856,0.9516991586327253,-0.3064116168809612,0.019509805179896533,0.15513928344280425,0.534743956229891,0.8306507713885887],"translation":[-2.892694222251338,2.805668856028038,33.17674732104067]},{"linear":[-0.2619375561457734,-0.7869196793376044,0.5587003982024551,0.9532006799941498,-0.30152185828453193,0.0222043382097592,0.1509873515863848,0.5383697495660809,0.8290722721289653],"translation":[-2.9089196131061597,2.7889305063209675,33.12500293065803]},{"linear":[-0.3048025964284004,-0.9496785398786131,-0.07215294938206676,0.856256443217006,-0.3064135515505528,0.41585531002445897,-0.41703750509980253,0.06497235042848734,0.9065640148494369],"translation":[-1.576498896009336,4.211987383907063,33.87882497094894]},{"linear":[-0.30166787312362076,-0.9508705536075789,-0.0695822147325576,0.5116341657273223,-0.22303711759858114,0.8297499169230592,-0.804504179470547,0.2147082542785287,0.5537809953032776],"translation":[2.013145846562827,3.335496427791002,29.585388135997736]},{"linear":[-0.2814070984937407,-0.9584926603253051,-0.04584610146842824,0.9560905143447079,-0.28413679851795337,0.07181370417991109,-0.0818594728629859,-0.023624136608292635,0.9963638526522863],"translation":[-2.371908014844459,4.989349188663364,31.399767114677854]},{"linear":[-0.26922297573161386,-0.9469030093724171,-0.17576598129238524,0.9587108509457518,-0.28086142251973606,0.04461351386141517,-0.0916105540704087,-0.15649777053252395,0.9834205378175007],"translation":[-1.9881722712660057,5.124121306282432,31.14717617422919]},{"linear":[-0.29255539479176335,-0.943809949448753,-0.15373392696401825,0.9495603923981332,-0.30571146402891997,0.0698252243104025,-0.11289996530973388,-0.12555190194830584,0.9856420839991686],"translation":[-1.4695158299290785,5.0275688297982,26.78875126042763]},{"linear":[-0.26556670770822866,-0.7661997831433028,0.5851599918553623,0.9542364419282993,-0.2954645371223946,0.04619004437179386,0.13750322415504085,0.570647526599568,0.80960129924103],"translation":[-1.4487503686462742,3.4972123931059116,24.50271564019438]},{"linear":[-0.312070456778006,-0.9477270171737149,-0.06652466403808019,0.7746755851747975,-0.21330122077951813,-0.5952985191885263,0.5499906978672017,-0.2373101138446906,0.8007459910149837],"translation":[-0.5422124137444487,4.1051810367325805,27.942410850945716]},{"linear":[-0.2814715862566039,-0.9504947065165676,-0.1316569748026109,0.7403601506050383,-0.3024010988913947,0.6003502500918627,-0.6104429486252392,0.07150795950984074,0.7888257210565985],"translation":[-0.5346452611894726,4.213490324163329,24.416329925437253]},{"linear":[-0.22925268333394822,-0.9540742363844441,-0.19283557413409114,0.97116999378422,-0.23750465652881825,0.020503202195910578,-0.065360923779754,-0.18257570921283078,0.9810168500327042],"translation":[-2.269500502068813,4.523330330285698,21.295051332205674]},{"linear":[-0.22238237511492365,-0.9738205281093221,-0.04711324942228504,0.9748166273691886,-0.22126269179965852,-0.027845362668308817,0.016691981392444592,-0.052119096792350224,0.9985013658011409],"translation":[-2.153105390778544,4.112935902847988,21.517851991605255]},{"linear":[-0.11367786053952755,-0.4561473274550624,-0.8826137092062187,0.956198358702516,-0.2914287092765091,0.02745917376838025,-0.2697444027922913,-0.8408322799851536,0.4692963180094194],"translation":[-2.293871292784075,1.6479168301785292,22.182095371121015]},{"linear":[-0.27444616733916166,-0.9537993775396942,-0.12225403321664573,0.9169301626733486,-0.22127272627439148,-0.33208049835382486,0.28968668939506237,-0.20323663058609792,0.9352948700679047],"translation":[-1.8003813094942027,2.801079848013427,20.171111806815095]},{"linear":[-0.26340141936428935,-0.9591369868930333,-0.1033244049130266,0.9570760332688582,-0.2463931625605164,-0.15262986596919448,0.12093452285937671,-0.1390922349276919,0.9828673315171252],"translation":[-1.8663987432447486,2.7869773532005384,19.462849793050992]},{"linear":[-0.1335452795709522,-0.9787144893599112,-0.15583198202321843,0.8345579248451792,-0.19586256897582044,0.5149280766789673,-0.5344892219515981,-0.06128460158278301,0.8429504547874774],"translation":[-2.1991985832648475,2.732524345486229,16.28221002996247]},{"linear":[-0.20641802079091792,-0.745069900119375,0.6342416295299957,0.9692204625848444,-0.24458363951369216,0.02811651096875578,0.13417636006234496,0.6205237201093448,0.7726234640380003],"translation":[-2.0965971110874895,1.6642144559260126,15.514480906637932]},{"linear":[-0.22343682046671814,-0.9671269640657093,-0.12141426043413622,0.972956647821939,-0.22878180354018401,0.03184725777828021,-0.05857771520654546,-0.11101496181121415,0.9920908877392414],"translation":[-2.25901579829979,3.5240203715220164,19.21204282861009]},{"linear":[-0.20282599278198865,-0.9744967507469017,-0.0960088508197636,0.9773311256537677,-0.2075390404205728,0.041849940617007614,-0.06070821592124037,-0.08534418249089237,0.9945003182677324],"translation":[-2.4512448486512954,3.5849787983484,16.672309675659015]},{"linear":[-0.2110005864252842,-0.9726325914062999,-0.0972861483586016,0.9739701735835451,-0.21763151309044415,0.06339262953690203,-0.08283026921256047,-0.08137792479677458,0.9932355107717129],"translation":[-4.851917441192252,4.757826820514893,16.538931658242824]},{"linear":[-0.24357576048105006,-0.9659790135300612,-0.08692177129791884,0.9680235604644225,-0.247675972176648,0.039837158434491635,-0.060010293215919296,-0.07443895637260027,0.995418307287091],"translation":[-3.2108544883569823,4.128030499126971,16.539120295370004]},{"linear":[-0.15690744873615614,-0.6597106413548343,-0.7349570886890635,0.9632151510271979,-0.2666127996158427,0.03367770646370105,-0.2181665083434285,-0.7026375201796414,0.6772768192349721],"translation":[-3.4607731840770257,2.987371756570073,18.289564484513466]},{"linear":[-0.1018040642304412,-0.4262621569796732,-0.8988528834204186,0.9569660459507221,-0.28879044539471543,0.028566860978453623,-0.27175709632612105,-0.8572634671883308,0.43731845195536523],"translation":[-3.432200435138616,2.40342305309356,19.165507369548845]},{"linear":[-0.21891675746023592,-0.8246249315273316,0.521602507285615,0.9693769713626529,-0.2447716946001029,0.019877246146402933,0.11128225687353305,0.509980921041305,0.8529570443340013],"translation":[-3.384593767797685,3.2219732215301677,14.709724318550537]},{"linear":[-0.26310556927570217,-0.9600251397977305,-0.09553633011821433,0.9645834649519517,-0.2598308311062898,-0.04546073413289038,0.018820163585775047,-0.10411373666794617,0.9943873145206761],"translation":[-3.3850012879891547,4.360311577352611,17.623669712345258]},{"linear":[-0.32106788471918785,-0.9432235031939683,-0.08511660486911196,0.7890637890323232,-0.2167215961450349,-0.5748130884055285,0.5237306084619265,-0.2517164531508551,0.8138458557818267],"translation":[-2.063329800635701,3.824345738976087,18.499233421203822]},{"linear":[-0.33302721588771217,-0.9385988586287808,-0.09013909284449875,0.861968405721893,-0.2642906188047362,-0.43262100775282253,0.38223466746926194,-0.22177161989884908,0.8970585307504204],"translation":[-1.792685527697139,3.7722650747467887,18.525199582358074]},{"linear":[-0.27129108512269573,-0.9611429236012319,-0.051043388839563664,0.6517546010202488,-0.2224696464858894,0.7250677185210906,-0.7082493114588155,0.16343664461717278,0.6867833544971759],"translation":[-1.426996665705719,3.688227457887877,13.47426135861891]}],"scale":{"linear":[0.25,0.25,0.25]},"k":-0.016029739879251135,"files":["/tmp/jl_BL8XqN/22.0 extrinsic.png","/tmp/jl_BL8XqN/intrinsic0001.png","/tmp/jl_BL8XqN/intrinsic0002.png","/tmp/jl_BL8XqN/intrinsic0003.png","/tmp/jl_BL8XqN/intrinsic0004.png","/tmp/jl_BL8XqN/intrinsic0005.png","/tmp/jl_BL8XqN/intrinsic0006.png","/tmp/jl_BL8XqN/intrinsic0007.png","/tmp/jl_BL8XqN/intrinsic0008.png","/tmp/jl_BL8XqN/intrinsic0009.png","/tmp/jl_BL8XqN/intrinsic0010.png","/tmp/jl_BL8XqN/intrinsic0011.png","/tmp/jl_BL8XqN/intrinsic0012.png","/tmp/jl_BL8XqN/intrinsic0013.png","/tmp/jl_BL8XqN/intrinsic0014.png","/tmp/jl_BL8XqN/intrinsic0015.png","/tmp/jl_BL8XqN/intrinsic0016.png","/tmp/jl_BL8XqN/intrinsic0017.png","/tmp/jl_BL8XqN/intrinsic0018.png","/tmp/jl_BL8XqN/intrinsic0019.png","/tmp/jl_BL8XqN/intrinsic0020.png","/tmp/jl_BL8XqN/intrinsic0021.png","/tmp/jl_BL8XqN/intrinsic0022.png","/tmp/jl_BL8XqN/intrinsic0023.png","/tmp/jl_BL8XqN/intrinsic0024.png","/tmp/jl_BL8XqN/intrinsic0025.png","/tmp/jl_BL8XqN/intrinsic0026.png","/tmp/jl_BL8XqN/intrinsic0027.png","/tmp/jl_BL8XqN/intrinsic0028.png","/tmp/jl_BL8XqN/intrinsic0029.png","/tmp/jl_BL8XqN/intrinsic0030.png","/tmp/jl_BL8XqN/intrinsic0031.png","/tmp/jl_BL8XqN/intrinsic0032.png","/tmp/jl_BL8XqN/intrinsic0033.png","/tmp/jl_BL8XqN/intrinsic0035.png","/tmp/jl_BL8XqN/intrinsic0036.png","/tmp/jl_BL8XqN/intrinsic0037.png","/tmp/jl_BL8XqN/intrinsic0038.png","/tmp/jl_BL8XqN/intrinsic0039.png"]}