{"intrinsic":{"linear":[1049.3088575009695,1049.3088575009695],"translation":[662.3179842838423,726.496197428891]},"extrinsics":[{"linear":[-0.9976135064920488,-0.037270849909045375,-0.05812207336026872,0.025536557294040262,-0.981271554249536,0.19092936144623826,-0.06414963683612905,0.18898947210825665,0.9798815252498821],"translation":[-11.267088220341485,8.80263360013508,36.566042346196014]},{"linear":[-0.9975697864498841,-0.03710660602184956,-0.05897135704621315,0.025126998549987067,-0.9810263102879029,0.19223946646506385,-0.06498580695968668,0.1902905103058024,0.979574584491327],"translation":[-11.264855153538845,8.801938304744652,36.56352417046023]},{"linear":[-0.9975692219210149,-0.0373258071814611,-0.05884243021964004,0.025377383131652498,-0.9810499940197106,0.19208565188299515,-0.06489711781959304,0.19012546739502906,0.9796125105094012],"translation":[-11.266516214078576,8.802812562205848,36.56616815158713]},{"linear":[-0.9009363040794774,-0.13204845131663226,-0.4133726920062457,0.028036548132794326,-0.968300331799422,0.24821043371689028,-0.4330447181994129,0.21203224741064336,0.8760791049315027],"translation":[-10.563707814410941,8.364218285081414,34.700021216346585]},{"linear":[-0.9941277118307881,-0.10499660360125367,-0.026187894193374167,0.060629688772683,-0.7408854352559039,0.6688892379647006,-0.08963332755961786,0.6633735637315309,0.7429006538782418],"translation":[-11.064181194350507,6.982728344657067,32.18426371259]},{"linear":[-0.9511258802633786,-0.30548526074481863,0.04514770604231726,0.3087976419992614,-0.9417834737266889,0.13299588306029345,0.0018910814126638122,0.14043733151467033,0.9900877636493289],"translation":[-1.8909964080021018,11.527711463710995,36.00376908319396]},{"linear":[-0.8528577534356863,-0.3329790005544093,0.4021922893274069,0.29393866537398816,-0.9428003088828584,-0.1572502418711818,0.43154804298338845,-0.01589222326086749,0.9019499563928334],"translation":[-9.591321683967026,7.614842759590522,27.390383910950074]},{"linear":[0.1292622507619493,-0.9783566160095888,0.16158466028129453,0.9915133861949458,0.1298019006887231,-0.007257518434529778,-0.013873554850419884,0.16115147684045994,0.9868321670820989],"translation":[-11.366128021961217,1.8148458883340115,36.86874208599461]},{"linear":[0.07486212223412703,-0.7662797827095693,0.638130830837359,0.9922953543365616,0.12059533515325571,0.02840237492449854,-0.09871976710203728,0.6310879968355043,0.7694038912258441],"translation":[-11.13592337177759,0.8146105408311908,34.423580019206526]}],"scale":{"linear":[0.24390243902439027,0.24390243902439027,0.24390243902439027]},"k":-0.2190610112055574,"files":["/tmp/jl_Ng6Vyf/13.9 extrinsic.png","/tmp/jl_Ng6Vyf/intrinsic0001.png","/tmp/jl_Ng6Vyf/intrinsic0002.png","/tmp/jl_Ng6Vyf/intrinsic0003.png","/tmp/jl_Ng6Vyf/intrinsic0004.png","/tmp/jl_Ng6Vyf/intrinsic0006.png","/tmp/jl_Ng6Vyf/intrinsic0008.png","/tmp/jl_Ng6Vyf/intrinsic0009.png","/tmp/jl_Ng6Vyf/intrinsic0010.png"]}