{"intrinsic":{"linear":[2058.7878838356964,2058.7878838356964],"translation":[838.1634788583485,374.5162209004706]},"extrinsics":[{"linear":[0.2802809333921292,-0.9066609906564099,0.3152910502992029,0.9568724261628786,0.23774713203854442,-0.16694748053388964,0.0764052251223921,0.34848550791874333,0.9341948899157029],"translation":[-10.852917424500689,9.140119213733872,55.04903138860907]},{"linear":[0.28008657730458214,-0.9069205329468583,0.3147167871804605,0.9569417047100733,0.23773121845733808,-0.1665726314775885,0.07625013442862551,0.3478203770485224,0.9344554041308983],"translation":[-10.856822058922836,9.141391160452043,55.064429726268266]},{"linear":[0.2801804001692599,-0.9064263203293969,0.3160542187269503,0.9568304410680754,0.237189798406172,-0.1679776966668841,0.07729456906190585,0.3494743557775719,0.9337522285099968],"translation":[-10.854817245432951,9.140125353864054,55.04590945506576]},{"linear":[0.28102332226019455,-0.9124571378229518,0.2974018560496713,0.9567966043032616,0.24228992472416566,-0.16073534263162392,0.07460663736954107,0.3297234659727826,0.9411250106374311],"translation":[-10.901210433049762,9.183237610959708,55.3888985670849]},{"linear":[-0.06217406496374178,-0.8912486027839084,0.4492330282621879,0.970697256637862,-0.15867965152159813,-0.18046496654119043,0.23212328965791693,0.4248490275718135,0.874998332666795],"translation":[-9.494343721847235,19.995648627006087,49.417635513191904]},{"linear":[0.5111663624117959,-0.8392590431474088,-0.18534618537749348,0.8576315403844187,0.5122070704758903,0.045957131028333945,0.056365688823447585,-0.18245047396431152,0.9815980509728288],"translation":[-13.165382633732529,14.58348094057542,47.11114721536906]},{"linear":[0.8204280286507399,-0.48936057569682884,0.2956756276021561,0.36475528674675756,0.8462140479972251,0.3884267830137884,-0.4402856238790353,-0.21082697153309915,0.872754580325781],"translation":[-14.263191105424037,9.67339820629164,42.98894961508595]},{"linear":[0.45817808947640454,-0.8175217263130504,0.3488997926767532,0.7370538387789584,0.13003894723219078,-0.6632054816902108,0.4968143285624448,0.5610241520726832,0.6621385230646031],"translation":[-14.175641301695588,12.766411693172865,47.8791704383952]},{"linear":[0.2014705711344495,-0.9217324352210886,0.33138938852679134,0.8249800665280017,0.34206924931024346,0.44988500587125657,-0.5280317213939071,0.18275105071579892,0.8293277727557777],"translation":[-9.098111457760394,11.401606168575281,44.46627639626045]},{"linear":[0.21035192451955814,-0.9578677555182835,-0.19555416331360487,0.975149939236438,0.21980546369505632,-0.02771559375103909,0.06953174712381006,-0.1848646019879609,0.9803011858983663],"translation":[-9.943592871404213,8.75552282500569,52.19438424259853]},{"linear":[0.22861739043171297,-0.8750986486676867,0.42654008474255023,0.9676390786184498,0.15619271038505395,-0.19818791777756725,0.10681152710560224,0.4580460591715192,0.8824880199497382],"translation":[-10.370584639165186,8.001536371153868,47.090994567071874]}],"scale":{"linear":[0.24390243902439027,0.24390243902439027,0.24390243902439027]},"k":-0.42116468714613453,"files":["/tmp/jl_Yl4qbv/19.0 extrinsic.png","/tmp/jl_Yl4qbv/intrinsic0003.png","/tmp/jl_Yl4qbv/intrinsic0004.png","/tmp/jl_Yl4qbv/intrinsic0006.png","/tmp/jl_Yl4qbv/intrinsic0010.png","/tmp/jl_Yl4qbv/intrinsic0011.png","/tmp/jl_Yl4qbv/intrinsic0012.png","/tmp/jl_Yl4qbv/intrinsic0013.png","/tmp/jl_Yl4qbv/intrinsic0014.png","/tmp/jl_Yl4qbv/intrinsic0016.png","/tmp/jl_Yl4qbv/intrinsic0017.png"]}