{"intrinsic":{"linear":[1760.8935117863248,1760.8935117863248],"translation":[491.5353739568244,830.9052887620429]},"extrinsics":[{"linear":[0.23054207341125166,-0.9658477597928457,-0.11827280875324843,0.9730616197081092,0.22898230565594313,0.026799028854027067,0.0011985984614373696,-0.12126503453027873,0.9926194410558854],"translation":[-1.4681642552587786,0.22782566002329044,62.19081120026729]},{"linear":[0.2563936852638788,-0.9655231961839981,-0.04502483522950605,0.960904636761541,0.25965070378554017,-0.09614463621983672,0.10452060661409375,-0.018613695342697814,0.994348516938961],"translation":[-2.8274070953472408,10.537832189161568,62.88324755092154]},{"linear":[0.25639121477367777,-0.9655111408584321,-0.04529659882515059,0.9609394101166183,0.2596691076800559,-0.09574656443637575,0.10420650206010887,-0.018978708989080738,0.9943745841148115],"translation":[-2.827271713376449,10.537520595082247,62.87989042431119]},{"linear":[0.274888835063179,-0.9605101464927115,-0.04308580789724355,0.9363627361081519,0.2572648418939458,0.2388297040850204,-0.21831389050095662,-0.10599556410450824,0.9701051415204969],"translation":[-2.3829582861762284,10.268573657058345,58.4104482552385]},{"linear":[0.3021349758760367,-0.9269560704123148,0.22241155518125882,0.9523453067956436,0.28326568258501833,-0.11313253154577212,0.04186732588425142,0.24599389544336897,0.9683667334372337],"translation":[-3.081573650536578,10.402730314365279,61.252576859072576]},{"linear":[0.2370161260841847,-0.9660745884342745,0.10258287165795735,0.9681956340000795,0.2261790139057946,-0.10695918834670737,0.0801284611060879,0.12467134093347007,0.9889572723179807],"translation":[-1.4701133210068824,0.2343437160401655,62.017987876350944]},{"linear":[0.23030379657194772,-0.9532303931257873,-0.1957344601898295,0.9727808157170328,0.2308192287662701,0.020493125790093242,0.025644606790731855,-0.1951263725204804,0.9804427840978522],"translation":[-1.4489879337015992,0.1823752178918125,61.9792101241746]},{"linear":[0.25542231316226255,-0.9641360945684795,0.07211818833747012,0.9621000674242893,0.24609569531453496,-0.11747497184436038,0.09551388485982941,0.09939064290915582,0.9904537333470391],"translation":[-1.6317455755965016,0.16544403643895672,62.139333884973055]}],"scale":{"linear":[0.24390243902439027,0.24390243902439027,0.24390243902439027]},"k":-0.04216490112443356,"files":["/tmp/jl_YQvIyS/136.0 extrinsic.png","/tmp/jl_YQvIyS/intrinsic0001.png","/tmp/jl_YQvIyS/intrinsic0002.png","/tmp/jl_YQvIyS/intrinsic0003.png","/tmp/jl_YQvIyS/intrinsic0004.png","/tmp/jl_YQvIyS/intrinsic0005.png","/tmp/jl_YQvIyS/intrinsic0006.png","/tmp/jl_YQvIyS/intrinsic0007.png"]}