{"intrinsic":{"linear":[1468.3463289790636,1468.3463289790636],"translation":[1021.7657250185912,979.3942968360626]},"extrinsics":[{"linear":[-0.9972467671648098,-0.06353324509444466,0.03824149771001007,0.06341631665103387,-0.9979780497859327,-0.004264144449014663,0.038435090239926424,-0.0018272693385158578,0.9992594282392401],"translation":[-22.20512458842353,0.5390398936373945,52.45116311923127]},{"linear":[0.9989685064370941,-0.04025648823760541,-0.021008053256238876,0.04058432184747212,0.9990571359285128,0.01541920784275584,0.020367522358456583,-0.016255900623860963,0.9996603971989113],"translation":[-25.19738843537453,-1.9862442203824933,52.716950706453964]},{"linear":[0.9981926915090763,-0.03894213829213686,-0.04576964587040448,0.039908170787365055,0.9989953840754856,0.02038530108386076,0.04492981774136913,-0.022175041400395182,0.9987440007412401],"translation":[-25.197076963937974,-2.0071936285503575,52.7620175393254]},{"linear":[0.9986722102372798,-0.03779619144130247,-0.035003777115032525,0.03864637249481211,0.9989661660059046,0.023938610411967886,0.034062800718359765,-0.025259593979242056,0.9991004346507038],"translation":[-25.179264970126244,-2.015800545989153,52.70107056261082]},{"linear":[0.9985930032753725,-0.037290375669813566,-0.03770201177492374,0.03817117890419598,0.9990083590708301,0.02291854287844821,0.03680998384319361,-0.024325426800193714,0.9990261751828389],"translation":[-25.145635690662846,-2.011961535685702,52.59162445491231]},{"linear":[0.998539120342295,-0.036997611153062646,-0.03938022238386248,0.037904767760735425,0.9990270294776057,0.022543800792141307,0.038507839812697904,-0.024003565195983137,0.9989699570712033],"translation":[-25.148307542797166,-2.01790494444307,52.61040322636008]},{"linear":[0.9986072015783283,-0.03692010693117344,-0.037690352347660605,0.03779979289485835,0.9990229030841975,0.02290010415539571,0.036808050926473976,-0.024292896439347764,0.9990270379572221],"translation":[-25.153335452339054,-2.0206928136859323,52.619618758556484]},{"linear":[0.9986394326530986,-0.035408115375055976,-0.03828248837110853,0.03619643681854008,0.9991425594317555,0.020098853046944556,0.037538000904933276,-0.021457196875360036,0.9990648063015298],"translation":[-25.14218297993634,-2.1872939667188236,52.63135371532494]},{"linear":[0.572854944356535,-0.04058404425339523,0.8186514203727432,0.013927777160549803,0.9991112229333756,0.03978418318806028,-0.8195384248158456,-0.011388571491347319,0.5729110495441236],"translation":[-22.568232580956273,-2.239849784111765,47.49748643987999]},{"linear":[-0.9956975658134716,-0.09028041019567964,-0.020875942326695457,0.09027308191049299,-0.9959162080559683,0.001295072894796971,-0.0209076090337732,-0.0005950347227161562,0.9997812349800179],"translation":[-14.310497710933602,1.9676729048205108,51.25538852968847]}],"scale":{"linear":[0.24390243902439027,0.24390243902439027,0.24390243902439027]},"k":-0.030810467188052162,"files":["/tmp/jl_OC86TX/25.0 extrinsic.png","/tmp/jl_OC86TX/intrinsic0001.png","/tmp/jl_OC86TX/intrinsic0002.png","/tmp/jl_OC86TX/intrinsic0003.png","/tmp/jl_OC86TX/intrinsic0004.png","/tmp/jl_OC86TX/intrinsic0005.png","/tmp/jl_OC86TX/intrinsic0006.png","/tmp/jl_OC86TX/intrinsic0007.png","/tmp/jl_OC86TX/intrinsic0009.png","/tmp/jl_OC86TX/intrinsic0012.png"]}