{"intrinsic":{"linear":[1484.8775864448153,1113.658156644012],"translation":[532.9434043256487,718.604473427375]},"extrinsics":[{"linear":[-0.8889350048435407,0.3633752872431335,0.2788421736122142,-0.3645614150361691,-0.9298600567588206,0.049550474380259016,0.2772896172427666,-0.057607946200614685,0.9590577629652485],"translation":[2.9736900820849055,3.1384531175776416,34.46081540419647]},{"linear":[-0.8923519410472883,0.37229530446747233,0.25515528522961967,-0.3708999587866157,-0.9270154864806237,0.05545726640557677,0.2571793807466361,-0.04514968545366012,0.965308381825317],"translation":[2.6316635609431835,3.2942727661425213,32.381218084609095]},{"linear":[-0.8914931259038432,0.3706241233790154,0.2605336170933238,-0.3694186368361392,-0.9276045088357342,0.05549545878488586,0.2622401136827145,-0.046772153650998544,0.9638685016217328],"translation":[2.678508835447088,3.272270861579822,32.68365403258312]},{"linear":[-0.8889146497466224,0.36345597801958857,0.2788018965280989,-0.3645188081378528,-0.9298537211197561,0.049980954707797835,0.2774108577175733,-0.05719973218091164,0.9590471347430392],"translation":[2.974059517106331,3.1365161317620975,34.45699017951488]},{"linear":[-0.8888883910705861,0.3634132826186826,0.2789412379628701,-0.3643995577958646,-0.9298849513522887,0.05026867341327472,0.2776515631112552,-0.056962823533122375,0.9589915777716774],"translation":[2.972858361368102,3.1388348756884072,34.45401011478953]},{"linear":[-0.8892194853554428,0.3633025799826627,0.27802867161884953,-0.364666305763946,-0.9298614671563159,0.048745639172949586,0.2762375649774616,-0.05804211639701078,0.9593351449933846],"translation":[2.9766746574503915,3.142601500930797,34.473811759901665]},{"linear":[-0.9249486550522159,0.2544653984757854,0.2823426048184311,-0.08710400372420106,-0.8649663505235765,0.4942126111271746,0.3699768615093536,0.43252811867031865,0.8222144175987207],"translation":[1.5599389483562136,3.5863039767192633,29.79908481010847]},{"linear":[-0.9380441275559508,0.2101776028792873,-0.27549698728971994,-0.26284974117497795,-0.949654900878647,0.17048631265123493,-0.22579465964021952,0.23233799621474777,0.9460633314915412],"translation":[2.749415660319558,3.7620968598180684,31.166353865247746]},{"linear":[-0.9335844900384903,0.30031752787889987,0.19552335514786565,-0.3570999720454344,-0.825301248923182,-0.437444234721394,0.029993498040778138,-0.4782125374501826,0.8777318264143871],"translation":[3.309834420398549,2.667213755656573,28.752974203535018]},{"linear":[-0.7310434564796007,0.21344488207572018,0.6480869903446915,-0.4060004121528573,-0.899446370071461,-0.16174020123946514,0.5483968727756099,-0.3813627009566544,0.7441930933897312],"translation":[2.1854664391364023,3.0881657412974564,26.3566219364547]},{"linear":[-0.9920472333026802,0.1256940419250348,0.0065798724186024865,-0.12069931447293092,-0.9648471031243758,0.23345608383219438,0.03569260963087487,0.23080527597316233,0.9723450839083264],"translation":[2.8122068054336458,3.0137590624874044,25.620822977873996]},{"linear":[-0.7628753911336957,0.08142949819349574,-0.6413972048789784,-0.18570550831981866,-0.977832162065553,0.09673534519442056,-0.6193017049728577,0.1929080082686082,0.7610859994531171],"translation":[2.5044977647124393,3.4237606884939233,28.430481665532376]},{"linear":[-0.92213062243958,0.2116728966865541,0.32383591519088223,0.06740497046785383,-0.7363431418050246,0.6732424136022132,0.3809615270803873,0.6426455962076058,0.6647367543317808],"translation":[2.692854770832909,2.436428177008966,24.395949762613668]},{"linear":[-0.9411513381540724,0.16494773936576335,0.29500237620894365,0.12421069163598147,-0.6429487645809854,0.7557701966914914,0.3143339987562752,0.7479365811363345,0.584623817359489],"translation":[2.670416811760835,2.0351588683505994,24.07368299792476]},{"linear":[-0.9387464035420483,0.18793057606699237,0.28885513396164275,0.15926391812456459,-0.5067262544498783,0.847268261788915,0.3055980926322711,0.8413742339947937,0.44575688906532035],"translation":[2.6636972330023476,1.982084909958915,24.06248960342982]},{"linear":[-0.3863687893711336,0.12563884368443473,0.9137472514637308,-0.2377478756078228,-0.9707678702906521,0.03294980508771532,0.8911762486982311,-0.2045106915762337,0.40494477498439063],"translation":[2.1091304039878636,4.021207522616739,25.657459637632197]},{"linear":[-0.89966873224745,0.2406743001819236,0.36424175137977755,-0.3978913426537253,-0.7953722030417413,-0.45723685117206275,0.1796626050614933,-0.5562903377378297,0.811333722017056],"translation":[3.3925772452893064,2.515434292376017,28.505936519497883]},{"linear":[-0.9685813987453714,0.20165652157957834,0.14554972108830821,-0.18304935000988323,-0.9742460332251659,0.13167232893052216,0.16835382224772477,0.10089258669225121,0.9805496807837568],"translation":[1.9317116929517315,2.671390419433673,22.247571373659092]}],"scale":{"linear":[0.25,0.25,0.25]},"k":0.008355432494499642,"files":["/tmp/jl_6iFb4g/38.0 extrinsic.png","/tmp/jl_6iFb4g/intrinsic0001.png","/tmp/jl_6iFb4g/intrinsic0002.png","/tmp/jl_6iFb4g/intrinsic0003.png","/tmp/jl_6iFb4g/intrinsic0004.png","/tmp/jl_6iFb4g/intrinsic0005.png","/tmp/jl_6iFb4g/intrinsic0006.png","/tmp/jl_6iFb4g/intrinsic0007.png","/tmp/jl_6iFb4g/intrinsic0008.png","/tmp/jl_6iFb4g/intrinsic0009.png","/tmp/jl_6iFb4g/intrinsic0010.png","/tmp/jl_6iFb4g/intrinsic0011.png","/tmp/jl_6iFb4g/intrinsic0012.png","/tmp/jl_6iFb4g/intrinsic0013.png","/tmp/jl_6iFb4g/intrinsic0014.png","/tmp/jl_6iFb4g/intrinsic0015.png","/tmp/jl_6iFb4g/intrinsic0016.png","/tmp/jl_6iFb4g/intrinsic0019.png"]}