{"intrinsic":{"linear":[[3570.7119450668833,0.0],[0.0,4760.949260089178]],"translation":[1118.1609332458752,509.50348209086496]},"extrinsics":[{"linear":[[0.9948454588987365,0.0036314535675144935,0.10133768032449286],[-0.07694870056640848,0.6778921216859868,0.7311232241128799],[-0.06604097508140933,-0.7351524222234856,0.6746773345157211]],"translation":[-20.550191753496446,3.2687778478373573,97.81625786102997]},{"linear":[[0.994329311470421,0.013539726951584535,0.10547936359703321],[-0.08727045978543098,0.67068994468981,0.7365859521745027],[-0.06077077586799491,-0.7416142352234455,0.6680682891099876]],"translation":[-19.117630681695747,3.211276346698464,95.4564794292778]},{"linear":[[0.9948946869193457,0.003938076950719689,0.10084172494353436],[-0.07680087349673592,0.6777816172098453,0.7312412086326544],[-0.06546898326532646,-0.7352527258856897,0.6746237776033893]],"translation":[-20.550182739736588,3.27159515249602,97.8801292242311]},{"linear":[[0.9953215974729831,0.003419374597186005,0.09655685103188251],[-0.07328358225729284,0.6779913504806877,0.7314077147835616],[-0.06296375286915183,-0.7350619270175387,0.6750700180528647]],"translation":[-20.581456783681013,3.2788642412231335,98.05257979351249]},{"linear":[[0.9948543205004436,0.00371643965557375,0.10124756321950173],[-0.07694927793992869,0.6777863182329071,0.7312212493088559],[-0.06590667345666995,-0.7352495459995654,0.6745846244181]],"translation":[-20.547874802177404,3.2680323527971615,97.80380889721131]},{"linear":[[0.9913037463642063,-0.013181442083408594,-0.13093178387577026],[0.1191101135344387,0.5128612457534583,0.8501682912565158],[0.05594339369490189,-0.8583703118053494,0.5099713173435194]],"translation":[-20.292964969814292,4.029845064290379,85.3772175271757]},{"linear":[[0.9820348210911752,-0.01025815413055288,-0.18842075373550887],[0.17831571311055222,0.37711996590615876,0.908836639761411],[0.0617342418945815,-0.9261076079963771,0.3721741283175522]],"translation":[-20.104862046013874,5.039440501978798,80.96680506685867]},{"linear":[[0.9981763817296548,-0.025893074589273844,-0.054529438337546636],[0.060010148849188136,0.5234234110106629,0.8499568899897575],[0.006533987464962254,-0.8516792127874654,0.5240227337754829]],"translation":[-19.646555444860272,3.829554250958986,82.90981537567619]},{"linear":[[0.9449077606523445,-0.057570520267781505,0.3222343232107167],[0.1974081115979434,0.8854740718176889,-0.42067291999121625],[-0.2611117793863494,0.4611087760330519,0.8480562100067396]],"translation":[-23.83818664388977,4.105647078158023,123.95201055047687]},{"linear":[[0.9924385980413942,-0.058980151050941704,0.10764279306874013],[-0.017270593516572442,0.8011574404265781,0.598204381669609],[-0.12152100936552836,-0.5955401728104848,0.7940809447730383]],"translation":[-20.50646637069417,3.229382086002204,98.78950667697893]},{"linear":[[0.9480575674914561,-0.04740595445934136,0.31454653742170186],[0.26649280012225246,0.6582962813344172,-0.7040082339463645],[-0.17369063361386072,0.7512647212954144,0.6367361167169167]],"translation":[-19.665109359690444,2.1076285818024294,83.33853313784122]},{"linear":[[0.9737614405211047,-0.01704177588196995,0.226932225188606],[0.19250002067841815,0.5935438643546959,-0.7814406075484581],[-0.121377094186144,0.8046211897294797,0.5812506705761679]],"translation":[-13.222254218392598,1.4219529987057604,70.20316454590953]},{"linear":[[0.9915104630178262,-0.07057822878817345,-0.10920492364037485],[0.1274757175582288,0.36207538530071587,0.9233912262916261],[-0.02563090242637845,-0.9294730383289568,0.3679985432856318]],"translation":[-11.411458215364618,1.5348127947475811,51.59142538413734]},{"linear":[[0.8960750171063918,-0.02523606491898419,-0.4431847298195013],[0.0975509547169423,0.9851717092490284,0.14114005288776402],[0.43305123825200253,-0.1697051688156627,0.885249558444202]],"translation":[-18.669497250887634,1.1567162980219834,97.51587280278072]},{"linear":[[0.996301774834345,-0.036941644649683976,-0.07757633887023965],[-0.042350322570102135,0.5744438094911226,-0.8174477108142975],[0.0747611104795941,0.8177099880935192,0.5707548963714237]],"translation":[-13.130409671224664,1.1389577586098727,70.82421146851672]},{"linear":[[0.9884911147859138,-0.020345864703182517,-0.14990450886741558],[-0.12933394165584533,0.4003599708182732,-0.9071850005936791],[0.07847322807852164,0.9161320535577123,0.3931208629913517]],"translation":[-12.206693351534536,1.5145600539457615,66.59406396324304]},{"linear":[[0.9927176464264869,-0.0021354212816050225,0.12044548330845299],[-0.09147513319655473,0.6372127636498957,0.765239958345312],[-0.07838350898071182,-0.770684977028625,0.632377017057276]],"translation":[-11.881834593712098,0.7434305023490201,56.55120682506993]},{"linear":[[0.9710842687851755,-0.01962259523926861,0.23792918415788492],[0.18235651819594856,0.7041905633419268,-0.6861936685598536],[-0.1540825856137272,0.7097398144786972,0.6874066864341173]],"translation":[-15.874563169795499,1.3505878965681455,81.95068495866374]}],"scale":{"linear":[[0.25,0.0,0.0],[0.0,0.25,0.0],[0.0,0.0,0.25]]},"k":[0.6547587184211668,0.0,0.0],"files":["/tmp/jl_F97RFs/24.0 extrinsic.png","/tmp/jl_F97RFs/intrinsic0003.png","/tmp/jl_F97RFs/intrinsic0004.png","/tmp/jl_F97RFs/intrinsic0005.png","/tmp/jl_F97RFs/intrinsic0006.png","/tmp/jl_F97RFs/intrinsic0007.png","/tmp/jl_F97RFs/intrinsic0008.png","/tmp/jl_F97RFs/intrinsic0010.png","/tmp/jl_F97RFs/intrinsic0011.png","/tmp/jl_F97RFs/intrinsic0012.png","/tmp/jl_F97RFs/intrinsic0013.png","/tmp/jl_F97RFs/intrinsic0014.png","/tmp/jl_F97RFs/intrinsic0015.png","/tmp/jl_F97RFs/intrinsic0016.png","/tmp/jl_F97RFs/intrinsic0017.png","/tmp/jl_F97RFs/intrinsic0018.png","/tmp/jl_F97RFs/intrinsic0019.png","/tmp/jl_F97RFs/intrinsic0020.png"]}