{"intrinsic":{"linear":[1498.6710591318474,1124.003260850978],"translation":[508.2225877593382,716.001114987677]},"extrinsics":[{"linear":[0.9472198161219865,-0.047610078879674375,-0.3170298098521671,0.04478257673226478,0.9988653338011562,-0.016203880755050103,0.31744155488380676,0.001151225163141166,0.9482771398244159],"translation":[-3.9338340685251447,-1.2338214355248036,37.446657515190886]},{"linear":[0.9470237492987077,-0.03270465584033774,-0.31949401207312683,0.029762249574432176,0.999457706719036,-0.014089037589369198,0.3197815297425532,0.003833792677037799,0.9474835488119158],"translation":[-2.962234668443457,-1.1954143953322853,37.1414832388096]},{"linear":[0.9471985854660491,-0.04727543238356818,-0.31714330070815394,0.04487144128024283,0.9988818828840275,-0.014884146045166188,0.31749235179536156,-0.00013243491529682083,0.9482608233036119],"translation":[-3.923970013765326,-1.233557568412924,37.469196610842985]},{"linear":[0.9462035437784364,-0.04754708936982216,-0.3200595695079069,0.04782128749456936,0.9988313260768404,-0.007007603723247355,0.32001871539566296,-0.008675041212494112,0.9473715034011057],"translation":[-3.922212439317915,-1.2336558894769125,37.4744485597025]},{"linear":[0.9471815432121448,-0.04751343531698955,-0.31715863170129555,0.04480608918660971,0.9988702927239058,-0.015828856100797872,0.31755241861787376,0.000782162410525351,0.9482403965513714],"translation":[-3.933797988577206,-1.2345633774372284,37.44449677151527]},{"linear":[0.9523407080079953,-0.0650277506408437,-0.2980244411410288,0.22779471589801625,0.8013955454474109,0.5530594426876636,0.20287124803621714,-0.5945894141200625,0.7780145791285589],"translation":[-5.7466805652650494,0.7827421726839184,31.771772920986265]},{"linear":[0.9779547623277933,-0.08447082226650533,-0.1909690106431138,0.1754739901458665,0.8281859322395162,0.5322752487415243,0.11319612017502009,-0.55405120866774,0.8247508087605242],"translation":[-5.58605777184485,0.6198573442443109,31.166441428962226]},{"linear":[0.6368234488448178,-0.0388264256277291,0.77003143031591,0.07240469919614818,0.9973292082212976,-0.009592182389576313,-0.7676024065463233,0.06186242075488172,0.6379338416815955],"translation":[-1.905769499134337,-1.3827699213747566,29.28551399265337]},{"linear":[0.7546577048867701,-0.04842252069023174,0.6543294338061194,0.06128978919401752,0.9981149593322963,0.003176428441032903,-0.6532498068852264,0.037706596864370945,0.7562029505082098],"translation":[-2.9491049686338577,-1.3205897034892558,28.879307326831846]},{"linear":[0.8030431097446057,-0.07410663806639256,0.5912951632528459,0.09737610099098198,0.9952192660152369,-0.007517147589807441,-0.5879112678351276,0.06361461110931645,0.8064201897310751],"translation":[-4.539842935113466,-2.0425545925536346,25.15146395221386]},{"linear":[0.9310011488032351,-0.04179526704886452,0.36261552170221595,0.06036542700394547,0.9973734357360525,-0.04002805154755332,-0.3599901056274845,0.05915560278093998,0.9310788035982432],"translation":[-1.3624363709628147,-2.4592567740064473,23.81472806314425]},{"linear":[0.9554943485387064,-0.1356673350802738,-0.2619635930865387,0.2918650293991958,0.5640272879945891,0.7724558388744792,0.04295758983462056,-0.8145352003380121,0.5785214368421578],"translation":[-2.77610850061524,-1.050880200734078,19.588493630720517]},{"linear":[0.4895432903320144,-0.047056787658269414,-0.8707083470520939,0.06467176248888262,0.9977520430185752,-0.017561998429580422,0.8695774433755089,-0.047712884921618126,0.49148606346972823],"translation":[-1.4221779370344076,-2.950169585579728,25.27126013686644]},{"linear":[0.839750852524451,-0.08541705341128324,-0.5362111829037062,-0.16172891584815352,0.9033752966219724,-0.3971861417921631,0.518326406295337,0.4202582544575388,0.7447957680446793],"translation":[-1.1107024210348622,-2.71027640218503,26.091418219904096]},{"linear":[0.9008762800281771,-0.05383044646339906,-0.43072521532427704,-0.2713309336455206,0.7047046218249713,-0.6555691576222714,0.3388236304180153,0.7074557788385615,0.6202458129308741],"translation":[-0.9871027227964196,-2.0878389358578064,27.173820976869184]},{"linear":[0.9904395084674373,-0.025766830794730897,0.13551992657014159,0.02742228507981071,0.9995702235985553,-0.010362739798707759,-0.1351946683408131,0.0139799329730095,0.9907204263192959],"translation":[-2.3387198593420186,-2.7820345721197364,22.897296190264946]},{"linear":[0.8036202570712043,-0.03316296528910847,0.5942177211746926,0.04931708730792959,0.9987230554235136,-0.010958260125743953,-0.5930955296782074,0.03811136705439476,0.8042295793969354],"translation":[-1.6618214089568222,-2.884221661011421,23.50861253597872]}],"scale":{"linear":[0.25,0.25,0.25]},"k":0.036983813361734647,"files":["/tmp/jl_kFHNHM/24.0 extrinsic.png","/tmp/jl_kFHNHM/intrinsic0003.png","/tmp/jl_kFHNHM/intrinsic0004.png","/tmp/jl_kFHNHM/intrinsic0005.png","/tmp/jl_kFHNHM/intrinsic0006.png","/tmp/jl_kFHNHM/intrinsic0007.png","/tmp/jl_kFHNHM/intrinsic0010.png","/tmp/jl_kFHNHM/intrinsic0011.png","/tmp/jl_kFHNHM/intrinsic0012.png","/tmp/jl_kFHNHM/intrinsic0013.png","/tmp/jl_kFHNHM/intrinsic0014.png","/tmp/jl_kFHNHM/intrinsic0015.png","/tmp/jl_kFHNHM/intrinsic0016.png","/tmp/jl_kFHNHM/intrinsic0017.png","/tmp/jl_kFHNHM/intrinsic0018.png","/tmp/jl_kFHNHM/intrinsic0019.png","/tmp/jl_kFHNHM/intrinsic0020.png"]}