{"intrinsic":{"linear":[1384.7525381545674,1384.7525381545674],"translation":[562.7216148078357,959.0103009999235]},"extrinsics":[{"linear":[0.9463746625762537,-0.3227837337407653,0.013625684058152924,0.32232807223530746,0.9462166452360892,0.027904733061460872,-0.021900042985170037,-0.02201639185996867,0.9995177170049143],"translation":[-12.331352805330607,3.730315036173226,38.89118101868507]},{"linear":[0.9870087421122378,-0.15284987960571716,0.049504113955671315,0.1509679921843854,0.9877382028727486,0.03977320607555518,-0.05497643431356452,-0.03178296540964981,0.9979816805833339],"translation":[-3.4956265355163985,2.489660587713454,39.083588529836476]},{"linear":[0.9870175150639637,-0.1528885787023705,0.049208814853921326,0.15104874575039506,0.9877496600671569,0.039177614072943304,-0.05459579987683075,-0.031236061524863246,0.9980198430373137],"translation":[-3.495980027785862,2.4900657178370187,39.089653132086276]},{"linear":[0.9870127828235714,-0.15302037541559935,0.04889305932888882,0.15115501956858032,0.9877073131126003,0.0398299345104898,-0.05438682379116562,-0.031922223161253205,0.9980095415707967],"translation":[-3.4978415670684395,2.4895164098522606,39.08586880669172]},{"linear":[0.9019305930123092,-0.27883411628417587,-0.32980712694616965,0.31065208587044135,0.9493654536700449,0.04690966768389583,0.300027476963041,-0.14476453631291158,0.942882146449544],"translation":[-10.529735570667048,3.319185581082812,37.45288720798993]},{"linear":[0.960926444669831,-0.2596988517900564,-0.09579600363858931,0.2684054818423158,0.9587952815475497,0.09311340074956542,0.06766731301886181,-0.11518730164858088,0.9910363365123028],"translation":[-12.177797966739664,4.391650087836239,38.032094828674154]},{"linear":[0.9291249664704158,-0.36774261725922863,0.03862854039025074,0.3653879907211369,0.9291286594336929,0.056670543104144155,-0.05673105779129384,-0.03853961170381419,0.9976453705659141],"translation":[-1.2495010482316105,10.932609423893616,39.692691802829586]},{"linear":[0.9406085460002337,-0.33132314705154947,0.07403063838157459,0.3291188893932641,0.9434164348764612,0.04057323070119456,-0.08328457141554194,-0.013798646051164484,0.9964302672697595],"translation":[6.424031567915072,-3.629505523478185,39.42484336345213]},{"linear":[0.902391702663954,-0.43045150705934476,0.02001786785820648,0.4298769644606437,0.9024676045300811,0.0275321303178562,-0.029916724241670786,-0.016239545685636042,0.9994204654531403],"translation":[-5.895199090646944,-7.769924214809581,38.753601130668834]},{"linear":[0.8433614592739963,-0.1114639475463267,-0.5256588602968898,0.1646708053423919,0.9847929681483715,0.055374504543235954,0.5114928883954531,-0.13326139081861074,0.8488912927094764],"translation":[-3.104338644070006,-2.08223991738461,36.46346120009685]},{"linear":[0.9724169525129734,-0.23224154726830504,0.021659505714698817,0.23054938943520353,0.9710958371079018,0.06180496891640677,-0.03538713744337464,-0.05510661370585922,0.9978532014426954],"translation":[-2.6511508516137567,-2.8365284090721405,38.623294213939424]}],"scale":{"linear":[0.25641025641025644,0.25641025641025644,0.25641025641025644]},"k":0.06295481559621856,"files":["/tmp/jl_jfrWkb/23.0 extrinsic.png","/tmp/jl_jfrWkb/intrinsic0001.png","/tmp/jl_jfrWkb/intrinsic0002.png","/tmp/jl_jfrWkb/intrinsic0003.png","/tmp/jl_jfrWkb/intrinsic0004.png","/tmp/jl_jfrWkb/intrinsic0005.png","/tmp/jl_jfrWkb/intrinsic0006.png","/tmp/jl_jfrWkb/intrinsic0007.png","/tmp/jl_jfrWkb/intrinsic0008.png","/tmp/jl_jfrWkb/intrinsic0009.png","/tmp/jl_jfrWkb/intrinsic0010.png"]}