{"intrinsic":{"linear":[1567.4175613691605,1175.5631359923589],"translation":[550.0880039783492,714.2582881370217]},"extrinsics":[{"linear":[-0.9396959258118854,0.1542966509778472,0.30522796482230147,-0.15015264400002712,-0.9879642928062602,0.037158305123182904,0.3072877324468792,-0.010913278006485956,0.9515540709023363],"translation":[1.757240500908508,2.629181085769979,39.27457108436252]},{"linear":[-0.8843378953333775,0.36305244893386074,0.29349515532706616,-0.3492052085512562,-0.9316662272255523,0.10026845649544719,0.30984223275403555,-0.013818841139261372,0.9506875566828262],"translation":[2.591352008467675,-0.42810944129077644,38.97251295025086]},{"linear":[-0.8845410456035744,0.36293004406820106,0.2930339941972421,-0.34947419022065085,-0.9316985646491935,0.09902310336609949,0.308957811055419,-0.014817818438843604,0.9509603058196265],"translation":[2.590804622750507,-0.42678992103907515,38.97298358332922]},{"linear":[-0.9394156497339989,0.15358341326858227,0.30644799265718986,-0.14962175964250207,-0.988068340428413,0.03652784806861501,0.30840163111814206,-0.011536455773518533,0.9511862825502981],"translation":[1.7581396594719505,2.630794618263218,39.26717109458204]},{"linear":[-0.9533771222198454,0.04747422183990267,0.29802392704026487,-0.04988134679427472,-0.9987550393458186,-0.0004718297585973282,0.29763049922646484,-0.015315666555116292,0.9545582833374697],"translation":[5.613404755946979,3.0259672988889545,38.10634776101566]},{"linear":[-0.9610934243286444,0.060540460954642245,0.2695074809715676,-0.06459379206682592,-0.9978924524546969,-0.006188324521085618,0.26856483712256174,-0.023356068191158572,0.9629784121879276],"translation":[5.6294127782933066,3.0868525364976858,38.11084846899101]},{"linear":[-0.8270690612140741,0.08447756865193676,0.5557160321397315,-0.08562734683831402,-0.996038736523993,0.023974837165625703,0.5555400304711632,-0.027755643360306118,0.8310264128207684],"translation":[4.48876521736675,2.473519233900357,35.05207073462387]},{"linear":[-0.9628034268539623,0.1129492034426102,0.24546290693289358,-0.11161022582468619,-0.9935625668436185,0.01940575323151223,0.24607462024684518,-0.008712244762381853,0.9692117302538031],"translation":[5.263209442941329,2.384551802660496,37.923280289378134]},{"linear":[-0.9653250792642718,0.005344354500229664,0.26099603295529955,-0.013135224422227787,-0.999518381997824,-0.028115297043252226,0.2607200744530533,-0.03056864281299501,0.9649303606238983],"translation":[-0.7788594702368197,2.964549817449211,40.17236842482048]},{"linear":[-0.9515959846350035,-0.026575318814010596,0.30620064411505016,0.023912005919846567,-0.999636585659385,-0.012446388397278442,0.30642013314961397,-0.004522061607317951,0.951885630188518],"translation":[-0.8052410361629427,2.911333113951981,39.92269205006551]},{"linear":[-0.7439988340464527,0.005178798711686902,0.6681608451424124,-0.03010875327782568,-0.9992140813298356,-0.02578143999523447,0.6675022081713093,-0.03929885133278942,0.7435700386448807],"translation":[-2.1929365646793517,2.7068143405998444,37.087565253515606]},{"linear":[-0.9621377937266753,0.02853811986671281,0.2710653825135907,-0.08003051965495118,-0.9802465487749789,-0.18086409134624226,0.26054938458289356,-0.19570968123528415,0.9454161723094541],"translation":[-0.6125327854775798,2.8714830174128285,39.681265740201106]},{"linear":[-0.9598807591959072,0.0872857481538116,0.26647725286545154,-0.08510398152878823,-0.996176359364807,0.01974774343124431,0.26718203617278635,-0.003722796248514843,0.9636388848187144],"translation":[-6.685825330471855,4.546293828716232,42.00296965829071]},{"linear":[-0.9836413647074385,0.07166610665890573,0.16526837202817432,-0.07377017038862073,-0.9972532944421556,-0.00662032364026679,0.16433997565206873,-0.018703900144685315,0.986226412403387],"translation":[-8.69852471134922,4.6491200049804675,42.37388999368136]},{"linear":[-0.9586360739125035,0.0870112327367451,0.2710090831895726,0.009331677432373793,-0.9420102679001063,0.33545428148567086,0.2844816296176589,0.32410754472613185,0.9022330640481312],"translation":[-9.568616535783091,4.139000895272819,39.850792454109936]},{"linear":[-0.8716226264103468,0.05906453606128116,0.4866059778808668,-0.09061969336647403,-0.9950186509677865,-0.04154461939183483,0.4817282099936594,-0.08030731477338669,0.8726331800305287],"translation":[-8.976211102865006,5.030189623689766,41.49447338432302]},{"linear":[-0.9570828309999592,0.05917397392069618,0.2837091740066517,-0.09724069862889659,-0.9877527034187974,-0.12201984846336161,0.2730141042790059,-0.14437118029333412,0.9511152722806221],"translation":[-1.615821576885074,10.498030142872302,40.656609406860234]},{"linear":[-0.9965909140486516,0.04420515687644161,0.06965955886453776,-0.04609468163765264,-0.9986050192038273,-0.025754532526274427,0.0684239019670485,-0.028877668300135755,0.9972383114948757],"translation":[-1.7590634668797085,10.323919068422674,40.06762743851824]},{"linear":[-0.9587815850049927,0.0355612576402545,0.2819100374416599,-0.05237482654443265,-0.9972554564420991,-0.052330030965990516,0.2792754013509876,-0.06493805934507417,0.9580126818830432],"translation":[-2.042769791116866,9.726359609129137,40.927971348934584]},{"linear":[-0.9530300941284362,0.00799374237964833,0.3027701104275512,-0.009756175432428413,-0.9999431230960891,-0.004309015406201582,0.30271844464200626,-0.00706049967120009,0.9530538770803659],"translation":[-2.1451885161828668,-3.2720030111870058,40.500543836295115]},{"linear":[-0.8450612356363001,0.034569902386751714,0.5335507753474081,-0.04545946152951928,-0.9989396773636037,-0.007277248528512045,0.5327334656113657,-0.03040465157948752,0.8457367272266435],"translation":[-2.7538847942319187,-3.196144421284653,38.60736806627254]},{"linear":[-0.9610783756070442,0.03208788596210195,0.27440612878543297,-0.06824043456673091,-0.9900284520969866,-0.12323517001484444,0.26771551884541206,-0.13716425049161693,0.9536846278285103],"translation":[-1.885134694220246,-3.0811794946693873,40.118750167146814]},{"linear":[-0.9584494171571258,-0.0973123492734386,-0.26815111677942005,0.11463353900988274,-0.9921650558958318,-0.04967548281889971,-0.26121612983358355,-0.0783505490606505,0.9620952785336072],"translation":[-2.1196235106763566,2.71282922121532,35.802608548904175]},{"linear":[-0.9711399309112637,-0.06990411907866526,0.22803650744014975,0.03628031781185751,-0.988255600637385,-0.1484405818781093,0.23573496373923047,-0.1358833394669002,0.9622706193821916],"translation":[-1.8535814764840715,2.562810123252012,32.58104865584229]},{"linear":[-0.9716087061083947,-0.08906055866368483,0.21919110179221094,0.08888574334502146,-0.9959845780836519,-0.010679178317303775,0.21926205062521423,0.009106981390238595,0.975623501175317],"translation":[1.2953972290575957,2.9557147722759596,29.42795465083705]},{"linear":[-0.9742779599013123,-0.06385994930772079,0.21611192406934096,0.06348136212539152,-0.9979450996986158,-0.008700267250204124,0.21622343423699977,0.0052426006843358745,0.9763298323951916],"translation":[-0.9349219505509826,2.703377729893431,29.065225992259737]},{"linear":[-0.9993420361631893,-0.0349874951613653,-0.00955876244834188,0.03537469798110196,-0.9984097338026562,-0.043893441319343154,-0.008007839905755654,-0.04420269935696505,0.998990488377943],"translation":[0.4422070651414583,2.51940873960376,28.359927051146364]}],"scale":{"linear":[0.25641025641025644,0.25641025641025644,0.25641025641025644]},"k":0.05904885273063231,"files":["/tmp/jl_xgFfTK/11.0 extrinsic.png","/tmp/jl_xgFfTK/intrinsic0001.png","/tmp/jl_xgFfTK/intrinsic0002.png","/tmp/jl_xgFfTK/intrinsic0003.png","/tmp/jl_xgFfTK/intrinsic0004.png","/tmp/jl_xgFfTK/intrinsic0005.png","/tmp/jl_xgFfTK/intrinsic0006.png","/tmp/jl_xgFfTK/intrinsic0007.png","/tmp/jl_xgFfTK/intrinsic0008.png","/tmp/jl_xgFfTK/intrinsic0009.png","/tmp/jl_xgFfTK/intrinsic0010.png","/tmp/jl_xgFfTK/intrinsic0011.png","/tmp/jl_xgFfTK/intrinsic0012.png","/tmp/jl_xgFfTK/intrinsic0013.png","/tmp/jl_xgFfTK/intrinsic0014.png","/tmp/jl_xgFfTK/intrinsic0015.png","/tmp/jl_xgFfTK/intrinsic0016.png","/tmp/jl_xgFfTK/intrinsic0017.png","/tmp/jl_xgFfTK/intrinsic0018.png","/tmp/jl_xgFfTK/intrinsic0019.png","/tmp/jl_xgFfTK/intrinsic0020.png","/tmp/jl_xgFfTK/intrinsic0021.png","/tmp/jl_xgFfTK/intrinsic0022.png","/tmp/jl_xgFfTK/intrinsic0023.png","/tmp/jl_xgFfTK/intrinsic0024.png","/tmp/jl_xgFfTK/intrinsic0025.png","/tmp/jl_xgFfTK/intrinsic0026.png"]}