{"intrinsic":{"linear":[1410.36962754086,1410.36962754086],"translation":[534.9901132909049,958.9694540836456]},"extrinsics":[{"linear":[0.963635553175549,-0.2657593984956972,0.027900945633772215,0.2649669103960878,0.963818036397842,0.029108918038288707,-0.03462740318310144,-0.020657560974458217,0.9991867733929335],"translation":[-14.163484197186056,2.110503289264557,39.19960450091671]},{"linear":[0.9521826951656375,-0.29983022804854204,0.05873626967608734,0.2972839348623693,0.9535649254208761,0.04833420196739971,-0.07050090141160845,-0.028561641329554407,0.997102730687622],"translation":[-5.318453771787791,1.1995454965974874,39.50256368554422]},{"linear":[0.9521830962604583,-0.2998380957576329,0.05868958619962916,0.29731705981598805,0.9535716990296432,0.04799563263564615,-0.07035564752188211,-0.02825121487929832,0.9971218339398755],"translation":[-5.318604299211364,1.1995837661745885,39.504248825012304]},{"linear":[0.9522134493261719,-0.2999587767036946,0.05756977679978599,0.29743092014557376,0.9535078487384004,0.048555433636464626,-0.06945786250462517,-0.02911210526037036,0.9971600125674905],"translation":[-5.3203092322391665,1.199960739942699,39.50630905631675]},{"linear":[0.9614153749247493,-0.27233429798805536,0.03891666735033998,0.26348991336460453,0.9522418192786556,0.1543003019180128,-0.079079342520137,-0.13809253331092808,0.9872572662838969],"translation":[-4.085001111431599,0.8253024903702304,38.591053818201885]},{"linear":[0.9635023046614585,-0.26583578140958886,0.03153801253109188,0.26504218239031696,0.9638530619367404,0.027201407113383723,-0.037629117260918915,-0.017849714774286048,0.9991323421932855],"translation":[-14.164986577269973,2.11162301314015,39.20230556153688]},{"linear":[0.6644483437815117,-0.7007406284243252,-0.2597517470999725,0.7036977407114278,0.7036730470674376,-0.0982534098566561,0.25163045953071406,-0.11750240212995561,0.9606639877345523],"translation":[2.882832758752511,0.057988652918760965,35.519580445072]},{"linear":[0.8542643869878752,-0.5148935271631154,0.07153329860810431,0.5112940026588888,0.8570767197498466,0.06322925990311282,-0.0938658615753474,-0.017439958382098535,0.995432091045064],"translation":[3.6914770374396366,-2.787446348068714,39.8759029599361]},{"linear":[0.8461707959873512,-0.5323514648383565,0.02443157593338131,0.5307315703332578,0.8459656650145628,0.05163423155293957,-0.04815583318484698,-0.03072477015250639,0.9983671690462126],"translation":[-6.025422049106922,-7.565469854240597,39.2126021934803]},{"linear":[0.7343259671181974,-0.6785609317758506,0.017900722985775126,0.6758072343281919,0.7333097418224612,0.07444061107994561,-0.06363926496750576,-0.04256623563065888,0.9970647719875729],"translation":[-0.8329947412516596,9.485714908939627,40.27085344338005]},{"linear":[0.7345576809466974,-0.6783023248074733,0.018192567795312444,0.6755111421796196,0.7335421893879599,0.07483684372756737,-0.0641070210928249,-0.04268269612730061,0.9970298276871703],"translation":[-0.8320035719710722,9.484899433559624,40.263306136349186]},{"linear":[0.960017335957404,-0.2756073658349738,0.04906418814935722,0.22015622601658136,0.8515651460906812,0.47578150248795154,-0.1729102391629384,-0.4459567040207643,0.8781939804687526],"translation":[-5.21570173408477,-2.0983926563688597,35.31660611811028]}],"scale":{"linear":[0.25641025641025644,0.25641025641025644,0.25641025641025644]},"k":0.050179874273822186,"files":["/tmp/jl_cvTT5a/11.0 extrinsic.png","/tmp/jl_cvTT5a/intrinsic0001.png","/tmp/jl_cvTT5a/intrinsic0002.png","/tmp/jl_cvTT5a/intrinsic0003.png","/tmp/jl_cvTT5a/intrinsic0004.png","/tmp/jl_cvTT5a/intrinsic0005.png","/tmp/jl_cvTT5a/intrinsic0006.png","/tmp/jl_cvTT5a/intrinsic0007.png","/tmp/jl_cvTT5a/intrinsic0008.png","/tmp/jl_cvTT5a/intrinsic0009.png","/tmp/jl_cvTT5a/intrinsic0010.png","/tmp/jl_cvTT5a/intrinsic0012.png"]}