{"intrinsic":{"linear":[1558.0527454918342,1168.539524293684],"translation":[530.2702865082915,717.2941522248775]},"extrinsics":[{"linear":[0.32474154563026636,-0.9371485129973017,-0.12765419354103397,0.8898582599897092,0.3484681122864123,-0.2944864204808625,0.3204609269002268,-0.01796216319073421,0.9470914185144731],"translation":[-5.566233797947529,0.661474042077733,41.865430068629834]},{"linear":[0.9124748883210169,-0.26428434989606964,-0.31231932470399587,0.3671623331747971,0.8657460677295611,0.3401111102396417,0.18050318357632222,-0.4250147392865502,0.887006804995316],"translation":[-5.692298948257054,-2.1128203231623965,37.90007756848432]},{"linear":[0.9124022139316753,-0.264247900606947,-0.3125623890320116,0.36719692827010736,0.8658110637188686,0.33990824910701856,0.18079993330080402,-0.4249049881642041,0.8869989487883302],"translation":[-5.692621103080789,-2.11281251409472,37.90337971578328]},{"linear":[0.9299036901671233,-0.1824469905019042,-0.31936221233947637,0.10974518525734775,0.9663783622844072,-0.2325271064227513,0.3510486025130952,0.18117934916900755,0.9186614839582085],"translation":[-4.4635821932968165,-3.881654582017722,40.89276336622647]},{"linear":[0.9801387136155004,-0.14824186891971083,-0.13172869987722163,0.14349191121425933,0.9886323798540524,-0.04490087883540425,0.1368874482493957,0.025107086714786467,0.9902683781220447],"translation":[-4.786829937792791,-4.068044311681695,39.95902490364996]},{"linear":[0.9429227892500057,0.19483987776045372,-0.2700630214362579,-0.18680215939692754,0.9808334057593252,0.05541464960827167,0.2756838166407925,-0.0018033803963915657,0.9612466806504517],"translation":[4.10725932899607,-5.530574989896314,38.46026420915786]},{"linear":[0.883390017011535,-0.13479619177812105,-0.4488341169368431,0.18447544480445896,0.9804378771659386,0.06863220295564643,0.4308026092174428,-0.1434278763018683,0.8909756204245878],"translation":[0.8360200338094954,-2.7700232426197715,38.21516117515043]},{"linear":[0.9148086077366243,-0.2608396870565193,-0.30836320932827865,0.3023295892541771,0.9484987319236641,0.09458845067238235,0.2678096911472385,-0.1797576512848848,0.9465543598400264],"translation":[-7.1411085924872735,-8.883990001871943,40.690271869116025]},{"linear":[0.9546582298539797,-0.25168144367374223,0.15900979555476175,0.26617078582691733,0.9608273713115506,-0.0772261310102796,-0.1333445797336641,0.11604832376573344,0.9842520051322304],"translation":[-7.476086332899668,-9.200954527338194,38.5440392271812]},{"linear":[0.7210214337301754,-0.26711969644176337,-0.639355268903403,0.28511180366928435,0.9553470390310798,-0.07760988611637239,0.6315372922560709,-0.12632934254324707,0.7649846702401696],"translation":[-7.270814905101396,-9.154340376752502,40.83116541200352]},{"linear":[0.9373975044757935,-0.1085072843913959,-0.33092610630858266,0.18307717700997672,0.9618678504172996,0.20320675577268799,0.2962577692831232,-0.2510705230958185,0.921517729928068],"translation":[-11.959430721573863,-2.1556616480550757,41.894998574691485]},{"linear":[0.9830675304484126,-0.15150344953978703,0.10307732706858869,0.15900137244607418,0.9848745121681141,-0.06885316871346114,-0.09108673964043512,0.08407675100266862,0.9922874108858334],"translation":[-12.736578749324261,-2.701514287077516,40.67122494166304]},{"linear":[0.8473111990525365,-0.06463158534504106,-0.5271494002044766,0.08868451316921437,0.9958498221833058,0.020449664579589258,0.5236399422161112,-0.06407721773973132,0.8495265275920715],"translation":[-10.89485412607023,-2.7131098080785176,42.637312790835644]},{"linear":[0.9463110013836811,-0.05755206278926732,-0.31809314473737915,-0.021558328474402394,0.9705968953887638,-0.23974341520693168,0.32253794681185155,0.23372938781931915,0.9172457937412424],"translation":[-10.91429374574615,-2.3149623828727672,43.01742839777955]},{"linear":[0.9338948946747034,-0.06411932629035857,-0.3517513862042267,0.154724269089312,0.9593784950991624,0.23590952438603352,0.3223363557765439,-0.27473917656085545,0.9058794945285826],"translation":[-6.335980337604816,1.558434614072879,39.476596906653114]},{"linear":[0.985434738142974,-0.02895547118261087,0.16757075386141004,0.02540774455952097,0.9994061296567363,0.02327733921523782,-0.16814524488514807,-0.018680703764475996,0.9855852108921772],"translation":[-3.687721081233084,3.1204871846310143,37.44574194604509]},{"linear":[0.7058035064568033,-0.024922382130383502,-0.7079691272521903,0.049475072853652144,0.998674868153671,0.01416774097637223,0.7066778809609132,-0.0450264654086339,0.7061012604247341],"translation":[-4.829792319898115,3.4824179189475024,39.93202880428509]},{"linear":[0.9453791257302778,-0.035279720720358884,-0.3240580965495987,-0.06697814516299651,0.9518910909203223,-0.29902722133117454,0.31901761190250943,0.30439890330356345,0.8975349970689764],"translation":[-4.583949659320066,3.265809690230434,40.757786859597054]},{"linear":[0.9084251110021656,-0.38669945562353014,0.15883119568009518,0.38704517694288876,0.9215716124274728,0.030029887996391207,-0.15798686244732885,0.03419494389954875,0.9868489535413997],"translation":[-7.714981185677757,-1.6306275027769752,36.34756247116753]},{"linear":[0.6796091764944658,-0.5669296366339143,-0.46553426762232225,0.6428225336056095,0.7659947302479964,0.005591379182673661,0.3534268771802436,-0.3030558699950182,0.8850121932200614],"translation":[-7.470583410116712,-2.258678718526618,34.05139423926565]},{"linear":[0.7941764027993711,-0.5754668411744671,0.19524793454818407,0.5558250473859906,0.8177623219047016,0.1494098442921103,-0.24564681543836986,-0.01013408021046111,0.9693064234200016],"translation":[-7.051327766199947,-1.8449725645494315,33.94779311380206]},{"linear":[0.6816068757157391,-0.4955498849872327,-0.5383701129020533,0.48996950830743907,0.8555584998141602,-0.1671811422520791,0.5434537219543127,-0.1498331234570113,0.8259588895393769],"translation":[-8.077089287818273,-2.804146535122807,35.29434559442815]},{"linear":[0.8843801632158901,-0.46637587744484477,0.019111981785960498,0.44806521448008463,0.8367593501827735,-0.3147560221101715,0.13080248653275486,0.2869273964250436,0.9489801782427252],"translation":[-6.991803792529966,-2.1354694371426763,30.905276172996242]},{"linear":[0.7940325301133552,-0.4462578407349951,-0.4127545041599466,0.4640569333296741,0.8835915052351765,-0.06258765457255333,0.39263660520950155,-0.1418449557043698,0.9086894435343592],"translation":[-4.129862449780237,-1.9569013787439662,31.659528668626617]},{"linear":[0.8380507099089571,-0.5149373060695408,-0.1803069006969423,0.5177054676772241,0.8548394025191197,-0.035080545005187216,0.1721977246022708,-0.06394659270515106,0.9829846270024785],"translation":[-4.196984545139789,-2.0234877034721466,32.46928739891125]},{"linear":[0.8369269410895752,-0.5333233387198878,0.12296142344295803,0.5417591035329153,0.8391831185259258,-0.047631579023939025,-0.07778411802970107,0.10647962226535981,0.9912677342799814],"translation":[-10.188139189706083,-0.9025257333136882,34.30747739988821]},{"linear":[0.7261760410710306,-0.5706861745299885,-0.3833870727798897,0.6751723525003868,0.6971323321701294,0.24114063502887678,0.1296558976425618,-0.43396290353365913,0.8915523240747777],"translation":[-9.295577465030822,-0.7089307645500762,32.91280335205486]},{"linear":[0.5898914114242205,-0.8023901189914225,-0.09054402063566726,0.8007229992106467,0.5957427814999835,-0.06271536355447195,0.10426313472674738,-0.0355054254388516,0.9939157728406157],"translation":[-4.982271692575093,-0.9575632702831317,30.464967278008906]},{"linear":[0.7052015725988733,-0.6194718541379326,0.34488456610145374,0.692971640315376,0.7050802296636257,-0.15050639672819943,-0.1499368124334159,0.34513257114969725,0.9265001136583341],"translation":[-6.443810573575407,-0.6907944757986206,26.09524528037799]},{"linear":[0.3465464290983762,-0.8600081524335131,-0.3745551364312862,0.8836041025670224,0.43332246855827306,-0.17741315669727395,0.3148799174382056,-0.2694765592597243,0.9100730858583004],"translation":[-6.442144410182286,-1.1889473459889324,26.68650769596223]},{"linear":[0.4298929990377381,-0.8887127989313425,-0.1593159451968271,0.8730046032865911,0.36413057975389035,0.32445628908763263,-0.23033664931738715,-0.2785650407063221,0.9323875514385229],"translation":[-6.331178056071024,-0.8407159996438525,27.56199617372138]},{"linear":[0.451431218322385,-0.879975956371743,-0.1478247994471955,0.8388115756066322,0.47500216613968926,-0.2660227110434782,0.3043106895136715,-0.0039061963902553842,0.9525648250263468],"translation":[-5.312942719969616,0.008644761668535792,28.949936939103207]},{"linear":[0.3223345947498713,-0.9380193353278719,-0.12735829607251214,0.8906261104308235,0.3460966875730445,-0.294961377590065,0.32075775976006976,-0.018352367749801313,0.9469834476650991],"translation":[-5.553655717253011,0.6723352851590095,41.85701358193855]}],"scale":{"linear":[0.25641025641025644,0.25641025641025644,0.25641025641025644]},"k":0.05430003917801097,"files":["/tmp/jl_Sjvx2h/103.0 extrinsic.png","/tmp/jl_Sjvx2h/intrinsic0001.png","/tmp/jl_Sjvx2h/intrinsic0002.png","/tmp/jl_Sjvx2h/intrinsic0003.png","/tmp/jl_Sjvx2h/intrinsic0004.png","/tmp/jl_Sjvx2h/intrinsic0005.png","/tmp/jl_Sjvx2h/intrinsic0006.png","/tmp/jl_Sjvx2h/intrinsic0007.png","/tmp/jl_Sjvx2h/intrinsic0008.png","/tmp/jl_Sjvx2h/intrinsic0009.png","/tmp/jl_Sjvx2h/intrinsic0010.png","/tmp/jl_Sjvx2h/intrinsic0011.png","/tmp/jl_Sjvx2h/intrinsic0012.png","/tmp/jl_Sjvx2h/intrinsic0013.png","/tmp/jl_Sjvx2h/intrinsic0014.png","/tmp/jl_Sjvx2h/intrinsic0015.png","/tmp/jl_Sjvx2h/intrinsic0016.png","/tmp/jl_Sjvx2h/intrinsic0017.png","/tmp/jl_Sjvx2h/intrinsic0018.png","/tmp/jl_Sjvx2h/intrinsic0019.png","/tmp/jl_Sjvx2h/intrinsic0020.png","/tmp/jl_Sjvx2h/intrinsic0021.png","/tmp/jl_Sjvx2h/intrinsic0022.png","/tmp/jl_Sjvx2h/intrinsic0023.png","/tmp/jl_Sjvx2h/intrinsic0024.png","/tmp/jl_Sjvx2h/intrinsic0025.png","/tmp/jl_Sjvx2h/intrinsic0026.png","/tmp/jl_Sjvx2h/intrinsic0027.png","/tmp/jl_Sjvx2h/intrinsic0028.png","/tmp/jl_Sjvx2h/intrinsic0029.png","/tmp/jl_Sjvx2h/intrinsic0030.png","/tmp/jl_Sjvx2h/intrinsic0031.png","/tmp/jl_Sjvx2h/intrinsic0032.png"]}