{"intrinsic":{"linear":[1532.7192170314052,1149.5393785146107],"translation":[549.8372002544456,718.4653570238801]},"extrinsics":[{"linear":[0.9276769266508041,-0.21434247600043232,-0.3057332542294388,0.2130329673639476,0.9763032682406713,-0.038064198910460416,0.3066471499554982,-0.029819983309652735,0.9513560290551494],"translation":[-2.1795245850891667,-2.102022207139742,39.557667863852025]},{"linear":[0.9284387683644496,-0.21376621708130833,-0.30381813282398235,0.211807841984549,0.9765005535506802,-0.03980084156224967,0.3051866502187675,-0.027398418749299092,0.9518983323749893],"translation":[-2.1787467481099125,-2.101107188235221,39.56210238671953]},{"linear":[0.9277582598950789,-0.21428411280957185,-0.3055272986066385,0.2122665099580919,0.9763833557632777,-0.040230229164794865,0.30693246805554253,-0.027529285967044598,0.9513330638990103],"translation":[-2.1776540201819152,-2.102072624658274,39.562924853393255]},{"linear":[0.9276090423393417,-0.2143450948300168,-0.30593732183668065,0.21284083300449236,0.976320608302436,-0.03868914072340311,0.3069857396952559,-0.029227557651514594,0.9512652130176338],"translation":[-2.1790021670621016,-2.1027932083153194,39.563555736842495]},{"linear":[0.9276150107539021,-0.21461132745925715,-0.30573251372762705,0.21298213130050864,0.9762734546898197,-0.03909927639608655,0.3068696849979337,-0.028846486686946414,0.9513142890943502],"translation":[-2.1768298361362364,-2.1037762502220954,39.56272387968986]},{"linear":[0.9276310711522161,-0.21508622459946414,-0.3053498187661832,0.21343002441868147,0.9761706968246254,-0.03922238311941662,0.3065097396652073,-0.028786918009299396,0.9514321272912182],"translation":[-2.1708558415182764,-2.070895396555123,39.56240133444852]},{"linear":[0.9566691740192873,0.004594800666208022,-0.2911408238088443,0.03839029329003403,0.9891565169239401,0.14175884596032878,0.28863519685298233,-0.14679329968951876,0.9461191522762361],"translation":[1.3657133275027629,-3.771019562861909,37.275185696046655]},{"linear":[0.9612793762389139,-0.007093136174580232,-0.2754843883724332,0.12259176013434561,0.906311876275305,0.4044379350030105,0.24680603956323238,-0.42254996194715855,0.8720884751523593],"translation":[1.38083603876152,-2.4792969601234596,34.68075389078992]},{"linear":[0.9952224785181364,0.007741558366626376,0.09732567249330215,-0.010771154683139461,0.999472395886921,0.030641672389892977,-0.09703710877292912,-0.03154359101487597,0.994780780567697],"translation":[2.246465625840123,-3.561791155230762,35.07157970871328]},{"linear":[0.8032297584007806,-0.02181145967065476,-0.5952698677460997,0.03586456543310618,0.9992872422358132,0.011778813651537387,0.5945886714071484,-0.030810188765708645,0.8034395086766044],"translation":[1.6146694127768468,-3.315195171184875,36.97914988349937]},{"linear":[0.968960199790713,0.015924142377756446,-0.2467033702872229,-0.01824328112020735,0.9998082431757805,-0.007117553774171215,0.24654272229273116,0.0113973052644945,0.9690649036660016],"translation":[2.15422927222307,-3.51282773148673,37.94582078777213]},{"linear":[0.9535922121221811,-0.027653870438195425,-0.2998285450548569,0.062022799262956854,0.9924593583884522,0.10572414255395364,0.2946439637113101,-0.11941392463598728,0.9481166854620369],"translation":[-3.76432751403712,-2.906529210963122,39.23513614921855]},{"linear":[0.9844632201507159,-0.04812549587401575,0.16886712177734098,0.05045240980408976,0.9986811542280826,-0.00951349224128506,-0.1681865705561636,0.01788543643708188,0.9855929122350727],"translation":[-3.9447363976799195,-2.899431447110994,36.46527380307947]},{"linear":[0.9573578227592471,-0.03005634199765095,-0.2873371112602661,-0.07291091345208112,0.9372442087453147,-0.3409652355782804,0.279553211216143,0.34737574682048455,0.8950866397280507],"translation":[-4.026181369087699,-3.329809833363554,39.05061695384276]},{"linear":[0.9496240748789779,-0.08139766487913108,-0.3026359802840199,0.09151627591252523,0.9956149637562945,0.019380794298858455,0.2997313591423953,-0.04610058672920314,0.9529091500504523],"translation":[-4.545852719473977,-2.9016645157908374,40.210034820692776]},{"linear":[0.9506013329527031,-0.10319099803784534,-0.29276052280404474,0.1039468963192654,0.9944976497111354,-0.01301796699257975,0.29249298886321373,-0.018056650934805372,0.9560971754078572],"translation":[-12.235644581057702,-1.5435879756912516,42.849659502942245]},{"linear":[0.9475254007907392,-0.09832068861279958,-0.3041852347617381,0.09747978269978338,0.9950749220415569,-0.017988648887357454,0.3044557551125481,-0.012607208838379567,0.9524430436851086],"translation":[-12.16966532457394,-1.632817709035504,42.836491378189585]},{"linear":[0.9956900051863918,-0.08497620079470412,-0.037154526916931566,0.08400005224424252,0.9960974134913062,-0.02709121737563953,0.03931163688893398,0.023853472167123826,0.9989422441115826],"translation":[-12.62291798822804,-1.73291726711894,40.80836188562526]},{"linear":[0.7922822722849823,-0.10472682758900956,-0.6010999023507548,0.11442600867329386,0.9931832907649039,-0.022217999110986077,0.5993291996574541,-0.05117853581862581,0.7988649872847207],"translation":[-12.6403256318798,-1.5677878121788154,41.72230311754195]},{"linear":[0.9410434883209126,-0.15298345609932748,-0.3017171112958523,0.24103396766497784,0.9290323258283822,0.2807161626938945,0.23736002089755348,-0.33689018941757826,0.9111340300711533],"translation":[-5.799594087960122,5.6635456958499875,38.199945280378266]},{"linear":[0.9898357243214804,-0.13161794749216416,-0.05386979445775174,0.13206220944050567,0.9912300179262836,0.00475651127944025,0.05277131507421921,-0.011822328865724631,0.9985366397110964],"translation":[-5.18541687834082,4.834831049532659,38.83605411386421]},{"linear":[0.9494961924038282,-0.18709134572280817,-0.25190039493073674,0.21665214147858985,0.9716160150447147,0.0949956256959755,0.22697759846155202,-0.14477274489439462,0.9630794474664949],"translation":[-5.425051543968438,4.88578141166591,39.66117600746782]},{"linear":[0.8900891484435658,-0.3148424916039561,-0.32956867767374504,0.32421821794146805,0.9455770645469255,-0.027686858934847243,0.32034958245308626,-0.08220839667231239,0.9437255557304258],"translation":[-8.48654260566557,-7.274612393969743,40.94073338795404]},{"linear":[0.9498733930359979,-0.3076085154056801,-0.055834921439846495,0.3003644990807377,0.9474644445563023,-0.1099649671195108,0.08672776311111607,0.08768196822340986,0.9923659443744586],"translation":[-9.123073187205394,-8.441184620885416,39.83586959015434]},{"linear":[0.8931716332351105,-0.3414169892395872,-0.29270953698624297,0.3488643917432689,0.936751642856573,-0.02810686355875712,0.28379230038484865,-0.07701168134826801,0.9557882250677652],"translation":[-8.837267499259806,-8.225888853189545,41.15143456396615]},{"linear":[0.9139130739979174,-0.2923123111518488,-0.28163168487359813,0.11219413910650106,0.848710584505402,-0.5168199095416599,0.3900966140917248,0.4407310478030373,0.8084434273198148],"translation":[-8.707243041908248,-8.83441295785205,40.25068471292736]},{"linear":[0.9365555627031176,-0.22259685390150674,-0.27076616960580235,0.2931574345219511,0.920891056357045,0.2569404228729172,0.19215201418240405,-0.32001609796189445,0.927721564097164],"translation":[-6.54507696781358,-3.7275532697236606,32.70825633435165]},{"linear":[0.97455765032582,-0.2240911694880713,-0.004531440045393402,0.22123150814719947,0.9649726376405785,-0.14101215695073993,0.035972294816040196,0.1364219790299679,0.989997493756027],"translation":[-6.784287945544839,-3.4211420050873107,32.26439525240848]},{"linear":[0.8491144481146575,-0.45839762196876416,0.26244289698203455,0.4346762488756623,0.8886932903841684,0.14587938267467204,-0.3001020037692586,-0.009790597506898424,0.9538568716186584],"translation":[-3.360427498335187,-2.1381608351899732,29.806918768454103]},{"linear":[0.9158028111277476,-0.22019042117747695,-0.33588895419796133,0.20530918100592077,0.9754486860847658,-0.0796743434876124,0.3451859662923638,0.004004901645394521,0.938525763864593],"translation":[-8.90634415525318,-1.9132662438486188,32.932525732187905]},{"linear":[0.9460483511174658,-0.20051105311211248,-0.25453454564713957,0.13635096081978915,0.9589523225622156,-0.24863398507857357,0.29394035590820883,0.20051374175453315,0.9345551383070727],"translation":[-8.9793194882201,-2.453285493893178,33.434150651163755]},{"linear":[0.929270402446581,-0.24596769526571657,-0.2756019085972393,0.27167018849830554,0.9605983347851001,0.05870390012075797,0.25030347144629184,-0.12942461934950544,0.9594776912925964],"translation":[-6.224675082014582,-3.903412854401332,33.54834410706536]},{"linear":[0.8904697018872877,-0.3452250328181239,-0.29645132270996893,0.3494734729521858,0.9360770287853754,-0.040349571039619746,0.29143095532819213,-0.0676718028137919,0.9541952239350334],"translation":[-8.04907932480257,-2.7797132584091946,27.762155355923877]},{"linear":[0.8700116548414178,-0.4200020672187204,-0.2582208046848644,0.47421586431715995,0.856166107426872,0.20518019037774216,0.1349037970926927,-0.30096155904952215,0.9440461352627076],"translation":[-6.459541134497162,-3.2157720427161682,26.284772229942405]},{"linear":[0.8861562598495835,-0.42409387573055196,-0.18673903635083003,0.42860240382149456,0.9033219773530358,-0.017589333968006216,0.176145004379443,-0.06444990146494159,0.9822520794751851],"translation":[-5.532040880087062,-3.4358179161168927,27.77215701028487]},{"linear":[0.8882179795813636,-0.41272576182796983,-0.20180749805674283,0.41881011050849404,0.9079716870653702,-0.013620088969176544,0.18885685606899036,-0.07242141265666675,0.9793304993231597],"translation":[-6.548507532779522,-2.5103794470116716,23.119290705314782]},{"linear":[0.6545839672511616,-0.4264024880391539,-0.6242601605194338,0.5581200907333079,0.8295516041181609,0.01860377447804526,0.509923321821599,-0.36058986993398057,0.7809949753765516],"translation":[-4.2481994615459415,-3.2052775971199203,24.61580497016628]}],"scale":{"linear":[0.25641025641025644,0.25641025641025644,0.25641025641025644]},"k":0.05042722706680137,"files":["/tmp/jl_dToq0C/2.0 extrinsic.png","/tmp/jl_dToq0C/intrinsic0001.png","/tmp/jl_dToq0C/intrinsic0002.png","/tmp/jl_dToq0C/intrinsic0003.png","/tmp/jl_dToq0C/intrinsic0004.png","/tmp/jl_dToq0C/intrinsic0005.png","/tmp/jl_dToq0C/intrinsic0006.png","/tmp/jl_dToq0C/intrinsic0007.png","/tmp/jl_dToq0C/intrinsic0008.png","/tmp/jl_dToq0C/intrinsic0009.png","/tmp/jl_dToq0C/intrinsic0010.png","/tmp/jl_dToq0C/intrinsic0011.png","/tmp/jl_dToq0C/intrinsic0012.png","/tmp/jl_dToq0C/intrinsic0013.png","/tmp/jl_dToq0C/intrinsic0014.png","/tmp/jl_dToq0C/intrinsic0015.png","/tmp/jl_dToq0C/intrinsic0016.png","/tmp/jl_dToq0C/intrinsic0017.png","/tmp/jl_dToq0C/intrinsic0018.png","/tmp/jl_dToq0C/intrinsic0019.png","/tmp/jl_dToq0C/intrinsic0020.png","/tmp/jl_dToq0C/intrinsic0021.png","/tmp/jl_dToq0C/intrinsic0022.png","/tmp/jl_dToq0C/intrinsic0023.png","/tmp/jl_dToq0C/intrinsic0024.png","/tmp/jl_dToq0C/intrinsic0025.png","/tmp/jl_dToq0C/intrinsic0026.png","/tmp/jl_dToq0C/intrinsic0027.png","/tmp/jl_dToq0C/intrinsic0028.png","/tmp/jl_dToq0C/intrinsic0029.png","/tmp/jl_dToq0C/intrinsic0030.png","/tmp/jl_dToq0C/intrinsic0032.png","/tmp/jl_dToq0C/intrinsic0033.png","/tmp/jl_dToq0C/intrinsic0034.png","/tmp/jl_dToq0C/intrinsic0035.png","/tmp/jl_dToq0C/intrinsic0036.png","/tmp/jl_dToq0C/intrinsic0037.png"]}