{"intrinsic":{"linear":[1453.7342006401257,1090.3006179866038],"translation":[594.1846132809554,717.9966516967256]},"extrinsics":[{"linear":[0.9347855251903432,-0.0895911946243139,-0.3437287298734316,0.08888711068695902,0.9958819418600873,-0.017839266540575455,0.34391147618004625,-0.013877165516405218,0.9388995264824089],"translation":[-4.61824371223889,-1.7382911789768405,39.75052646221121]},{"linear":[0.9347855251903432,-0.08959119462431372,-0.3437287298734317,0.08888711068695901,0.9958819418600873,-0.017839266540574966,0.34391147618004625,-0.013877165516405672,0.9388995264824089],"translation":[-4.61824371223889,-1.738291178976841,39.75052646221121]},{"linear":[0.9348593290636626,-0.08997927885890647,-0.3434265048575453,0.0889277078708112,0.9958597950202308,-0.01884493128422748,0.34370030205904983,-0.01292277208244178,0.9389904708388808],"translation":[-4.6182680948177115,-1.7412706870848045,39.75372431428364]},{"linear":[0.9953226926315535,-0.07395115684842793,-0.06216079096547262,0.07208182180967415,0.9968917015531726,-0.031798527308960364,0.06431911455603502,0.027169132764950817,0.9975594667625225],"translation":[-4.585224671162911,-1.9374893686943784,35.89205053536316]},{"linear":[0.9393238319607803,-0.011985314313249784,-0.3428222439564394,-0.09784917174622713,0.948506811541456,-0.3012646146629872,0.3287799846388055,0.31652990490674565,0.8897822997793524],"translation":[-5.016697417359005,-2.1087928497459614,39.06722025618066]},{"linear":[0.953458171815798,-0.06243456079368907,-0.2949905764870724,0.08185663586930804,0.9951831516861764,0.053944283887433254,0.2902016639542848,-0.07558055449960407,0.953976191537135],"translation":[-5.051169677594922,-1.5568720104603457,38.983850247291656]},{"linear":[0.9296033869307956,-0.09749694917986355,-0.3554319736706491,0.10073189669662062,0.9948688029619448,-0.009441921465907865,0.35452874071744206,-0.027026094680625272,0.9346544613982317],"translation":[-5.094683936493435,-1.3741130248932736,39.91911983466995]},{"linear":[0.9384672000089113,-0.01649902221759238,-0.3449740523188629,0.02139573747711934,0.9997170781739863,0.010391632454910739,0.3447049998553029,-0.017133180473314233,0.9385546959030274],"translation":[-4.829833710210448,-1.3456299803575278,39.889105728568005]},{"linear":[0.6659067547510946,-0.0792938485506239,-0.7418090586929336,0.09243828786675005,0.9954428216442119,-0.023425451399562938,0.7402859967020377,-0.052972392989557845,0.670201886499755],"translation":[-6.6679764838159965,-1.364058791450318,38.792335326400476]},{"linear":[0.9244811876696537,-0.13293221461105686,-0.35730037778248525,0.16784474777328756,0.9834377495932181,0.06839834296200915,0.3422903362495474,-0.12320397312435609,0.9314816727754469],"translation":[-6.293620660131001,-0.3751523317166823,39.563674902136476]},{"linear":[0.9139752506437915,-0.05559055451503809,-0.40194394069239187,0.11645746952337463,0.9848342830258667,0.12860440415918573,0.38869898250809803,-0.16435061674857654,0.9065880959793877],"translation":[-7.012808408080499,0.23211651031800853,37.119308945089536]},{"linear":[0.9569354236748674,-0.2902212085510397,-0.006800369355828919,0.28845271928249594,0.9532214123747759,-0.09035467740394446,0.03270510135644547,0.08450200646973535,0.9958864329068117],"translation":[-9.359595958646814,0.24539762476019675,31.194804784124415]},{"linear":[0.6502683983968994,-0.33301615896537845,-0.6828259279745293,0.34041412186692915,0.9312470759101897,-0.1299888812256226,0.6791680467159059,-0.14791592705542997,0.7189239478856119],"translation":[-9.330519061233751,0.6288976817894593,30.938320143951245]},{"linear":[0.8882574475202044,-0.3515091314269269,-0.29570261657343977,0.2871420239899433,0.9273734690862258,-0.23984975900329367,0.3585361418097903,0.12813968689858216,0.9246794339973629],"translation":[-7.904110125519432,-0.47362859413839475,31.365941377400414]},{"linear":[0.8274502823630658,-0.4633628775125236,-0.317207934895388,0.4552234184304881,0.8842574307852769,-0.10421341282906942,0.3287821003791773,-0.05816906260492201,0.9426126938599548],"translation":[-7.324971828175521,0.4753885918414454,30.034889937838873]},{"linear":[0.61839133610033,-0.7462440806612576,-0.2463979048492163,0.7751178577830999,0.6308635208815839,0.03469185158837311,0.1295548608960198,-0.212440556624497,0.9685476487603938],"translation":[-3.293306083041844,-1.1328910187536585,27.2659282638409]},{"linear":[0.33508528649800656,-0.6006009957634543,-0.7259451044400647,0.6192207840331977,0.7211013915298687,-0.3107706610267436,0.7101291934527556,-0.3453856207511172,0.6135350858626625],"translation":[-3.2705480458875713,-2.0718463143620447,29.354844681987473]},{"linear":[0.8305882787702622,-0.45532928569234915,-0.3206218220276786,0.45429876344648884,0.8869953738029254,-0.08277584420107087,0.32208033889147053,-0.07690545132241172,0.9435834922551644],"translation":[-7.84582361292537,0.7457289505154153,31.933638320714]},{"linear":[0.8455484430295033,-0.47473229539016043,-0.2442889236211334,0.4082624741857323,0.8697754574802277,-0.2771505109805948,0.3440488085462974,0.13461018267073988,0.9292526653495394],"translation":[-7.965799022828579,-0.35015530561203334,35.692499452385704]},{"linear":[0.8181570003928146,-0.47627006238868647,-0.32215826914811463,0.4615564953952603,0.8781158810847779,-0.1260083368081228,0.3429062907948429,-0.04559963880318558,0.9382621961234193],"translation":[-2.8920926306697137,6.0333078918948235,39.30814148705345]},{"linear":[0.6962029538514296,-0.6638724888793912,-0.2730838068389022,0.636179823434871,0.7468341137495262,-0.19368541192959335,0.33253071933720757,-0.038886052114381425,0.942290398787994],"translation":[-0.13574810221077402,-0.9859239065205242,37.82790852785748]},{"linear":[0.7678718513834033,-0.5683104112016117,-0.29562830780031835,0.5337351620772877,0.8227774713297151,-0.19535610928407443,0.354259222343408,-0.007778765463416548,0.9351149096194056],"translation":[-8.30054531325221,-6.165762780462501,41.228807210109046]},{"linear":[0.8061119948855422,-0.4988216785125531,-0.31837145718102705,0.47592151976575847,0.8662241097296561,-0.15216602362852,0.3516847433789277,-0.028856970890646712,0.9356736164419268],"translation":[-13.401518525047992,4.519037095215165,43.37300331613415]}],"scale":{"linear":[0.25641025641025644,0.25641025641025644,0.25641025641025644]},"k":0.05495487469706008,"files":["/tmp/jl_XI59Ym/9.0 extrinsic.png","/tmp/jl_XI59Ym/intrinsic0001.png","/tmp/jl_XI59Ym/intrinsic0002.png","/tmp/jl_XI59Ym/intrinsic0003.png","/tmp/jl_XI59Ym/intrinsic0004.png","/tmp/jl_XI59Ym/intrinsic0005.png","/tmp/jl_XI59Ym/intrinsic0006.png","/tmp/jl_XI59Ym/intrinsic0007.png","/tmp/jl_XI59Ym/intrinsic0008.png","/tmp/jl_XI59Ym/intrinsic0009.png","/tmp/jl_XI59Ym/intrinsic0010.png","/tmp/jl_XI59Ym/intrinsic0012.png","/tmp/jl_XI59Ym/intrinsic0013.png","/tmp/jl_XI59Ym/intrinsic0014.png","/tmp/jl_XI59Ym/intrinsic0015.png","/tmp/jl_XI59Ym/intrinsic0016.png","/tmp/jl_XI59Ym/intrinsic0017.png","/tmp/jl_XI59Ym/intrinsic0018.png","/tmp/jl_XI59Ym/intrinsic0019.png","/tmp/jl_XI59Ym/intrinsic0020.png","/tmp/jl_XI59Ym/intrinsic0021.png","/tmp/jl_XI59Ym/intrinsic0022.png","/tmp/jl_XI59Ym/intrinsic0023.png"]}