{"intrinsic":{"linear":[1450.6098758573828,1450.6098758573828],"translation":[551.6453957095277,952.3918193305374]},"extrinsics":[{"linear":[0.617548812486599,-0.7859208020416607,0.03101543349018766,0.7842892728723193,0.6182846552044426,0.0511314149631342,-0.0593616092588484,-0.0072510728114039864,0.9982102089686739],"translation":[-5.559612497736852,6.821225942182029,39.78941936269589]},{"linear":[0.6175165012944049,-0.7859524445844731,0.03085653060225335,0.7843347025125752,0.6182445426736253,0.050919150511276295,-0.059096912471187174,-0.007241567922117997,0.9982259837483706],"translation":[-5.5594819478238975,6.821917916114441,39.79341887183878]},{"linear":[0.6175367348734859,-0.7859522783595694,0.030453197257363663,0.784322702762803,0.6182390352217799,0.05117023801873973,-0.05904472044684102,-0.007714367728127398,0.9982255303877523],"translation":[-5.55947824074316,6.822027237311469,39.79380626250876]},{"linear":[0.6174792243123501,-0.7859602450946594,0.031399055294089234,0.7843329244661572,0.6182388228230906,0.05101589509833861,-0.05950858039798851,-0.006873942468634767,0.9982041263058143],"translation":[-5.559202887180476,6.820971461072036,39.789498448011805]},{"linear":[0.6174389752486984,-0.7859971811663586,0.031265684741830765,0.7843955136190646,0.6181935794620519,0.0506001633019052,-0.05909983128673933,-0.006717850134825041,0.998229472832497],"translation":[-5.559362845714325,6.821633401801329,39.78972151840456]},{"linear":[0.617505586651624,-0.7859829677798821,0.03029232269012428,0.7843694660072787,0.6182004132680569,0.050919444524269414,-0.0587485425307725,-0.007682668490360853,0.9982432495916901],"translation":[-5.5593530711501336,6.823013293764618,39.789190249338844]},{"linear":[0.9558639572114345,-0.2884280947401133,0.055976150892011,0.28667993870405806,0.9573015879798574,0.037259661778933376,-0.06433279139548102,-0.019567928245760067,0.9977366326518409],"translation":[-0.06567933615822477,13.015122590345431,40.34631125200533]},{"linear":[0.8773472566371652,-0.4796909028025962,0.012586859801821629,0.4492594120096013,0.8303396952636,0.3296998198215149,-0.16860537355620597,-0.2836064672005601,0.9440019066559082],"translation":[4.825071721067943,-0.108079488666224,37.45506247469682]},{"linear":[0.9085763034090115,-0.25127137613220085,-0.33369416599671886,0.2632383573479783,0.9646824177461741,-0.009664373344079033,0.3243372752311301,-0.07906028350585195,0.9426318493810935],"translation":[-5.726695902455359,-5.641765244194902,36.042633929639244]},{"linear":[0.9416564870830026,-0.32980664292299355,0.06716128809339533,0.24300803163585183,0.8042665911589433,0.5423120383193076,-0.23287369300753546,-0.49435091648487756,0.8374885160260968],"translation":[-4.412544871824905,-2.0940209471161566,34.691194291380974]},{"linear":[0.8846274241780627,-0.16256547149082667,0.4370432334118113,0.17947803760989772,0.9837584370216299,0.002640379605272039,-0.4303742027675287,0.07610390967437228,0.8994366239621827],"translation":[-3.78418615073463,-3.8982276399365334,35.569876049472214]},{"linear":[0.9298542616610941,-0.17806702938653654,-0.3219676771294843,0.20288409422679773,0.9781704671079259,0.044950879720355344,0.3069350035112864,-0.10711988761810916,0.9456829454400721],"translation":[-2.8753456113258498,-2.444270681769611,29.466594638470237]},{"linear":[0.9711729325956144,-0.1864900335906237,0.148474248154359,0.23478189683238285,0.8560796320157407,-0.4604401422200092,-0.04123828213471635,0.4820260688169904,0.8751858505868428],"translation":[-3.0488344237482914,-2.662601978972757,29.07570734321197]},{"linear":[0.9547651423468143,-0.2202368871090589,0.19979798926910863,0.18886753218462285,0.9681076342382638,0.1646106430826461,-0.22967929433442114,-0.11942915090589695,0.965911020574845],"translation":[-3.7278635636720474,-3.871359985913327,34.586154978439545]},{"linear":[0.8199095565983489,-0.5724291194540728,0.008556997121281579,0.4965809081691546,0.7185484290917875,0.48692459035421704,-0.28487843133623936,-0.3949848835724719,0.8734020958920606],"translation":[-1.9384146625917338,-4.965757898198244,31.364726103516663]},{"linear":[0.9694500247238783,-0.2340311468993834,0.07345795970370451,0.12161140847918941,0.7186598949524162,0.6846448865760189,-0.2130195176282671,-0.6547956762746232,0.7251657103321137],"translation":[-6.269841673691932,-7.907017818324968,32.98698943669476]},{"linear":[0.9800641823386846,-0.193929096062783,0.04319379813211023,0.1101626291188664,0.7113415837217489,0.6941594531617741,-0.16534326004535138,-0.6755624745117996,0.7185241466986823],"translation":[-4.797607614055332,-7.660496469090699,33.01097591175596]},{"linear":[0.9508574129818732,-0.15624435644289159,0.26731606995683194,-0.014784478577943114,0.8394471873262233,0.5432401300376022,-0.3092759275640404,-0.5204960333853077,0.7958845895351683],"translation":[-4.821318294730739,0.906185279074173,20.080817758748285]},{"linear":[0.9659767723956774,-0.053461608783642485,-0.2530429441385285,0.10525739896223829,0.9749732212556173,0.19582670348588727,0.23624088375159347,-0.2157986891079512,0.9474287153256207],"translation":[-3.4395164084527323,1.3109026270770174,21.05193199587043]},{"linear":[0.9910989980210786,0.03735474975343095,-0.1277787102473353,-0.06917332964970838,0.9645828983596917,-0.25454838961814164,0.11374456728471341,0.26112153274457284,0.9585810964912348],"translation":[-3.8848025001244793,0.22190981224266712,21.260626715539576]}],"scale":{"linear":[0.25641025641025644,0.25641025641025644,0.25641025641025644]},"k":0.021598559425092586,"files":["/tmp/jl_pMaYnH/8.0 extrinsic.png","/tmp/jl_pMaYnH/intrinsic0001.png","/tmp/jl_pMaYnH/intrinsic0002.png","/tmp/jl_pMaYnH/intrinsic0003.png","/tmp/jl_pMaYnH/intrinsic0004.png","/tmp/jl_pMaYnH/intrinsic0005.png","/tmp/jl_pMaYnH/intrinsic0007.png","/tmp/jl_pMaYnH/intrinsic0009.png","/tmp/jl_pMaYnH/intrinsic0010.png","/tmp/jl_pMaYnH/intrinsic0011.png","/tmp/jl_pMaYnH/intrinsic0012.png","/tmp/jl_pMaYnH/intrinsic0013.png","/tmp/jl_pMaYnH/intrinsic0014.png","/tmp/jl_pMaYnH/intrinsic0015.png","/tmp/jl_pMaYnH/intrinsic0016.png","/tmp/jl_pMaYnH/intrinsic0017.png","/tmp/jl_pMaYnH/intrinsic0018.png","/tmp/jl_pMaYnH/intrinsic0020.png","/tmp/jl_pMaYnH/intrinsic0021.png","/tmp/jl_pMaYnH/intrinsic0022.png"]}