{"intrinsic":{"linear":[1520.9240800151829,1520.9240800151829],"translation":[597.7977056672344,891.5424068434991]},"extrinsics":[{"linear":[0.7351241898587377,-0.6744222056304209,0.06889930360412037,0.6752390951989732,0.7374627045208018,0.014174757695865865,-0.060370438125017085,0.036103296157868295,0.9975229131238694],"translation":[-5.789035155520994,13.463901509617898,41.90963762159737]},{"linear":[0.3762862942830167,-0.9263460453658124,0.017077147591894395,0.925467198009232,0.37667309005618316,0.04034660625712584,-0.04380742110300443,0.0006224649764707581,0.9990398002050054],"translation":[-6.066292545776577,6.135666586463273,41.69158899232197]},{"linear":[0.3762988540959266,-0.9263183144473952,0.01826342589518987,0.9255136825789745,0.37673446216564005,0.038672579121015196,-0.04270358023863871,0.0023506033485933067,0.9990850208559328],"translation":[-6.067010732291652,6.1354347151034885,41.706343034107576]},{"linear":[0.3761658276323816,-0.926396595415159,0.016988764665148117,0.9256152308921171,0.37654663998292826,0.03806668173218744,-0.04166190660757309,0.001405674489096169,0.9991307770342441],"translation":[-6.06663981281829,6.138906306463097,41.70490214329764]},{"linear":[0.2846802683883228,-0.8675926901772978,-0.4077254820847873,0.9572462438579287,0.2800603145895533,0.07242823214664126,0.05134952200595247,-0.4109125748172233,0.910227489393086],"translation":[-5.972799317750854,7.357239170239707,39.69206240384794]},{"linear":[0.28503642721403905,-0.9578294307915406,0.03629072430538191,0.8300132294646066,0.2655826626218358,0.4904527380170596,-0.479408254074531,-0.10967511488140602,0.8707118324112519],"translation":[-4.834665705291425,7.105266779371885,37.67967945352074]},{"linear":[0.26568291386323517,-0.7338473750775043,0.6252044620546124,0.9243284090041282,0.37816361177100843,0.0510810634208308,-0.2739152817734669,0.5643228799403428,0.778787586949612],"translation":[-5.975540211740873,4.6450246948496785,36.43254622292258]},{"linear":[0.2977313754807727,-0.9539880815860158,-0.03553545055519394,0.8190454846482946,0.2743855116860477,-0.5038621687069054,0.4904289164920512,0.12091042621965775,0.8630528064375977],"translation":[-6.41285461372058,6.55440874811223,39.537761706133544]},{"linear":[0.7350082027529703,-0.6745254397485254,0.06912577679785392,0.6753846523237537,0.7373399174598463,0.013616810413210617,-0.060154079590420566,0.03667802138018611,0.9975150171582701],"translation":[-5.790322937239146,13.464742853530188,41.90943853227412]},{"linear":[0.19209726865192345,-0.980161390788012,0.04880868145095589,0.9799375059640616,0.19427010036132997,0.044515306474666075,-0.05311425214954468,0.03927818878345743,0.9978156643912169],"translation":[4.607333256623306,4.368199287366646,42.070586558846365]},{"linear":[0.12772114361877224,-0.9917422931968114,0.011598851557075976,0.990224821589873,0.1281692258992964,0.055022288571809894,-0.05605454647053472,0.004457961092839316,0.9984177554525349],"translation":[4.851511143495544,4.562377922695636,42.15898999746691]},{"linear":[0.07323463297320337,-0.9972425711373656,0.01199761828933697,0.9955842347495243,0.07381063767069368,0.05800018348979254,-0.05872580396626523,0.0076970174731530415,0.9982444770047734],"translation":[2.8251234868960236,5.033856600547096,42.07911047313427]},{"linear":[0.040796094335263655,-0.9974510396720464,-0.05854145662811975,0.996227697363977,0.03611501080638102,0.07890551944777505,-0.07659016707030027,-0.06153965755192927,0.9951617038735638],"translation":[-8.39782656543878,-4.007603718696087,41.082179384454776]},{"linear":[0.99290926707209,0.0824629451544897,0.08562155125207893,-0.08538767743395777,0.995863191376156,0.031071668840471005,-0.08270508995702222,-0.03816237333480637,0.9958431108144774],"translation":[-13.18742879596866,5.380638980170196,40.66825115384333]},{"linear":[0.985901486604414,-0.03249803049143289,0.16414060047832227,0.0332596115961572,0.9994449534731915,-0.0018929377810904735,-0.16398797805839024,0.007325502791495772,0.986435137280284],"translation":[-11.191136565055709,4.189545883529971,40.675848927673435]},{"linear":[0.9415916849046643,-0.09474077112243184,0.32315520296836053,0.1885050914932611,0.943464013386475,-0.27265635133956156,-0.27905363176191156,0.31764735435985003,0.906216987740064],"translation":[-8.496519646946012,4.678140062436397,34.68463295485106]},{"linear":[0.823846788831587,-0.4912280493210308,-0.2827922772851784,0.5358526441719353,0.8376216342506964,0.10607516942780651,0.18476583089366802,-0.23892467724253094,0.9532977427533986],"translation":[-2.5992416516124823,2.093720475305116,29.065866383012626]}],"scale":{"linear":[0.25641025641025644,0.25641025641025644,0.25641025641025644]},"k":-0.036712169122711746,"files":["/tmp/jl_EZKB4L/71.0 extrinsic.png","/tmp/jl_EZKB4L/intrinsic0004.png","/tmp/jl_EZKB4L/intrinsic0006.png","/tmp/jl_EZKB4L/intrinsic0007.png","/tmp/jl_EZKB4L/intrinsic0009.png","/tmp/jl_EZKB4L/intrinsic0010.png","/tmp/jl_EZKB4L/intrinsic0011.png","/tmp/jl_EZKB4L/intrinsic0012.png","/tmp/jl_EZKB4L/intrinsic0013.png","/tmp/jl_EZKB4L/intrinsic0014.png","/tmp/jl_EZKB4L/intrinsic0015.png","/tmp/jl_EZKB4L/intrinsic0016.png","/tmp/jl_EZKB4L/intrinsic0017.png","/tmp/jl_EZKB4L/intrinsic0018.png","/tmp/jl_EZKB4L/intrinsic0019.png","/tmp/jl_EZKB4L/intrinsic0020.png","/tmp/jl_EZKB4L/intrinsic0021.png"]}