{"intrinsic":{"linear":[1421.900691108171,1421.900691108171],"translation":[539.634200231801,959.5009570532586]},"extrinsics":[{"linear":[-0.617018489130185,0.7860337027291664,-0.037936819125758095,-0.7843014004924049,-0.6181787358812421,-0.05221459269133499,-0.06449416452018178,-0.0024634687223963926,0.9979150435105675],"translation":[2.7306372764763718,7.807249336968165,39.447321497952544]},{"linear":[-0.6181211591053895,0.784994257677184,-0.0413551457506379,-0.7830327814948443,-0.6195000695056594,-0.055491683943906606,-0.06918016891174072,-0.0019181491938707954,0.9976023380751535],"translation":[2.7303756699939306,7.822371418452239,39.49906369339738]},{"linear":[-0.6179260206913679,0.7850521274029847,-0.04313455937620054,-0.7831459790074178,-0.6194297032323849,-0.054673744319852446,-0.06964056660484659,-3.672532135536727e-6,0.9975721485032891],"translation":[2.729095128622784,7.825379343713056,39.51339600510557]},{"linear":[-0.6183259661261933,0.7850158149717894,-0.03772492356899501,-0.7829432349120484,-0.6194476220750649,-0.0573108577060578,-0.06835854386663077,-0.00590031776470025,0.9976433710152686],"translation":[2.7296427629721265,7.8213886597956215,39.494421578418184]},{"linear":[-0.6172082410482191,0.7858683005276188,-0.038275336811001155,-0.7841542500629912,-0.6183905706616106,-0.05191545266060405,-0.06446781592633131,-0.002028877186934508,0.9979177242473696],"translation":[2.7304566194293702,7.8105126669491,39.45219346286828]},{"linear":[-0.6173177659998733,0.785961003175324,-0.03441042383586214,-0.7842835643210168,-0.6182571668924235,-0.05154964909749905,-0.06179050507033394,-0.004834984363158674,0.9980774300671069],"translation":[2.7305558760808353,7.811536604148327,39.446781239423366]},{"linear":[-0.9558176630583631,0.28788447357008917,-0.059456916022627884,-0.2863865986719244,-0.9575619226557386,-0.03252507311246533,-0.06629714237261909,-0.014060375425916375,0.9977008543426766],"translation":[6.092045585257151,18.347387922730928,39.89770971190948]},{"linear":[-0.8772035290583338,0.48008451544805786,-0.005729453255675462,-0.45263766102758085,-0.8309146446876227,-0.32357379539005166,-0.16010345538771587,-0.2812467089063367,0.9461855908342023],"translation":[11.840183970999194,3.6003673256692488,39.11465586613634]},{"linear":[-0.9074895707456958,0.2455594376306559,0.34082728995535094,-0.26126820044113996,-0.9652662263374979,-0.00019932489718771373,0.3289401258983786,-0.08922821797325296,0.9401259057654334],"translation":[0.03514303348042256,-0.04703365844519018,33.98863929142255]},{"linear":[-0.9419119715320136,0.3305384216007969,-0.05954989278184099,-0.24677139375085183,-0.8013742174300084,-0.5448882847563373,-0.22782826231821407,-0.49854158852005026,0.8363913960610592],"translation":[1.370944167915429,2.0289819983447526,37.9835282427701]},{"linear":[-0.885481611044412,0.16409136677097053,-0.43473709279681627,-0.17729012221968854,-0.9841042952528661,-0.010341596984401475,-0.4295236071108557,0.06791729835685976,0.9004980352662547],"translation":[1.303024107468626,2.1619580608809796,36.60377374531133]},{"linear":[-0.9290854005156622,0.17622906959571258,0.3251824619780121,-0.20192743193616178,-0.9782835630896648,-0.04676090696572045,0.30988002643009854,-0.10910813543462054,0.9444944594870116],"translation":[2.4930706915058654,3.55406684903693,27.91947740244714]},{"linear":[-0.9716662425213661,0.18602061823648966,-0.14581166872141518,-0.2328352619556959,-0.8594381169282465,0.4551415867187397,-0.04065038664554154,0.47619581346515827,0.8783991651315614],"translation":[2.7015972293029544,2.4601369693111335,25.945418688291088]},{"linear":[-0.9574686472245488,0.22132735897101596,-0.18511615205839793,-0.19174388065006437,-0.9674788434676962,-0.16498173133914928,-0.2156109315764086,-0.12246994575537457,0.9687688261765184],"translation":[1.7250518594784097,1.8482166186931808,35.82363159717387]},{"linear":[-0.8201139655982863,0.5721407504426171,0.008248946212184749,-0.50248187086327,-0.7132180377820867,-0.48870440967523276,-0.27372441046497953,-0.40493825734947375,0.8724104279812172],"translation":[5.113669198002265,-2.4024771028867966,34.113725916651845]},{"linear":[-0.9704857689676164,0.23238943645375104,-0.06444006561171671,-0.12545184792567554,-0.7147032375956621,-0.6880851081242143,-0.20595923403277533,-0.659692679961652,0.7227630053632006],"translation":[-1.2323378370318052,-3.995748696144105,37.326731996612104]},{"linear":[-0.9806095827144337,0.19294834663617944,-0.03428967510766773,-0.1146141008594731,-0.7065903891311113,-0.6982790487131341,-0.15896054281738972,-0.6808090462955891,0.7150039078979158],"translation":[0.2014622789257103,-3.6497224857037978,37.33044251287693]},{"linear":[-0.9512702856832433,0.15869362049981592,-0.264388309856507,0.012802845586503159,-0.8363405065177745,-0.5480608034720965,-0.30809240613979455,-0.5247388797966587,0.7935541426448097],"translation":[-0.9213752408103069,6.02648531916364,24.41781346962143]},{"linear":[-0.9642547649139854,0.05484528319954014,0.25923877651971206,-0.10727849694737875,-0.9753808326302198,-0.1926747399901986,0.24228923301167601,-0.21359828240962433,0.9463993350157598],"translation":[1.3353844073697432,7.821515119971237,20.942448374965284]},{"linear":[-0.9900774680979906,-0.03608271073754807,0.13581106416821245,0.06974372051672358,-0.9652110144915048,0.2519990296663156,0.12199352693137878,0.25897053015760285,0.9581502199012076],"translation":[-0.246160285152273,7.020987446875064,18.52056315791999]}],"scale":{"linear":[0.25641025641025644,0.25641025641025644,0.25641025641025644]},"k":0.01293114466300487,"files":["/tmp/jl_v5rqCu/8.0 extrinsic.png","/tmp/jl_v5rqCu/intrinsic0001.png","/tmp/jl_v5rqCu/intrinsic0002.png","/tmp/jl_v5rqCu/intrinsic0003.png","/tmp/jl_v5rqCu/intrinsic0004.png","/tmp/jl_v5rqCu/intrinsic0005.png","/tmp/jl_v5rqCu/intrinsic0007.png","/tmp/jl_v5rqCu/intrinsic0009.png","/tmp/jl_v5rqCu/intrinsic0010.png","/tmp/jl_v5rqCu/intrinsic0011.png","/tmp/jl_v5rqCu/intrinsic0012.png","/tmp/jl_v5rqCu/intrinsic0013.png","/tmp/jl_v5rqCu/intrinsic0014.png","/tmp/jl_v5rqCu/intrinsic0015.png","/tmp/jl_v5rqCu/intrinsic0016.png","/tmp/jl_v5rqCu/intrinsic0017.png","/tmp/jl_v5rqCu/intrinsic0018.png","/tmp/jl_v5rqCu/intrinsic0020.png","/tmp/jl_v5rqCu/intrinsic0021.png","/tmp/jl_v5rqCu/intrinsic0022.png"]}