{"intrinsic":{"linear":[1551.1307793049596,1163.348049808246],"translation":[554.680513517561,716.501014129116]},"extrinsics":[{"linear":[-0.9404668113745247,0.15349490253471285,0.3032515318986755,-0.15001195077599114,-0.9880681690206494,0.03489567297765213,0.3049894937984192,-0.012673131579867353,0.9522713901029178],"translation":[1.6409688707483123,2.5549881297177506,38.8625061626106]},{"linear":[-0.8854097099087762,0.3629065788861631,0.29042806441595465,-0.350063422447834,-0.9316916368117366,0.09698605136397934,0.3057862748119447,-0.01579585060097046,0.9519691409076376],"translation":[2.478702955874113,-0.503985101458203,38.580123524687615]},{"linear":[-0.8853815865214089,0.3629875225027434,0.29041264565468466,-0.35000864016905414,-0.9316668581986973,0.09742082498715536,0.30593038106053255,-0.015392330606141438,0.9519294501708983],"translation":[2.4781675090372097,-0.5031628512024636,38.56890848840852]},{"linear":[-0.9407838142056093,0.15314578476878876,0.3024436865538738,-0.14963240425533525,-0.9881255385647751,0.03490076837036023,0.3041972362226751,-0.012421297984729159,0.9525280850614648],"translation":[1.6446023525286941,2.5560857928523824,38.86740531526534]},{"linear":[-0.951585749738032,0.04876037081232815,0.3034913295857929,-0.04861299953227755,-0.9987852862974712,0.008045380796075965,0.3035149702600893,-0.007097754146442526,0.9528002333721872],"translation":[5.497130942836834,2.9524310903282736,37.603084774215795]},{"linear":[-0.9653759525760425,0.059720734244973615,0.2539344484097025,-0.06417808892759885,-0.9978951496038785,-0.009297488835938039,0.2528447015254617,-0.02527259975337745,0.967176743213052],"translation":[5.526034647574113,3.0149059596258314,37.74223355855597]},{"linear":[-0.8310469781645136,0.08369432533090121,0.5498692389932682,-0.08552245585069554,-0.9960853713093207,0.02235716012463787,0.5495878725271297,-0.028446317353536865,0.8349514820635542],"translation":[4.393491235146736,2.407118532324445,34.668787447783835]},{"linear":[-0.9665727699589287,0.10979664055367928,0.23169328453162022,-0.11418973091361524,-0.9934432137999086,-0.0055934165574851365,0.22955998285372023,-0.03186343795065994,0.9727728077995214],"translation":[5.167345193572458,2.32095668499543,37.58870719441892]},{"linear":[-0.9675906554073062,0.0044390459451038745,0.25248488754687254,-0.010784808372346869,-0.9996596391961922,-0.02375486624905421,0.2522935026448984,-0.02570798773214183,0.9673091997339488],"translation":[-0.9047919802513242,2.8916184347192693,39.79024048407554]},{"linear":[-0.9500823438241722,-0.027746100343928517,0.3107630831827878,0.024345397632838103,-0.9995937908105702,-0.014817387996988231,0.3110479730968627,-0.0065120878878390225,0.9503719014910292],"translation":[-0.930981571211323,2.83875437190431,39.45452635370246]},{"linear":[-0.7476667477970865,0.0034204143855386393,0.6640653092911563,-0.029684386818577026,-0.999159325562339,-0.028275065358315855,0.6634103341203942,-0.04085269767399875,0.7471397363780246],"translation":[-2.2949651446999724,2.6383784273942346,36.67591866264078]},{"linear":[-0.9652379929902172,0.026871634478126575,0.2599875615268759,-0.07651484345664027,-0.9801750529191031,-0.18276308261199514,0.24992217912586903,-0.19630277862401002,0.9481582797642331],"translation":[-0.7278519967261926,2.7981690294825237,39.26887057866254]},{"linear":[-0.9601430294141167,0.08770990254038283,0.2653909117958617,-0.08445925318036984,-0.9961460144782751,0.023659086864496123,0.26644323526728253,0.0003013891241131616,0.9638505649450536],"translation":[-6.801733353712671,4.464138071771665,41.51320534749513]},{"linear":[-0.9824481824273595,0.0713236494435018,0.1723615556765427,-0.07371507865914291,-0.997251099201442,-0.007505485979727534,0.17135243220758156,-0.020079396693525934,0.9850051582631281],"translation":[-8.816828423536968,4.565883418489492,41.85554644239634]},{"linear":[-0.9599730421215742,0.0879330115074635,0.26593146464282486,0.006876925489143371,-0.941756162064333,0.336226172553051,0.28000797541439154,0.3245968525742132,0.9034558190654635],"translation":[-9.661809467016038,4.0549131671272445,39.327980903975224]},{"linear":[-0.8739126228118503,0.058281005318247744,0.482576472809447,-0.0902354345740267,-0.9949810905013808,-0.04324576154861262,0.4776340587074472,-0.08133851463960536,0.87478554629056],"translation":[-9.101199553409945,4.953314295895939,41.09591690679375]},{"linear":[-0.9580841722502096,0.05827762681092909,0.28049676842508675,-0.09605558554081216,-0.9877631846171583,-0.12287072719480992,0.2699037668689387,-0.14466378029159807,0.9519581646804138],"translation":[-1.7215333179754055,10.405399154017669,40.11685570158166]},{"linear":[-0.9966998413389961,0.044277802280810824,0.06803603824445695,-0.04626681253714522,-0.9985382522080238,-0.0279417418032172,0.06669938779683399,-0.030997340249228116,0.9972915103243389],"translation":[-1.8745182098395032,10.245834786061415,39.62134371373614]},{"linear":[-0.960885451426802,0.03247452555357648,0.2750355512045325,-0.05081198393484018,-0.9969156404904761,-0.05981093573979098,0.2722449109256525,-0.07144655999790311,0.9595718303178504],"translation":[-2.154844575000599,9.645889255885928,40.43862944454958]},{"linear":[-0.9544152415006436,0.007762383426928433,0.2983811190320215,-0.009593857393308666,-0.9999430549900957,-0.004673828986077559,0.29832784766358117,-0.007323399525328994,0.9544353635148938],"translation":[-2.2672344781936173,-3.3550372168304383,40.097531413522965]},{"linear":[-0.8465335680001145,0.032759191165223904,0.5313264096985915,-0.04498424284054162,-0.9989368303609292,-0.010081014062239607,0.5304312737245593,-0.032435233044641576,0.8471072066227987],"translation":[-2.866968896422016,-3.2668617353924807,38.20158289485873]},{"linear":[-0.961618157211602,0.029612793796863598,0.2727885667774714,-0.06743692931375521,-0.9891727095974903,-0.13034420260330176,0.2659751497521791,-0.14373737520597568,0.9532034340492077],"translation":[-2.0023455964399126,-3.160986931208278,39.76079044159003]},{"linear":[-0.9568989907764411,-0.0950939445703964,-0.2744111206876827,0.11569818242072454,-0.9914786993330846,-0.059865844630429474,-0.2663799017110118,-0.0890344342084362,0.9597471633141796],"translation":[-2.225192121593869,2.642881435618305,35.44111334806357]},{"linear":[-0.9729086969462266,-0.0698910728377372,0.2203721973026211,0.03683526656173816,-0.9878947220863534,-0.1506890215352538,0.2282363479897997,-0.13848919095552767,0.9637058230833527],"translation":[-1.951449333725364,2.495497288570471,32.32168390580134]},{"linear":[-0.973701897618611,-0.09022783567686332,0.20919740018218397,0.08990096107793102,-0.9958889552215134,-0.011090809937364974,0.20933808007904392,0.008007904649243256,0.9778105346599353],"translation":[1.2086168339363874,2.9029570214116482,29.136425974034502]},{"linear":[-0.9739196081476823,-0.06258717068266954,0.21809044667615193,0.06258174923315553,-0.9980157169448028,-0.006939264663468285,0.2180920024402168,0.006890195722155727,0.9759038905929861],"translation":[-1.0237790184511757,2.6434828320307697,28.763098386115622]},{"linear":[-0.9993101303270435,-0.037054476156581535,0.0024958410423789315,0.03695294759344913,-0.9987794724091926,-0.032772628185285015,0.003707167369204593,-0.03265779065975629,0.9994597168567227],"translation":[0.3509262358580762,2.468587909868404,28.012563533215996]}],"scale":{"linear":[0.25641025641025644,0.25641025641025644,0.25641025641025644]},"k":0.05589521705015272,"files":["/tmp/jl_LWq751/11.0 extrinsic.png","/tmp/jl_LWq751/intrinsic0001.png","/tmp/jl_LWq751/intrinsic0002.png","/tmp/jl_LWq751/intrinsic0003.png","/tmp/jl_LWq751/intrinsic0004.png","/tmp/jl_LWq751/intrinsic0005.png","/tmp/jl_LWq751/intrinsic0006.png","/tmp/jl_LWq751/intrinsic0007.png","/tmp/jl_LWq751/intrinsic0008.png","/tmp/jl_LWq751/intrinsic0009.png","/tmp/jl_LWq751/intrinsic0010.png","/tmp/jl_LWq751/intrinsic0011.png","/tmp/jl_LWq751/intrinsic0012.png","/tmp/jl_LWq751/intrinsic0013.png","/tmp/jl_LWq751/intrinsic0014.png","/tmp/jl_LWq751/intrinsic0015.png","/tmp/jl_LWq751/intrinsic0016.png","/tmp/jl_LWq751/intrinsic0017.png","/tmp/jl_LWq751/intrinsic0018.png","/tmp/jl_LWq751/intrinsic0019.png","/tmp/jl_LWq751/intrinsic0020.png","/tmp/jl_LWq751/intrinsic0021.png","/tmp/jl_LWq751/intrinsic0022.png","/tmp/jl_LWq751/intrinsic0023.png","/tmp/jl_LWq751/intrinsic0024.png","/tmp/jl_LWq751/intrinsic0025.png","/tmp/jl_LWq751/intrinsic0026.png"]}