{"intrinsic":{"linear":[[10165.851701815856,0.0],[0.0,13554.468935754474]],"translation":[1007.4513595023535,605.408556567881]},"extrinsics":[{"linear":[[-0.9658990137789444,0.12125095023374195,-0.2287734736552245],[-0.2571176252224596,-0.553227448498732,0.7923571903046921],[-0.030489702865489868,0.8241587209360816,0.5655376032804331]],"translation":[-8.567280501818408,4.391859878910765,257.1885247680353]},{"linear":[[-0.9661329921613604,0.12051011379849765,-0.22817614671479003],[-0.25621085361761015,-0.5532213437225101,0.7926551225712197],[-0.030708955466960952,0.824271470646736,0.5653613912640256]],"translation":[-8.579609939263912,4.398074691446003,257.46275623009694]},{"linear":[[-0.966246587259637,0.12221371210126054,-0.22678479045900518],[-0.2559906234417515,-0.554308029435469,0.7919667980498113],[-0.02891942805465013,0.82328999573528,0.5668838060865687]],"translation":[-8.579829340010944,4.396901948525404,257.4672069696461]},{"linear":[[-0.9664196371587209,0.12196514468573165,-0.22618043327351428],[-0.2554020526687012,-0.5529493940502903,0.7931057679225582],[-0.02833507378885873,0.8242399353957592,0.5655313010719872]],"translation":[-8.566357239392389,4.3884435646321025,257.0863406179741]},{"linear":[[-0.9824368464102952,0.12717436215003938,0.1365449538691359],[-0.1850308792806805,-0.5694049224518442,-0.800962925484212],[-0.02411258028523823,-0.8121605234800197,0.58293556039467]],"translation":[-8.753576115453415,4.44790255789154,261.5096979771083]},{"linear":[[-0.9666852933014087,0.12154720909646734,-0.22526832816805242],[-0.25448527575174035,-0.5509587833309859,0.7947840357581427],[-0.027509782629646276,0.8256335113301178,0.5635357280850702]],"translation":[-8.52451358243904,4.394504940886073,256.42443994413094]},{"linear":[[-0.9999876043659324,0.0017520707325774198,-0.004660618267071733],[0.0028452178463584297,-0.5670815639858772,-0.8236567273583929],[-0.004086055541727328,-0.8236597780852718,0.5670695496274072]],"translation":[-5.716876278278369,3.8783413416258568,248.6574658536261]},{"linear":[[-0.9981477018531804,0.005027247099903931,0.06062913550274987],[-0.05465867040716942,-0.5116961057172809,-0.8574261047711863],[0.02671319963116957,-0.8591518039208005,0.511023074611215]],"translation":[-4.63321744148612,4.094673959260953,235.39228035609804]},{"linear":[[-0.9999742034272829,-0.0013978177079001421,-0.007045465607473107],[-0.005052879785559861,-0.5602402380699703,0.8283147614603856],[-0.005104986370528931,0.8283289936691569,0.5602187227870897]],"translation":[-4.381932252485053,3.8931236620877416,231.79859350737522]},{"linear":[[-0.9978370620785776,0.016198773660365085,-0.06370869072813655],[-0.05916767304632169,-0.643603318789346,0.7630687744296861],[-0.028642346424074053,0.7651877990240304,0.643169688508471]],"translation":[-6.247024641961735,4.586363406122708,269.6213848953226]},{"linear":[[-0.9999186845806265,-0.0045502743366151325,-0.011912985772305271],[-0.007420968850196357,-0.5520854471864399,0.8337545131669591],[-0.010370797841729508,0.8337751219653956,0.5520067866826601]],"translation":[-5.0460008225062625,3.996274019511677,241.61622037054192]},{"linear":[[-0.9997119695025586,0.020263050023647786,0.012860281375415786],[-0.022221128347833147,-0.5790876659716672,-0.8149623896686499],[-0.009066393343818962,-0.8150134256091898,0.579371138898469]],"translation":[-11.500984287618806,4.491356011844265,262.57726718079374]},{"linear":[[-0.9956238759663427,0.034333478530226696,-0.08691553289125976],[-0.09169332483676138,-0.5384465954073463,0.83765601416967],[-0.018039727995104407,0.8419599017448828,0.5392384371199912]],"translation":[-10.104372267367102,4.055528113261176,229.3583365537793]},{"linear":[[-0.9964327936878443,0.023042570456716222,0.08118329637422864],[0.05681357348436693,-0.5281713702522008,0.8472350450222476],[0.062401166105891116,0.8488250959960247,0.5249781432364258]],"translation":[-11.859824251819374,3.843661830559468,241.7769324208262]},{"linear":[[-0.9982868106273457,0.052626096368000884,0.025572205781814218],[-0.05157518124811087,-0.5850768711097649,-0.8093361820477517],[-0.027630497764355992,-0.8092685270498742,0.5867887240905543]],"translation":[-12.441875943089265,4.461180042646079,268.81100367653545]},{"linear":[[-0.984166500880165,0.06505462541875102,-0.16487629986422647],[-0.17288194222214048,-0.5574790799642356,0.8119907077397684],[-0.03909133662069923,0.8276381885303842,0.5598990054352229]],"translation":[-20.264399291497625,5.15873752839073,266.8609359811369]},{"linear":[[-0.9856589432483845,0.0625173580344092,-0.15674191379103103],[-0.16439096968803363,-0.5654738894523148,0.8082171053823959],[-0.03810586148488867,0.8223933732053466,0.5676416854217331]],"translation":[-20.567060665984794,5.193600089381589,270.613976108796]},{"linear":[[-0.9894385431431899,0.05563243605145276,-0.13385216248407372],[-0.14370811522315935,-0.49724303938711284,0.8556268680915023],[-0.018956449079113195,0.8658258438277567,0.49998626100950394]],"translation":[-17.80424752626231,4.453041073007612,227.74841650828097]},{"linear":[[-0.9951753961793984,0.0819935480347556,0.053879392348554316],[-0.09773647533513195,-0.7805104048837628,-0.6174553338155317],[-0.00857392723565862,-0.619742338354301,0.7847585117874802]],"translation":[-29.002148649592282,6.983602294864797,352.12200645766364]},{"linear":[[-0.9755690181694864,0.0763524574398119,0.205998526768339],[-0.2155998423161652,-0.5128941544187517,-0.8309369978261398],[0.0422113584366704,-0.8550496410185642,0.5168252244356457]],"translation":[-11.87543691048488,8.62086660434241,251.1512302389746]},{"linear":[[-0.9958702362284197,0.08541459831047196,0.030770423945928237],[-0.07369704779625591,-0.5626141312945678,-0.8234282509203671],[-0.05302091795195369,-0.8222953761654747,0.5665854715719534]],"translation":[-11.516039202751422,8.231759167248894,243.4423424921625]},{"linear":[[-0.9840167342993031,0.10132114511854115,0.1464414291476373],[-0.1780760027949245,-0.5601692418072094,-0.8090113458794743],[6.202835639565474e-5,-0.8221584069295915,0.5692587724993611]],"translation":[-11.966393300695591,8.406872538881132,257.6648652027757]},{"linear":[[-0.9514287185329408,0.20333203531591953,0.23116980115285962],[-0.3063468373755503,-0.5506863874249022,-0.776463854879871],[-0.030577913283367675,-0.809568147915416,0.5862289698573746]],"translation":[-15.247255908651534,1.1426692578146964,270.3978901239502]},{"linear":[[-0.9371740846760794,0.16544945463232402,-0.3071338681640616],[-0.348089272381718,-0.5020413272228534,0.7916996679379635],[-0.023207616515246277,0.8488704163311278,0.5280913015885595]],"translation":[-13.869161619219177,0.41846398375391913,236.441952148829]},{"linear":[[-0.9447078477549139,0.2153777899824606,0.24726400864774042],[-0.3258947344915738,-0.5331397596437176,-0.7807397893778092],[-0.03632773624856586,-0.8181530445273124,0.5738518025673044]],"translation":[-15.203747686659106,0.4946283022950096,266.9581392331717]},{"linear":[[-0.9812229772703482,0.1924247637971788,-0.0131976950379145],[-0.1010018273691248,-0.45432910345594324,0.8850896545667091],[0.1643170707650649,0.8698032973210201,0.46523340832819593]],"translation":[-16.273872385545857,-0.38076250897947717,249.91165039220505]},{"linear":[[-0.9594106888856059,0.1338289467895537,0.24823566031746125],[-0.2812643263801959,-0.5181608796640014,-0.8077126230855397],[0.02053067845790442,-0.8447479599188311,0.534770395080946]],"translation":[-10.38265286799731,2.80402141565468,211.9968144354798]},{"linear":[[-0.9664360977671381,0.12437423813091218,-0.22479394525204988],[-0.2566388316927601,-0.5073620613872407,0.8226300801285258],[-0.011737929970893943,0.852710260026373,0.5222522699287706]],"translation":[-9.99149781184244,2.926772345995319,191.0114955098027]},{"linear":[[-0.8735438369592954,0.2646337364549468,-0.4085219093761385],[-0.48648937050925867,-0.5019012989710478,0.7151385729162428],[-0.01578788434013287,0.8234464594744876,0.5671742863415037]],"translation":[-6.111223947319782,2.977856793164347,203.5668018391336]},{"linear":[[-0.9626501638304523,0.13507255955272873,-0.23464881361958403],[-0.26920315958718827,-0.569971757130004,0.7763129877455426],[-0.028884614338408526,0.8104860268567315,0.5850453651850522]],"translation":[-13.85961670061142,4.209018388266816,211.596313009339]},{"linear":[[-0.9873014493316452,0.12234740015275582,-0.10132601750534516],[-0.15203647482171193,-0.5428319074980164,0.8259651509148865],[0.04605169346961109,0.8308818411049347,0.5545399964390797]],"translation":[-13.879782752994574,3.74807845152471,203.5115636206366]},{"linear":[[-0.9698771145039801,0.15023593180426548,0.19174865724780848],[-0.2431044939037772,-0.5470497284519873,-0.8010223465324766],[-0.01544628774889907,-0.823508202385083,0.5670940422886377]],"translation":[-10.553736656670834,2.8741825420131453,217.33025671682424]},{"linear":[[-0.9480447138781806,0.20911368244238993,0.23975547606472405],[-0.31632199687796414,-0.5392124275731801,-0.7805064716206879],[-0.03393545017789537,-0.8157949655189235,0.5773447492228558]],"translation":[-10.299701163327981,2.8855861024806266,177.20330114988542]},{"linear":[[-0.8877079224560154,0.24013474306851634,0.3928230512333031],[-0.4603858874120774,-0.4711599588201524,-0.7523650230283077],[0.004413511144048615,-0.8487305805589955,0.5288070749747694]],"translation":[-7.191927266274866,1.9914029251312506,166.35236544711793]},{"linear":[[-0.9184592276768718,0.24250097356053846,0.3124514761005214],[-0.3943882359191545,-0.5019202953497192,-0.7697622597170035],[-0.029842360224704018,-0.8302224370241034,0.556632857993469]],"translation":[-7.026034165160107,2.146535598957244,176.2206187384917]},{"linear":[[-0.9244998968553854,0.23756161948691257,0.29810135467846677],[-0.3795966322116191,-0.5025150484186865,-0.7767786189940875],[-0.03473237003111704,-0.8312900234331699,0.5547527011313249]],"translation":[-6.65285994888177,2.431602136074279,144.02575588516646]},{"linear":[[-0.7700207843601815,0.2940417379813036,0.566222083619374],[-0.6244541809550661,-0.5293587495848289,-0.5743137558214361],[0.13086239926376309,-0.7958132761916711,0.5912328322209539]],"translation":[-5.250688974308049,1.9831777220188722,172.9094318458075]}],"scale":{"linear":[[0.25641025641025644,0.0,0.0],[0.0,0.25641025641025644,0.0],[0.0,0.0,0.25641025641025644]]},"k":[-6.4099900041841,0.0,0.0],"files":["/tmp/jl_cChYo5/2.0 extrinsic.png","/tmp/jl_cChYo5/intrinsic0001.png","/tmp/jl_cChYo5/intrinsic0002.png","/tmp/jl_cChYo5/intrinsic0003.png","/tmp/jl_cChYo5/intrinsic0004.png","/tmp/jl_cChYo5/intrinsic0005.png","/tmp/jl_cChYo5/intrinsic0006.png","/tmp/jl_cChYo5/intrinsic0007.png","/tmp/jl_cChYo5/intrinsic0008.png","/tmp/jl_cChYo5/intrinsic0009.png","/tmp/jl_cChYo5/intrinsic0010.png","/tmp/jl_cChYo5/intrinsic0011.png","/tmp/jl_cChYo5/intrinsic0012.png","/tmp/jl_cChYo5/intrinsic0013.png","/tmp/jl_cChYo5/intrinsic0014.png","/tmp/jl_cChYo5/intrinsic0015.png","/tmp/jl_cChYo5/intrinsic0016.png","/tmp/jl_cChYo5/intrinsic0017.png","/tmp/jl_cChYo5/intrinsic0018.png","/tmp/jl_cChYo5/intrinsic0019.png","/tmp/jl_cChYo5/intrinsic0020.png","/tmp/jl_cChYo5/intrinsic0021.png","/tmp/jl_cChYo5/intrinsic0022.png","/tmp/jl_cChYo5/intrinsic0023.png","/tmp/jl_cChYo5/intrinsic0024.png","/tmp/jl_cChYo5/intrinsic0025.png","/tmp/jl_cChYo5/intrinsic0026.png","/tmp/jl_cChYo5/intrinsic0027.png","/tmp/jl_cChYo5/intrinsic0028.png","/tmp/jl_cChYo5/intrinsic0029.png","/tmp/jl_cChYo5/intrinsic0030.png","/tmp/jl_cChYo5/intrinsic0032.png","/tmp/jl_cChYo5/intrinsic0033.png","/tmp/jl_cChYo5/intrinsic0034.png","/tmp/jl_cChYo5/intrinsic0035.png","/tmp/jl_cChYo5/intrinsic0036.png","/tmp/jl_cChYo5/intrinsic0037.png"]}