{"intrinsic":{"linear":[1430.5859684965699,1430.5859684965699],"translation":[513.5433977642215,991.5246708120757]},"extrinsics":[{"linear":[-0.9463347727360023,0.3231783177746641,-0.0025045620448422715,-0.3228812492545402,-0.9457456870589454,-0.036232503215071425,-0.014078238189693011,-0.03347940157381692,0.999340248804046],"translation":[-4.915103438854822,8.153921164618898,40.51690354676858]},{"linear":[-0.986508944669139,0.15428667817651875,-0.05473319856391327,-0.15085428221878538,-0.9866018411054142,-0.06212722964740895,-0.06358527835935351,-0.05303233037178527,0.9965663471697713],"translation":[2.8985935984645828,7.8589307477868005,40.860425979549724]},{"linear":[-0.9864614601139832,0.15414253628695865,-0.055980945122536534,-0.15072505930163807,-0.9866995667458985,-0.06087628012595836,-0.06461999851676331,-0.051614372906004666,0.9965742382287501],"translation":[2.897698355399303,7.860589985126617,40.86749153449528]},{"linear":[-0.8911549260085392,0.2737410561978702,0.3618131175101177,-0.3122946777234244,-0.9485879984956597,-0.05150576060618422,0.3291123396597858,-0.15889192321094725,0.9308267425369712],"translation":[-3.445836052759174,7.988793917610551,37.65016296451963]},{"linear":[-0.9598901585768482,0.2549722101423165,0.11661927594722901,-0.2678541158696254,-0.9568472041795211,-0.11268362998029366,0.08285563396061166,-0.13940086050299985,0.9867635704726887],"translation":[-5.1024988610915685,9.167397805415765,39.63032578445092]},{"linear":[-0.9283858181282959,0.369872673159471,-0.03597191054310998,-0.3653832632497564,-0.9261806063830974,-0.09319096145440765,-0.06778527594701914,-0.07337363293244291,0.9949982242974513],"translation":[6.415587827212623,14.979553363857248,41.71805630990738]},{"linear":[-0.9385983102068767,0.3323902997045895,-0.0924656733014425,-0.32982984430949963,-0.9430982185749461,-0.04216662096415356,-0.10121998754972818,-0.00907958055510056,0.9948226351151127],"translation":[13.895237393887511,0.7185426363163627,41.581511955487606]},{"linear":[-0.9022927389926525,0.4304446361224173,-0.02419149426093447,-0.43062858438629076,-0.9025251191505727,0.002726098256437142,-0.02065999686825424,0.012877287590339051,0.9997036260781089],"translation":[2.1026511040808598,-4.063481083131369,40.17722737949965]},{"linear":[-0.8261387371522064,0.09942967913881959,0.5546246711812494,-0.16602608119458875,-0.9835637859227769,-0.07097618885528895,0.5384516016688273,-0.1507183397188451,0.8290680639927396],"translation":[2.655653473722854,3.5516785186722877,35.930171051175314]},{"linear":[-0.9725708579799223,0.2321895591785967,-0.013926048134596827,-0.23180160325434532,-0.972442822826356,-0.024959428323254967,-0.0193376042185494,-0.02104673233443972,0.9995914626091649],"translation":[4.23775968063116,2.1222778436387584,40.377022457627675]}],"scale":{"linear":[0.25641025641025644,0.25641025641025644,0.25641025641025644]},"k":0.11883963159765,"files":["/tmp/jl_HtlO1a/23.0 extrinsic.png","/tmp/jl_HtlO1a/intrinsic0001.png","/tmp/jl_HtlO1a/intrinsic0002.png","/tmp/jl_HtlO1a/intrinsic0004.png","/tmp/jl_HtlO1a/intrinsic0005.png","/tmp/jl_HtlO1a/intrinsic0006.png","/tmp/jl_HtlO1a/intrinsic0007.png","/tmp/jl_HtlO1a/intrinsic0008.png","/tmp/jl_HtlO1a/intrinsic0009.png","/tmp/jl_HtlO1a/intrinsic0010.png"]}