{"intrinsic":{"linear":[[6353.4105877936445,0.0],[0.0,8471.214117058193]],"translation":[-93.62402169674426,718.7073291602524]},"extrinsics":[{"linear":[[-0.9981496658714394,0.05811536522293306,0.017884318430928522],[-0.025850386244153603,-0.6718010749175549,0.7402804017874886],[0.055036370263325154,0.7384483191562038,0.6720603230987643]],"translation":[21.376135570217826,3.2683247057641602,213.92438651401696]},{"linear":[[-0.9981496658714392,0.05811536522293402,0.01788431843093048],[-0.02585038624415256,-0.6718010749175516,0.7402804017874915],[0.05503637026332729,0.7384483191562066,0.6720603230987608]],"translation":[21.376135570217745,3.268324705764142,213.92438651401608]},{"linear":[[-0.9854667205541177,0.05851607887664408,0.15947166266523616],[-0.15637254688266053,-0.6792172440917856,-0.7170854634628915],[0.06635487368492718,-0.7316008500823806,0.6784962983664652]],"translation":[21.817197232699268,3.3179094336116752,218.86972755304717]},{"linear":[[-0.9977256090752509,0.05187722198321838,0.04303908496614327],[0.0009711114374947767,-0.627373595341452,0.7787178107703171],[0.06739930220703315,0.7769884977962308,0.625896323966167]],"translation":[18.235549514109685,2.949641178222949,181.06490332104025]},{"linear":[[-0.9636227310138541,0.0066517628328884165,0.2671834319800108],[0.2018095188257112,-0.6373112358193731,0.7437118439353504],[0.17522599802751015,0.7705777979864193,0.6127852045094306]],"translation":[18.00125840089983,3.009592320046277,199.26176973917293]},{"linear":[[-0.9857104068643423,0.038718023507487265,0.1639387338459285],[-0.14859045473046842,-0.6582869178249986,-0.7379561034258447],[0.07934652205563349,-0.7517707419660179,0.6546333943219957]],"translation":[20.545137888507853,3.405188369890119,210.27511605581938]},{"linear":[[-0.9834927751261562,0.06265675255587214,0.16975303424034555],[-0.16640016434699842,-0.681716232709912,-0.7124422526528706],[0.071084081058586,-0.7289287409746972,0.6808890834791663]],"translation":[21.507966897362934,3.5570828366948892,220.24581046439548]},{"linear":[[-0.9944117807886567,0.0072829134009950725,0.10531936859441667],[-0.08234127774949336,-0.6778416520739496,-0.730582376390397],[0.06606908662388018,-0.7351718533010173,0.674653408726758]],"translation":[21.061417447593897,3.781200068277622,218.46539729290157]},{"linear":[[-0.8762891459053055,0.0483495100474752,0.47935337450227566],[-0.1526089735333192,-0.9715739385894517,-0.1809822727531254],[0.4569768418264284,-0.23174642765736236,0.8587582659295886]],"translation":[24.11331670254842,5.196815668940973,292.10179884574256]},{"linear":[[-0.9633086117975098,0.08404379063925575,0.2548983320693555],[-0.24473934587478602,-0.6649167570061413,-0.7056829024662691],[0.11017790621325294,-0.7421740681992474,0.6610888604983771]],"translation":[20.333686588142726,4.034226170487713,216.41315111066965]},{"linear":[[-0.9694925639743789,0.02643939473403717,0.2436906374986177],[-0.19647109302157478,-0.6782862763294117,-0.7080443749865459],[0.146571750365794,-0.7343219224218207,0.6627880779294606]],"translation":[18.116961724785806,4.769132544494971,207.2617841068246]},{"linear":[[-0.9739425483496602,0.18068403602903688,-0.1370736723022587],[-0.21613903175065896,-0.5563846434040431,0.8023216608929632],[0.06870102959968599,0.8110421738161421,0.580939550059668]],"translation":[11.227631107822098,3.3424798260433666,142.6020532137577]},{"linear":[[-0.7346820034675732,0.2474055393979283,0.6316904723486758],[-0.480307215201785,-0.8472766373268287,-0.22677583395337333],[0.47911098172133265,-0.4700136156701866,0.7413095630562573]],"translation":[14.161065647419873,5.357676243288599,206.18399534068016]},{"linear":[[-0.9675926308927418,0.23226252918459023,-0.09908894074940668],[-0.2276056091226037,-0.6322394800216649,0.7405868798445348],[0.10936264141831341,0.7391396061900026,0.664614516259837]],"translation":[13.625205001736546,3.1436304286441246,160.39929765498775]},{"linear":[[-0.8456981593796066,0.30678130510511803,0.4366690440825247],[-0.528131098584842,-0.5986160158130139,-0.6022760233644714],[0.07663005891628524,-0.739962226367099,0.6682692104386769]],"translation":[15.011562026769315,3.251824681220622,157.71992702742915]},{"linear":[[-0.5597156238360901,0.4853869670076923,0.6716531193204198],[-0.823996992295565,-0.4120768551474646,-0.3888722439820542],[0.08801918609961884,-0.7710980208189158,0.6306032549610823]],"translation":[19.443785937010613,0.17782336482535205,146.43135083904394]},{"linear":[[-0.3468173206180137,0.5061777255514666,0.7896213372717877],[-0.8050229464846181,-0.5926588518776296,0.026335165165870644],[0.4813063491712588,-0.6265298041167988,0.6130290391170716]],"translation":[21.518931437478248,0.4284718304104953,181.61466816437706]},{"linear":[[-0.8442761384638935,0.2996505693918452,0.44430545605882443],[-0.5289320562265386,-0.5992663200837816,-0.6009249183626928],[0.08618980169638898,-0.7423539680478486,0.6644410464496843]],"translation":[15.5040992843853,3.4640353687742533,168.0880792062449]},{"linear":[[-0.9266018010089435,0.3194891446660037,-0.1983325208017266],[-0.35803082789210366,-0.588255102430153,0.7250998970788678],[0.11499142857568467,0.7428880271652487,0.6594652003317898]],"translation":[16.71623848103128,2.5883534057402118,183.9669019139184]},{"linear":[[-0.8403879608254626,0.3162596128343861,0.4401453539337483],[-0.5355470167145849,-0.6093604199955152,-0.5846958794373338],[0.08329146527543149,-0.7270899090433955,0.6814710529285437]],"translation":[25.674798096132722,7.016154465247431,216.83397435223927]},{"linear":[[-0.6783670638777483,0.45371508797703325,0.5778933687003825],[-0.729512067824801,-0.5094548193160577,-0.4563638131728084],[0.0873514140919662,-0.7311623663849475,0.6765880019912398]],"translation":[29.11125422901037,1.0718994011546628,212.90213712468926]},{"linear":[[-0.8443146480183601,0.40247692735256646,-0.3537585307670607],[-0.5329695504759628,-0.5624276378221646,0.632153945237416],[0.0554638026742002,0.722279360886504,0.6893738401116629]],"translation":[20.451697784284065,-1.8693664635482679,218.15636733355436]},{"linear":[[-0.8425364958374628,0.3267301538047126,0.4282285135026371],[-0.5345257146806499,-0.605233039946856,-0.5898942512873203],[0.06644180556750234,-0.725906587620912,0.6845765936120618]],"translation":[15.318422583040597,5.910445361648581,227.41475241970167]}],"scale":{"linear":[[0.25641025641025644,0.0,0.0],[0.0,0.25641025641025644,0.0],[0.0,0.0,0.25641025641025644]]},"k":[6.836441895950396,0.0,0.0],"files":["/tmp/jl_6gtJ6F/9.0 extrinsic.png","/tmp/jl_6gtJ6F/intrinsic0001.png","/tmp/jl_6gtJ6F/intrinsic0002.png","/tmp/jl_6gtJ6F/intrinsic0003.png","/tmp/jl_6gtJ6F/intrinsic0004.png","/tmp/jl_6gtJ6F/intrinsic0005.png","/tmp/jl_6gtJ6F/intrinsic0006.png","/tmp/jl_6gtJ6F/intrinsic0007.png","/tmp/jl_6gtJ6F/intrinsic0008.png","/tmp/jl_6gtJ6F/intrinsic0009.png","/tmp/jl_6gtJ6F/intrinsic0010.png","/tmp/jl_6gtJ6F/intrinsic0012.png","/tmp/jl_6gtJ6F/intrinsic0013.png","/tmp/jl_6gtJ6F/intrinsic0014.png","/tmp/jl_6gtJ6F/intrinsic0015.png","/tmp/jl_6gtJ6F/intrinsic0016.png","/tmp/jl_6gtJ6F/intrinsic0017.png","/tmp/jl_6gtJ6F/intrinsic0018.png","/tmp/jl_6gtJ6F/intrinsic0019.png","/tmp/jl_6gtJ6F/intrinsic0020.png","/tmp/jl_6gtJ6F/intrinsic0021.png","/tmp/jl_6gtJ6F/intrinsic0022.png","/tmp/jl_6gtJ6F/intrinsic0023.png"]}