{"intrinsic":{"linear":[10372.559872607064,13830.079830142751],"translation":[1043.9522211988901,594.5309242797471]},"extrinsics":[{"linear":[-0.965370229187432,0.12142522205609367,-0.23090308799847942,-0.25904418134653334,-0.5510729401317774,0.7932305634334968,-0.030926246282235906,0.8255752722212233,0.5634439077563478],"translation":[-9.47185464703643,4.587006239967374,261.343015408338]},{"linear":[-0.9656498402865772,0.12078580932694065,-0.23006776006156054,-0.258000191180213,-0.5510470188580696,0.7935887375452148,-0.030923895380132738,0.8256863637440491,0.5632812276488969],"translation":[-9.484473904628755,4.592972782508579,261.5972535987978]},{"linear":[-0.9662243133552056,0.12116554711696131,-0.2274411714556297,-0.2560938172943436,-0.5499201421293046,0.7949866627963623,-0.028749487384526914,0.826381720194931,0.5623759592148246],"translation":[-9.456287514818944,4.580860481775974,260.941123100734]},{"linear":[-0.9659101595879582,0.12217872103525866,-0.22823217067484872,-0.2572779518967792,-0.550904000823159,0.7939224378645784,-0.028733587881839467,0.825576854086417,0.5635576624660616],"translation":[-9.471721053202767,4.5840632501186755,261.2590268650232]},{"linear":[-0.9828579158343438,0.12743230761983254,0.13323409569796554,-0.18244623678597405,-0.5682995730194533,-0.8023396824216932,-0.02652711752917316,-0.8128939674278507,0.5818072788776384],"translation":[-9.670207564334186,4.64608932300996,265.66841497767876]},{"linear":[-0.9829281929801137,0.12583429633873738,0.13423076141400347,-0.1822889483383786,-0.5670673894454898,-0.8032467336635518,-0.02495810005862293,-0.8140026447699122,0.5803247259500941],"translation":[-9.656676350015447,4.665350958256976,265.66345850327633]},{"linear":[-0.9999679858217254,0.002399134354459224,-0.007633576225497091,0.004930800798643757,-0.566587993987506,-0.8239864879187629,-0.00630194693133122,-0.8239977483121922,0.5665580254848672],"translation":[-6.59263223404036,4.06840086753032,252.74901189867558]},{"linear":[-0.9983622308443089,0.00558096840338277,0.05693600631634856,-0.05178312662131488,-0.5112033472565897,-0.857898388826427,0.02431797320698644,-0.8594416737308815,0.5106551141756688],"translation":[-5.467292163544784,4.274310211814663,239.3625388015524]},{"linear":[-0.999956721303674,-0.0007481568016016156,-0.009273391019854697,-0.007274793253009775,-0.55845708702524,0.8295015125570355,-0.005799388134352447,0.8295330748153953,0.558427475044507],"translation":[-5.204444722092363,4.070231631245014,235.74403685582055]},{"linear":[-0.9976056505229873,0.016532572030014146,-0.0671538539972157,-0.06213259869559764,-0.6406907078372452,0.7652809660969893,-0.030372787556277866,0.767621059477319,0.6401838820393553],"translation":[-7.180820187198194,4.783000282650521,273.5740897629892]},{"linear":[-0.999876634345499,-0.003917395586274314,-0.015210854733965126,-0.010551039152766135,-0.5498743572973925,0.8351807389778432,-0.011635792311396198,0.8352381966831977,0.5497651890932036],"translation":[-5.896329669320351,4.178512067097918,245.59274313544017]},{"linear":[-0.9997422205073412,0.02078269622812951,0.009141776224578351,-0.019473500322960836,-0.5778728554270409,-0.8158944452230141,-0.01167370207871603,-0.8158621467491232,0.5781286034972581],"translation":[-12.418804331832142,4.690324163641402,266.6710252608636]},{"linear":[-0.995451092435811,0.034815962790909066,-0.08868467344074982,-0.09348890142589689,-0.5362941943418136,0.8388375065681337,-0.018356140077078677,0.8433127449826707,0.5371095477379485],"translation":[-10.90735855080758,4.229584952167,232.96701797600073]},{"linear":[-0.9965731185750138,0.023793174649041033,0.0792206044775675,0.05490569769272538,-0.5260356638667905,0.8486883083329826,0.06186585241105151,0.8501296166940338,0.5229266211669747],"translation":[-12.703187366809447,4.028118513292509,245.53076144365386]},{"linear":[-0.9983526958539286,0.0531223744865026,0.021677361696223817,-0.04864171920980612,-0.5832820474403251,-0.8108119611143738,-0.030428240723175442,-0.810530731349983,0.5849051681287782],"translation":[-13.374032578351393,4.6619975756565895,272.87779798715485]},{"linear":[-0.9839292839551315,0.06560307207991359,-0.1660704703107067,-0.17429649033089478,-0.5548652252056536,0.813477298586636,-0.03878011905440662,0.829349636034861,0.5573825289466554],"translation":[-21.189936660471734,5.362819062691075,270.86732965398045]},{"linear":[-0.9857592205276773,0.06427409010218535,-0.15539498217832637,-0.16450429006159126,-0.5602807388706579,0.811802828402243,-0.03488692729373073,0.8258052645703381,0.5628752679874256],"translation":[-21.3981133766315,5.375056914437231,273.37375325991286]},{"linear":[-0.9896905686171791,0.05685268326491105,-0.13145474809144234,-0.14230552335043944,-0.4940223424244127,0.8577243515311045,-0.016177651688746318,0.8675884379076729,0.4970197038294976],"translation":[-18.576799820534205,4.619794259201467,230.84099406361523]},{"linear":[-0.9953528729888117,0.08046780807692575,0.052892249869083835,-0.09594908000640956,-0.7822815002271261,-0.6154912090747687,-0.008150599906888559,-0.6177059059663362,0.786366950892181],"translation":[-30.37607727057967,7.290810818023056,359.08060986057217]},{"linear":[-0.9763447323513728,0.07662005414340436,0.20218884962526665,-0.2125781017770008,-0.5110514825402503,-0.832848685439498,0.039515999982462746,-0.8561283487284336,0.5152501686063886],"translation":[-12.745304040677787,8.791498569583895,254.8528941912006]},{"linear":[-0.995915442008527,0.08586149410155498,0.027932708418783075,-0.07153210015288354,-0.561523236761962,-0.8243632774596933,-0.05509619784230081,-0.8229942031430221,0.5653715155331969],"translation":[-12.367129962481668,8.405719097847523,247.2355415817949]},{"linear":[-0.9845883827567484,0.10192897283540288,0.14211333870249676,-0.1748545297391822,-0.5579021419875425,-0.8112774453880752,-0.003407340625812119,-0.8236235089301615,0.5671267103279725],"translation":[-12.84077734031499,8.575566706607683,261.24734793048697]},{"linear":[-0.952106572715824,0.20323959335567057,0.22844417673460024,-0.3040347037747255,-0.5498696257110989,-0.7779500585647842,-0.03249573959679211,-0.8101463216067563,0.5853263743375141],"translation":[-16.194316504465906,1.3614365861601132,274.6759794839574]},{"linear":[-0.9362863079806379,0.1660014545900223,-0.30953427364668806,-0.350466724031492,-0.49989483293375137,0.7920089843889214,-0.02325994055495398,0.8500286307414201,0.5262226734807675],"translation":[-14.69712687128789,0.6097217142009831,240.18015901047545]},{"linear":[-0.901479868384106,0.21723921838339283,-0.3743543360164911,-0.4306995710437311,-0.5357785362365372,0.7262501219352601,-0.04280100934465675,0.8159341162768025,0.576558402501145],"translation":[-15.852010485256868,0.7048066731041742,267.03622473582163]},{"linear":[-0.9811460304439736,0.19274273295046393,-0.01423748007264486,-0.10165858545232562,-0.4520261932384994,0.8861928980928152,0.16437152718115455,0.8709320062559974,0.46309765874061387],"translation":[-17.140640602088233,-0.1743933166922136,253.67298143224193]},{"linear":[-0.9601858093708204,0.13424678658302486,0.24499186063017309,-0.2787962252823321,-0.5162725728893492,-0.8097748423176252,0.0177729077875715,-0.8458371183474649,0.5331450956113459],"translation":[-11.107516913101422,2.9633061130922775,215.07197575983722]},{"linear":[-0.9659397616755971,0.12460107758851492,-0.2267927430008987,-0.2584877715035423,-0.5053226980582214,0.8233061659008102,-0.012018685336729368,0.8538873124077561,0.5203191414044233],"translation":[-10.66576563418555,3.075201583895682,194.10740769366578]},{"linear":[-0.8725921330600035,0.26418057317439314,-0.4108425417103763,-0.4881782968721924,-0.49971212800693293,0.7155206073802125,-0.016276356618074805,0.824922065337103,0.565012093972518],"translation":[-6.825404518427614,3.1329338365894794,206.82744352466838]},{"linear":[-0.9622443392370991,0.13448198514298484,-0.23664409411215265,-0.27054710072923127,-0.5678573005441154,0.7773945925369934,-0.029834508428437864,0.8120669195889911,0.582801184123781],"translation":[-14.59689768428579,4.3724622276444425,214.8346484730652]},{"linear":[-0.9871640873932989,0.12288456982819912,-0.10201199468245957,-0.15281116211307044,-0.5410503962312705,0.8269904579084564,0.04643073652881903,0.8319638521210666,0.5528836545506367],"translation":[-14.605153588260327,3.908050213023465,206.8161892076454]},{"linear":[-0.9705513917794519,0.14909194154674743,0.18921307798561315,-0.24033602387281028,-0.5458554375229461,-0.8026708148149156,-0.01638876273476536,-0.8245079952871616,0.5656129190210998],"translation":[-11.321058970076225,3.04655244917475,220.85784159880387]},{"linear":[-0.9486569087993395,0.20912107261006613,0.23731507827716608,-0.3142208455558089,-0.5370272860818952,-0.7828581954745745,-0.03626747310572477,-0.8172331803065328,0.5751648454144219],"translation":[-10.89892604969744,3.017286857705024,179.67511653819568]},{"linear":[-0.888871072382926,0.2402930756884007,0.39008647048703926,-0.45815343315719853,-0.46973808823576324,-0.7546135170714097,0.0019100699200877702,-0.8494735818357266,0.5276276958197716],"translation":[-7.767419187191756,2.1185759260219394,168.86637148408317]},{"linear":[-0.9192098714326651,0.24304091931294058,0.3098133693052388,-0.3924637768232886,-0.5014912311895372,-0.7710244671355133,-0.03202180729352233,-0.8303238263349566,0.5563604472625042],"translation":[-7.636364234328804,2.2818298432206316,178.92127864113334]},{"linear":[-0.925455383931739,0.23787007715227682,0.29487312313489533,-0.3769870936952652,-0.5009654594167586,-0.7790470715294122,-0.03759073740902932,-0.8321366683826195,0.5532951306437819],"translation":[-7.146086503600846,2.537939511777406,146.1121074163171]},{"linear":[-0.7710803108409028,0.2937015317599202,0.5649553650292858,-0.623574520821169,-0.5277952760141806,-0.5767035318079512,0.1288020621579729,-0.7969765096030068,0.59011733742101],"translation":[-5.859236345500483,2.1175359275212227,175.72734996844565]}],"scale":{"linear":[0.25641025641025644,0.25641025641025644,0.25641025641025644]},"k":-6.310810381131857,"files":["/tmp/jl_WhtfHU/2.0 extrinsic.png","/tmp/jl_WhtfHU/intrinsic0001.png","/tmp/jl_WhtfHU/intrinsic0002.png","/tmp/jl_WhtfHU/intrinsic0003.png","/tmp/jl_WhtfHU/intrinsic0004.png","/tmp/jl_WhtfHU/intrinsic0005.png","/tmp/jl_WhtfHU/intrinsic0006.png","/tmp/jl_WhtfHU/intrinsic0007.png","/tmp/jl_WhtfHU/intrinsic0008.png","/tmp/jl_WhtfHU/intrinsic0009.png","/tmp/jl_WhtfHU/intrinsic0010.png","/tmp/jl_WhtfHU/intrinsic0011.png","/tmp/jl_WhtfHU/intrinsic0012.png","/tmp/jl_WhtfHU/intrinsic0013.png","/tmp/jl_WhtfHU/intrinsic0014.png","/tmp/jl_WhtfHU/intrinsic0015.png","/tmp/jl_WhtfHU/intrinsic0016.png","/tmp/jl_WhtfHU/intrinsic0017.png","/tmp/jl_WhtfHU/intrinsic0018.png","/tmp/jl_WhtfHU/intrinsic0019.png","/tmp/jl_WhtfHU/intrinsic0020.png","/tmp/jl_WhtfHU/intrinsic0021.png","/tmp/jl_WhtfHU/intrinsic0022.png","/tmp/jl_WhtfHU/intrinsic0023.png","/tmp/jl_WhtfHU/intrinsic0024.png","/tmp/jl_WhtfHU/intrinsic0025.png","/tmp/jl_WhtfHU/intrinsic0026.png","/tmp/jl_WhtfHU/intrinsic0027.png","/tmp/jl_WhtfHU/intrinsic0028.png","/tmp/jl_WhtfHU/intrinsic0029.png","/tmp/jl_WhtfHU/intrinsic0030.png","/tmp/jl_WhtfHU/intrinsic0032.png","/tmp/jl_WhtfHU/intrinsic0033.png","/tmp/jl_WhtfHU/intrinsic0034.png","/tmp/jl_WhtfHU/intrinsic0035.png","/tmp/jl_WhtfHU/intrinsic0036.png","/tmp/jl_WhtfHU/intrinsic0037.png"]}