{"intrinsic":{"linear":[[1421.7190460277782,0.0],[0.0,1421.7190460277782]],"translation":[539.6421641806188,959.4936663122024]},"extrinsics":[{"linear":[[-0.6169761769505906,0.786024385470261,-0.03880802135553854],[-0.7843165725917608,-0.618193604887666,-0.05180908061243127],[-0.0647140713705034,-0.0015271941889389642,0.9979026789444763]],"translation":[2.730467471135042,7.807515797043016,39.4397165459592]},{"linear":[[-0.6180728554685682,0.7849991341684517,-0.04197981285941398],[-0.7830724011840597,-0.6194958714700967,-0.05497708372891697],[-0.06916328387780053,-0.0011066102685874935,0.9976047391512092]],"translation":[2.7301210425534337,7.822865597981286,39.4919477575633]},{"linear":[[-0.6179230394781202,0.7850089931632228,-0.04395449846130151],[-0.7830902518370529,-0.61948414490085,-0.054854823801044825],[-0.07029064489604928,0.0005242798162536054,0.997526415876177]],"translation":[2.728816407173789,7.8256236496241485,39.50561809475346]},{"linear":[[-0.6183354037337012,0.7849910057743044,-0.03808476523397588],[-0.7829135961703257,-0.6194814443158421,-0.05735016198762482],[-0.06861216671355802,-0.005644555058176508,0.997627440268694]],"translation":[2.7294137851550744,7.821811612422203,39.48685214815261]},{"linear":[[-0.6171682851253746,0.7858670918099455,-0.03893869342418778],[-0.7841878214009519,-0.6183943417293924,-0.051360479782612004],[-0.06444197856857803,-0.0011628100661377448,0.9979207780535071]],"translation":[2.730160320311546,7.810905536578376,39.44467073149581]},{"linear":[[-0.6172964023794713,0.7859230637102014,-0.03563831558495408],[-0.7842408006171381,-0.6183122093996037,-0.05154006552936079],[-0.06254213185327306,-0.0038664758826859914,0.99803483511724]],"translation":[2.7302999040225853,7.811774990897512,39.44012171414746]},{"linear":[[-0.9557932152273602,0.2878133880595156,-0.06018956204399277],[-0.28641795512604273,-0.9576083409789655,-0.03083861652100193],[-0.06651379335717615,-0.012235969157199532,0.9977104772187284]],"translation":[6.092235125949684,18.349234295502583,39.87907739156029]},{"linear":[[-0.8771310828584591,0.4802478126377726,-0.0017612325746280688],[-0.4532362585417905,-0.828998331667853,-0.3276257926887867],[-0.1588016291685519,-0.2865725118509302,0.9448059261165027]],"translation":[11.825025951995332,3.592579703509036,39.04258897226115]},{"linear":[[-0.9077576636384544,0.24559389765314063,0.34008772624308775],[-0.2615989791555982,-0.9651758370011096,-0.001256094724366448],[0.3279359666312977,-0.09010683162083977,0.940392875709323]],"translation":[0.037947428816474275,-0.04555674485221069,33.98005143720252]},{"linear":[[-0.9419154950199577,0.3305554358259028,-0.059399529352138006],[-0.2468084240651154,-0.8012286935737162,-0.545085481740846],[-0.2277735762809247,-0.4987641571325104,0.8362735877140294]],"translation":[1.370823308947759,2.028408214736734,37.97264309629516]},{"linear":[[-0.8842351951619646,0.16454121931918497,-0.4370975941158198],[-0.17646108078543116,-0.9842147226557,-0.013522820556406967],[-0.43242294874916104,0.06517335999255454,0.8993124187635579]],"translation":[1.2961966761336008,2.1616219890918984,36.62173725496474]},{"linear":[[-0.9282235043637166,0.17642191245111505,0.3275308149683519],[-0.2022995596771769,-0.9782236185732102,-0.04640517449547067],[0.31221148938045507,-0.10933371333960003,0.9437002304896467]],"translation":[2.492807424006224,3.553942496090066,27.90185826748043]},{"linear":[[-0.9716443028351249,0.1862881077265979,-0.14561624115354527],[-0.23304621032505465,-0.8585911669047844,0.45662968800354065],[-0.03996013790234454,0.4776169480166339,0.8776589533219048]],"translation":[2.702659601315193,2.455738772149811,25.928025050577386]},{"linear":[[-0.9578544729790285,0.2205144879059909,-0.18408739559683743],[-0.1904408710324821,-0.9672604869772831,-0.167748099759309],[-0.2150513502270038,-0.12562050372462358,0.9684897551391625]],"translation":[1.7186496300472491,1.849964531814546,35.81972260510053]},{"linear":[[-0.820649243584793,0.5713711361331996,0.008357260170878456],[-0.5026055529433145,-0.7147695554654905,-0.4863045760942519],[-0.27188688301249847,-0.40328588789284675,0.8737494008422702]],"translation":[5.116614027347815,-2.4016862958721252,34.138410914948295]},{"linear":[[-0.9701165488670254,0.2337539798099026,-0.06506119071584494],[-0.12559255264381902,-0.7131781084552651,-0.6896401208895689],[-0.20760633982309268,-0.6608600930175778,0.7212236443171125]],"translation":[-1.229759789143945,-3.995773416793137,37.290832733195096]},{"linear":[[-0.9806243982014462,0.19288082508680915,-0.034245831365048274],[-0.11461433236468516,-0.7066739736654712,-0.698194421175399],[-0.1588689537595344,-0.6807414209945541,0.7150886471436015]],"translation":[0.20147648148075778,-3.648850944211069,37.32056780484009]},{"linear":[[-0.9511904617107542,0.1585805809677032,-0.2647430922430798],[0.013132225262159514,-0.8362954219505849,-0.5481218038758875],[-0.3083249101356328,-0.5248448976263738,0.7933937126202949]],"translation":[-0.9198571959751811,6.025896137034011,24.398876082755354]},{"linear":[[-0.9641243180376141,0.0549103719837018,0.2597097426303394],[-0.10729133296478677,-0.9755028481675644,-0.19204885599140956],[0.24280211951122854,-0.2130235767833725,0.9463974252370269]],"translation":[1.335103002374256,7.822100754578747,20.935249039061]},{"linear":[[-0.9900272396444745,-0.03585401909821823,0.13623712444281383],[0.06974807922430742,-0.9649752367421083,0.25289918528740174],[0.12239799919305001,0.259879360067352,0.9578525189216353]],"translation":[-0.24610310607071598,7.018905110172773,18.50747443549229]}],"scale":{"linear":[[0.25641025641025644,0.0,0.0],[0.0,0.25641025641025644,0.0],[0.0,0.0,0.25641025641025644]]},"k":[0.01100468063839986,0.0,0.0],"files":["/tmp/jl_D5c3iz/8.0 extrinsic.png","/tmp/jl_D5c3iz/intrinsic0001.png","/tmp/jl_D5c3iz/intrinsic0002.png","/tmp/jl_D5c3iz/intrinsic0003.png","/tmp/jl_D5c3iz/intrinsic0004.png","/tmp/jl_D5c3iz/intrinsic0005.png","/tmp/jl_D5c3iz/intrinsic0007.png","/tmp/jl_D5c3iz/intrinsic0009.png","/tmp/jl_D5c3iz/intrinsic0010.png","/tmp/jl_D5c3iz/intrinsic0011.png","/tmp/jl_D5c3iz/intrinsic0012.png","/tmp/jl_D5c3iz/intrinsic0013.png","/tmp/jl_D5c3iz/intrinsic0014.png","/tmp/jl_D5c3iz/intrinsic0015.png","/tmp/jl_D5c3iz/intrinsic0016.png","/tmp/jl_D5c3iz/intrinsic0017.png","/tmp/jl_D5c3iz/intrinsic0018.png","/tmp/jl_D5c3iz/intrinsic0020.png","/tmp/jl_D5c3iz/intrinsic0021.png","/tmp/jl_D5c3iz/intrinsic0022.png"]}