{"intrinsic":{"linear":[[7690.715122072038,0.0],[0.0,10254.286829429384]],"translation":[303.95609557179966,678.104036907026]},"extrinsics":[{"linear":[[-0.9871806798080094,0.08438822342848049,0.13547299790135778],[-0.15789031430268716,-0.6404803922613737,-0.7515687032987174],[0.023344251180860358,-0.7633239776630246,0.6455939521568516]],"translation":[8.03847364476932,4.961585853957457,255.67534257621062]},{"linear":[[-0.9451758282711588,0.16862604197929967,0.2796567746691012],[-0.32431427296269777,-0.5849996646805393,-0.7433677721534162],[0.038247954253864944,-0.7933099333110938,0.6076153748098728]],"translation":[-0.5773232087705473,13.21581646597442,220.99278879583392]},{"linear":[[-0.9457289867862588,0.16338051076355098,0.2808976544132706],[-0.3220559717575902,-0.5864822532867366,-0.7431813490898342],[0.04332014089901194,-0.7933129113296675,0.6072709363291944]],"translation":[-0.6376886789447055,13.215655937968052,221.3641242990994]},{"linear":[[-0.987065762710821,0.08379867096899224,0.13667100214725847],[-0.15842949602064724,-0.6402725787395127,-0.75163230352673],[0.02452090689083649,-0.7635632309495299,0.6452673224851586]],"translation":[8.036951852772372,4.960670468105587,255.62985641570688]},{"linear":[[-0.9871123620966746,0.08427456685133011,0.13604036892755084],[-0.1582347455624317,-0.640939201618467,-0.7511049894159103],[0.02389455780540741,-0.7629513334484075,0.646014173913066]],"translation":[8.05468969641426,4.966587383547313,255.8641368934119]},{"linear":[[-0.9869984877702961,0.08382451383509813,0.13714020570007224],[-0.15877626489509833,-0.6411047377463222,-0.7508493943163176],[0.024981650167878275,-0.7628618263614512,0.6460787498713766]],"translation":[8.04278468613019,4.966714294873314,255.8360949339868]},{"linear":[[-0.9882488957383819,0.10668991036967165,-0.1094595043711605],[-0.15106699199248844,-0.5725674700366881,0.8058196176478504],[0.023299871291707068,0.8128860653751532,0.5819564938349705]],"translation":[6.669740168119793,4.417453139007282,206.41584282229]},{"linear":[[-0.9810311629368772,0.11479204664700683,0.15620705289233996],[-0.19188429874169066,-0.6895125739242072,-0.6983930313919412],[0.02753676166742386,-0.7151190085761997,0.6984601136284485]],"translation":[7.98496795951728,5.6927658528238725,271.1256201628391]},{"linear":[[-0.9144135104952605,0.11638929411289438,0.3876873276748118],[-0.2900249005825026,-0.8565166739725968,-0.4269247524436017],[0.28237118986512094,-0.502824740265257,0.8169662120989664]],"translation":[7.962907747551483,7.276654628861353,329.26633078429285]},{"linear":[[-0.9879304576765442,0.09598735664384353,0.12157235771153388],[0.04017501273118101,-0.5992127577671793,0.7995811649114183],[0.14959739017463844,0.7948147572193026,0.5881242407513549]],"translation":[5.810465017827276,5.00962919208212,237.01367985081177]},{"linear":[[-0.8820615851211004,0.11568749365001132,0.456709715099898],[-0.4559903540107566,-0.4534311572806735,-0.7658152405484325],[0.11849116888104474,-0.8837514296566017,0.4527065865183717]],"translation":[6.705816666862957,5.1356984016419975,221.67511670831723]},{"linear":[[-0.9664115198299724,0.13536605489942255,0.21846007763637149],[-0.2538124748739624,-0.636167926524918,-0.7286079857230092],[0.040348506022864536,-0.7595830438088735,0.6491576061479754]],"translation":[8.035927335258716,5.625496648915883,259.08667025570253]},{"linear":[[-0.9664416301936282,0.13572757138274305,0.21810227370484922],[-0.25378095162277314,-0.6360674083141351,-0.7287067178735072],[0.03982215491560273,-0.7596027109266277,0.6491670952311093]],"translation":[8.053854995039982,5.6246498178307505,259.28397416900174]},{"linear":[[-0.966377482954565,0.1353996819043073,0.2185897677811374],[-0.2539629622237215,-0.6355828226040658,-0.7290660391413119],[0.04021659181173573,-0.7600667087505285,0.6485994326178426]],"translation":[8.050521770705108,5.620296482661716,259.0101231004465]},{"linear":[[-0.9921746477999954,0.06155220108907246,0.10863146323255331],[-0.12255454474727877,-0.6464412232943626,-0.7530565240322107],[0.02387156938163977,-0.7604768710268437,0.6489260950281466]],"translation":[13.491128696431325,4.086729154194973,250.2001690871613]},{"linear":[[-0.9991450486693045,-0.026521297579388578,0.03171423173149393],[-0.005602446806287608,-0.6731810904062105,-0.7394564436863664],[0.04096076548840484,-0.7390019217121233,0.6724569691782464]],"translation":[1.5070159508413248,5.802570299407695,280.95583827650677]},{"linear":[[-0.9983327996171529,-0.005338446782620517,0.05747279525590477],[0.04722319773954682,-0.6480967971425433,0.7600924359108103],[0.033190221509198765,0.7615392586856746,0.6472683884422629]],"translation":[8.110232829792462,0.3008517000753848,248.20491961019823]},{"linear":[[-0.9910798882797741,0.036104052199494543,0.12828543355395622],[-0.12190729880823799,-0.6345258152569692,-0.7632270961317853],[0.05384482839260719,-0.7720579558473928,0.6332671215751816]],"translation":[9.016420748886752,10.79695789046888,259.9638494547635]},{"linear":[[-0.9810740652365708,-0.028619400323120957,0.19150615772171278],[-0.0468545450285681,-0.924537693590484,-0.3781992923586107],[0.18787849831833994,-0.3800144511140766,0.9056990045341291]],"translation":[6.192947182247087,12.881803276917282,322.77207059438547]},{"linear":[[-0.9911533441530251,0.060204370992955836,-0.11828136830294922],[-0.1313595894303387,-0.5723387606389614,0.8094275763370994],[-0.01896593364346267,0.817804241113728,0.5751838980512507]],"translation":[5.187914896387518,1.1407195774750936,181.48808122373913]},{"linear":[[-0.9974020317694656,0.06567877886341451,-0.0295885962687065],[-0.062100081327966135,-0.5757873073174274,0.815237730132264],[0.03650708042560799,0.8149572226437145,0.5783700876944113]],"translation":[8.337514898994982,3.4045258964015717,186.64889074799567]},{"linear":[[-0.9966917248754362,0.061999763677367294,0.05255125944044977],[0.004664741820072933,-0.6018828076361447,0.7985708021558157],[0.08114090059013959,0.7961740482934504,0.5996024008252792]],"translation":[7.806423723234049,3.8200009665029064,184.67380869914186]},{"linear":[[-0.9710422295774022,0.003293562731273389,0.23888520427578458],[0.2104325013522208,-0.46163355153227775,0.8617497470114767],[0.11311565210878534,0.8870646067475759,0.4475726004837352]],"translation":[0.03394373248217975,4.412398478666155,190.80580874113153]},{"linear":[[-0.9958113556662523,0.058938650813238735,-0.06989978087559123],[-0.09091926734962963,-0.5575009360217964,0.8251826423037674],[0.00966595834602687,0.8280814825698832,0.5605244218355849]],"translation":[3.9010406611049717,3.9379319162025257,177.85704871580072]},{"linear":[[-0.9627905776147647,0.12382179340362606,0.24021337834212517],[-0.26624502215250034,-0.5870259231557543,-0.7645352534201079],[0.04634535397687503,-0.8000429544852224,0.59814996375768]],"translation":[2.878400672640981,3.1028815709624937,155.65468719868377]},{"linear":[[-0.990176340561919,0.08434532794959104,-0.11151986479763354],[-0.13887056947075566,-0.5002317579436295,0.8546830718339368],[0.016302745973441175,0.8617737835404963,0.5070307352380361]],"translation":[2.8226948734805344,6.648716597391157,188.1418111982884]}],"scale":{"linear":[[0.25641025641025644,0.0,0.0],[0.0,0.25641025641025644,0.0],[0.0,0.0,0.25641025641025644]]},"k":[20.82042073941793,0.0,0.0],"files":["/tmp/jl_3ztMEj/30.0 extrinsic.png","/tmp/jl_3ztMEj/intrinsic0001.png","/tmp/jl_3ztMEj/intrinsic0002.png","/tmp/jl_3ztMEj/intrinsic0004.png","/tmp/jl_3ztMEj/intrinsic0005.png","/tmp/jl_3ztMEj/intrinsic0006.png","/tmp/jl_3ztMEj/intrinsic0007.png","/tmp/jl_3ztMEj/intrinsic0008.png","/tmp/jl_3ztMEj/intrinsic0009.png","/tmp/jl_3ztMEj/intrinsic0010.png","/tmp/jl_3ztMEj/intrinsic0011.png","/tmp/jl_3ztMEj/intrinsic0012.png","/tmp/jl_3ztMEj/intrinsic0013.png","/tmp/jl_3ztMEj/intrinsic0014.png","/tmp/jl_3ztMEj/intrinsic0015.png","/tmp/jl_3ztMEj/intrinsic0016.png","/tmp/jl_3ztMEj/intrinsic0017.png","/tmp/jl_3ztMEj/intrinsic0018.png","/tmp/jl_3ztMEj/intrinsic0019.png","/tmp/jl_3ztMEj/intrinsic0021.png","/tmp/jl_3ztMEj/intrinsic0022.png","/tmp/jl_3ztMEj/intrinsic0023.png","/tmp/jl_3ztMEj/intrinsic0024.png","/tmp/jl_3ztMEj/intrinsic0025.png","/tmp/jl_3ztMEj/intrinsic0026.png","/tmp/jl_3ztMEj/intrinsic0027.png"]}