{"intrinsic":{"linear":[1462.7319635059791,1462.7319635059791],"translation":[559.3377929035419,961.1488391456716]},"extrinsics":[{"linear":[0.6172257863074776,-0.7860088113122758,0.03496394223452519,0.7840785738707348,0.618177621859879,0.05547267641370077,-0.06521593910962843,-0.006824688353881465,0.997847836553711],"translation":[-5.771494083954781,6.585299238101171,40.12002948094721]},{"linear":[0.6166882592545856,-0.786834846410525,0.024218079438194862,0.7854285892214696,0.6170705038362375,0.04822783976982763,-0.05289160737887666,-0.010719970588469192,0.9985427182146297],"translation":[-5.7780515110627295,6.6007285491449625,40.20622114476958]},{"linear":[0.6182323845985297,-0.7850756015557693,0.03801339863077582,0.7829838282021656,0.6193725520257299,0.057567061511040046,-0.06873895116669276,-0.0058259453294007245,0.9976176697279985],"translation":[-5.769602589291134,6.591208429640282,40.15387182166831]},{"linear":[0.6186193788219783,-0.7849789726060014,0.03343765410934427,0.782750976417078,0.6194244350980596,0.060118866602429516,-0.06790414614749725,-0.011017339509890579,0.9976310165417388],"translation":[-5.769192869819455,6.587893598149287,40.14282040582833]},{"linear":[0.6173513516602745,-0.785954597505901,0.03395113050502323,0.7840912270766429,0.6182439785281212,0.05454659141655259,-0.06386122630106844,-0.007053628361146567,0.9979338605850924],"translation":[-5.7720854633643555,6.587018536826574,40.131562262142864]},{"linear":[0.6180767399666557,-0.7853333723450256,0.03510894178668168,0.7833005784317447,0.619024877248218,0.05699478200961035,-0.06649321274149235,-0.007726294649975943,0.9977569629074489],"translation":[-5.770176848179795,6.589551460196862,40.14715723284531]},{"linear":[0.955690340210435,-0.2893971823468101,0.053900319833838695,0.2869615916463397,0.9567064216285258,0.0486401864155625,-0.06564311501035225,-0.03101763473362278,0.9973609616318803],"translation":[-0.2830095985142408,12.784407019892404,40.74938274468616]},{"linear":[0.8767738246039652,-0.48057009806816975,0.017889699049592575,0.4479705300323401,0.8296960685058429,0.33305680916097785,-0.1749001564089625,-0.2840014344130985,0.942737036792033],"translation":[4.638430578425681,-0.33989106037737593,37.83939417173947]},{"linear":[0.9101087786510874,-0.2461085383367882,-0.33336556267850426,0.26203205107857014,0.9650547898482459,0.0029080575158978578,0.3210003352487092,-0.089999110821651,0.9427931612085062],"translation":[-5.912943110724917,-5.865958532761441,36.37854562268704]},{"linear":[0.9409285832099188,-0.33105901538781635,0.07108677534552134,0.24027972416822196,0.800739512558144,0.548709292049797,-0.2385771477996546,-0.49921554599050283,0.8329854639723231],"translation":[-4.599132540336535,-2.298343873298271,34.95097053203167]},{"linear":[0.8799995936820627,-0.1637058153338553,0.44587119344636095,0.1797596552938034,0.9836898320353787,0.006385975169177979,-0.4396443806624367,0.0745299964852142,0.8950743534343147],"translation":[-3.9672409312434183,-4.117401792442317,35.90366925435428]},{"linear":[0.931173888458336,-0.1750086729157578,-0.3198236292984738,0.2011351691417719,0.9782714145008333,0.05029595714219336,0.3040720855121251,-0.11116206176031389,0.9461411960365658],"translation":[-3.0287342068381315,-2.622139601745058,29.66908866097783]},{"linear":[0.9695197063865587,-0.1861838145770764,0.15927060657148742,0.2391425679925731,0.8605258722634738,-0.44978445431017866,-0.05331389220492396,0.4741632739412833,0.8788212665515355],"translation":[-3.206585386573742,-2.8426232044093536,29.295264331401206]},{"linear":[0.9557352135737828,-0.2223331760957543,0.19271263669580796,0.18749124306011403,0.9649812810740025,0.18346160620835789,-0.22675368863780232,-0.13920878558464495,0.9639521143216602],"translation":[-3.9133463788543,-4.0670951919971845,34.78244730914782]},{"linear":[0.8200291885480326,-0.572274454141992,0.007353847002761399,0.4927655745618011,0.7125172292922684,0.49950103752489516,-0.2910914262839649,-0.4059817078368849,0.8662820755653513],"translation":[-2.1015789507486153,-5.136480056460223,31.546700901194555]},{"linear":[0.9679144205657015,-0.23727868130448979,0.08270732651564158,0.11650880442623943,0.7154036560297148,0.6889291018896545,-0.22263731257839706,-0.6571882807367461,0.7200945706712065],"translation":[-6.434914349932691,-8.100563744981287,33.23030850748592]},{"linear":[0.9792945882443487,-0.19610713198354268,0.05024044407169245,0.10593504520231166,0.7079058604019326,0.6983173053895942,-0.17251050876197566,-0.6785361343316868,0.7140229959692443],"translation":[-4.969859036037076,-7.861882783383303,33.283176011486084]},{"linear":[0.9505909735141943,-0.15699799143399656,0.2678216416928013,-0.016594367216004866,0.8357692623325065,0.5488299983755249,-0.3100023032979544,-0.5261571731202275,0.7918694343918663],"translation":[-4.935619198055909,0.7856550460187381,20.287898511342572]},{"linear":[0.9671927044172594,-0.05123494184680907,-0.24882373933365357,0.10355657245749741,0.9738959019496972,0.2019970506379753,0.2319791129021813,-0.22113740728230435,0.9472507261953286],"translation":[-3.5485699837908458,1.183575098084636,21.22045732850009]},{"linear":[0.9914039947990276,0.03866757647965387,-0.12499175023064522,-0.06870225930827234,0.9668790365193916,-0.24581482523491544,0.11134683948127484,0.2522890153544605,0.9612242891588871],"translation":[-3.9948892055731116,0.08765716254720557,21.394677354469604]}],"scale":{"linear":[0.25641025641025644,0.25641025641025644,0.25641025641025644]},"k":0.03897167051098169,"files":["/tmp/jl_E7lYW2/8.0 extrinsic.png","/tmp/jl_E7lYW2/intrinsic0001.png","/tmp/jl_E7lYW2/intrinsic0002.png","/tmp/jl_E7lYW2/intrinsic0003.png","/tmp/jl_E7lYW2/intrinsic0004.png","/tmp/jl_E7lYW2/intrinsic0005.png","/tmp/jl_E7lYW2/intrinsic0007.png","/tmp/jl_E7lYW2/intrinsic0009.png","/tmp/jl_E7lYW2/intrinsic0010.png","/tmp/jl_E7lYW2/intrinsic0011.png","/tmp/jl_E7lYW2/intrinsic0012.png","/tmp/jl_E7lYW2/intrinsic0013.png","/tmp/jl_E7lYW2/intrinsic0014.png","/tmp/jl_E7lYW2/intrinsic0015.png","/tmp/jl_E7lYW2/intrinsic0016.png","/tmp/jl_E7lYW2/intrinsic0017.png","/tmp/jl_E7lYW2/intrinsic0018.png","/tmp/jl_E7lYW2/intrinsic0020.png","/tmp/jl_E7lYW2/intrinsic0021.png","/tmp/jl_E7lYW2/intrinsic0022.png"]}