{"intrinsic":{"linear":[1542.5131096393495,1156.8847977516584],"translation":[555.4296458924687,721.7207588944946]},"extrinsics":[{"linear":[0.9287313826975375,-0.21439134008377997,-0.3024803664534295,0.21228910549578006,0.9763786187030953,-0.040225969562426925,0.3039594619032637,-0.026854166092372494,0.9523064103968647],"translation":[-2.3147780509579308,-2.210096053903662,39.74168340394552]},{"linear":[0.9298870725297784,-0.2130736787019208,-0.29984936182428196,0.21142226246564055,0.976642325268183,-0.03834573546910114,0.30101604488117956,-0.02773762677640441,0.9532155919753434],"translation":[-2.3130975952070463,-2.2135182128858335,39.73905522875168]},{"linear":[0.9285205361706351,-0.21278754921332219,-0.3042549470578649,0.21243012578226364,0.9765603660320835,-0.03468851618929227,0.30450460681166686,-0.03242391702233278,0.9519588405153875],"translation":[-2.314304382692363,-2.2136630968587654,39.721935843409106]},{"linear":[0.9291016687374746,-0.21430950592512307,-0.3013992780671011,0.21216847970990174,0.976404483127285,-0.04023458147574314,0.3029102595932154,-0.026565409823091947,0.9526487566958254],"translation":[-2.314288089732583,-2.210666704607819,39.741652311246646]},{"linear":[0.9298638729355717,-0.21442602334516614,-0.29895594712538687,0.21310552082471984,0.9763122483279107,-0.03742232968328881,0.2998986742272859,-0.028911490402228242,0.953532857807972],"translation":[-2.316540692558855,-2.2105326739070783,39.739909435805714]},{"linear":[0.9282200111352601,-0.21484713190249313,-0.30372408669931045,0.2131066273931038,0.9762387691597534,-0.03928652377834486,0.3049478255197015,-0.028259078235539782,0.9519497088649604],"translation":[-2.3022551926096106,-2.1774788843566375,39.747596136673586]},{"linear":[0.957415176054646,0.004365782205416953,-0.2886816942689411,0.038070070205117726,0.9892459332212876,0.1412202299945773,0.2861937288181362,-0.14619652373048672,0.9469528636813412],"translation":[1.2253994467903266,-3.8746486515371177,37.46721182306499]},{"linear":[0.9605818117249786,-0.004641295470893085,-0.27795870441400067,0.12336125179975746,0.9031424962649369,0.41123671163301473,0.24912764707586105,-0.4293158392334137,0.8681148113272547],"translation":[1.2398640878693183,-2.570232690661136,34.809734024669254]},{"linear":[0.9960903433836388,0.008014751097011445,0.08797608528865793,-0.010677324528959253,0.9994977779910332,0.02983599389814905,-0.08769277369753763,-0.030658694620613842,0.995675660988754],"translation":[2.1220380017840204,-3.6605662387737277,35.34883791812632]},{"linear":[0.8051142625753991,-0.0209002860525222,-0.5927513831621098,0.03552280238232693,0.9992841153964913,0.013014884830763289,0.5920550267572919,-0.03153465964894231,0.8052803304019338],"translation":[1.4760130360255515,-3.418304109721494,37.15335964957158]},{"linear":[0.9688756184426892,0.017885214734733496,-0.24690110384765215,-0.01727292676157197,0.9998400188004439,0.0046457298907029805,0.24694469418958168,-0.00023642973686076665,0.9690295465632581],"translation":[2.0137138279744686,-3.620257845365413,38.13295608757367]},{"linear":[0.9513301157871898,-0.02678227840989898,-0.3070076877856754,0.06235199943042491,0.9923404229604107,0.10664292346790515,0.3017999982825718,-0.12059516790455511,0.9457132580833958],"translation":[-3.896993039567896,-3.018394971792127,39.44786746068404]},{"linear":[0.9826032802391239,-0.048811240362529665,0.17918776877227124,0.05065126036564643,0.998700105343108,-0.005705209114151135,-0.17867636521567445,0.014682043520438611,0.9837983503296691],"translation":[-4.073236574313541,-2.9996834022803562,36.64093226461417]},{"linear":[0.9582761209362733,-0.028466436238695436,-0.284423167219545,-0.07399668133071712,0.936405690919736,-0.3430289684052532,0.27610028467093123,0.34976283967997546,0.8952287913062396],"translation":[-4.163216154238503,-3.435722381518748,39.19038936813277]},{"linear":[0.953549994504002,-0.07858419805672408,-0.2908039404774275,0.08986876375863585,0.9956237109704638,0.025632624795308544,0.28751697911934204,-0.05057617985953594,0.9564392488542615],"translation":[-4.703166215158601,-3.016625809480833,40.4818788379321]},{"linear":[0.9523807734780931,-0.10319760953629943,-0.28691656573865254,0.1031332540670467,0.994548627738614,-0.015380473620212321,0.2869397048419947,-0.01494257170749174,0.9578320966306964],"translation":[-12.394093687847617,-1.660723931733229,43.0597960068245]},{"linear":[0.9479108379381868,-0.09645880247937656,-0.30357987868692643,0.09599900241174507,0.9952450688167459,-0.016475573795781184,0.3037255913736511,-0.013525990543952145,0.9526635359477819],"translation":[-12.319047223756495,-1.7552281633799864,43.069325909887404]},{"linear":[0.9960568851680656,-0.08452411401388414,-0.026950986242784063,0.08374366860273456,0.9960687188248398,-0.02888088204327327,0.02928616530456298,0.026510026948496523,0.9992194648789343],"translation":[-12.773510855984343,-1.849122827480686,41.0328710582427]},{"linear":[0.7957867497898252,-0.10340420652833208,-0.5966833489642491,0.11295577377767678,0.9933673408518451,-0.021501611549379393,0.5949491087725338,-0.05028813181238831,0.8021886696841258],"translation":[-12.816307677966227,-1.68084345933539,42.03747946542728]},{"linear":[0.9413140485142233,-0.1517602505795434,-0.3014907766645548,0.24018241018165998,0.9287426462748536,0.28239955175196524,0.2371503150094705,-0.3382394467450777,0.9106886431467631],"translation":[-5.931410412863482,5.562767470431946,38.43261290471941]},{"linear":[0.9891990825489982,-0.13193551069177475,-0.06386075557586539,0.1324085453611029,0.9911900156357534,0.0032140347465081332,0.06287409800209139,-0.011635029973987725,0.9979536431507867],"translation":[-5.327438945587432,4.742121976107445,39.1225962465363]},{"linear":[0.9487745403833676,-0.1863005021750849,-0.25518423620913694,0.2160535653350972,0.9718691647199824,0.09376131170411632,0.23053791103920906,-0.1440918094681123,0.9623356077886149],"translation":[-5.563598052537376,4.764763908081779,39.85932626510329]},{"linear":[0.8920299339864134,-0.3115466303564477,-0.3274466276902819,0.3237379583737582,0.94597339912303,-0.018112494571741522,0.3153986860787248,-0.0898500153876641,0.9446960588224399],"translation":[-8.647213658677769,-7.410734420495222,41.23827427370119]},{"linear":[0.9498693324873684,-0.309435687406835,-0.04469682940724915,0.30242158934179375,0.9456284508503972,-0.11969968772833732,0.07930594870490304,0.1001817762935829,0.9918034977749763],"translation":[-9.26667512562768,-8.53453459854345,40.037755576655705]},{"linear":[0.8963836943424415,-0.34387248651163993,-0.27972841388979164,0.3496831845033008,0.936370252816036,-0.030535554962429146,0.2724297028457563,-0.0704447489990208,0.9595934526380627],"translation":[-9.01373942850466,-8.33954558286167,41.50536477297896]},{"linear":[0.9150792881090519,-0.29235355358842813,-0.2777756220010114,0.11388096433143986,0.8481011602209909,-0.5174510102364771,0.3868604689507213,0.44187534637726456,0.8093733105478587],"translation":[-8.849154006643994,-8.92800438698412,40.43412768530948]},{"linear":[0.9364331798005928,-0.2222245697496547,-0.2714942731774124,0.2931556657212439,0.9207340921283077,0.25750434413460893,0.1927502410480591,-0.3207256961832676,0.9273523453271001],"translation":[-6.663900653196581,-3.8216429669329193,32.891676762052555]},{"linear":[0.9745599793318934,-0.22394267906221688,-0.009084226937740096,0.22077326970549882,0.9661742105678549,-0.13329125334066508,0.038626546158859486,0.12789476661700908,0.9910352761651918],"translation":[-6.893809741683964,-3.513292655874417,32.412455579398106]},{"linear":[0.8480051237081805,-0.45926284717897187,0.2645088795593407,0.4329039263009657,0.8881515003933678,0.15421122832730966,-0.30574744603656384,-0.01626497925218283,0.9519737127106211],"translation":[-3.463725759570355,-2.218835591961633,29.944971069256795]},{"linear":[0.9160465418713999,-0.2202087116911334,-0.3352116591361057,0.20595751455822472,0.9754498671997924,-0.07796831905912699,0.34415147148086994,0.0023832488830280926,0.9389111165612607],"translation":[-9.016442314205282,-2.001530603853037,33.07412075462978]},{"linear":[0.9445548437251851,-0.20052629166804858,-0.2600102950753141,0.13615439581139444,0.9597669774000267,-0.24557957894265273,0.29879445727209425,0.19656183617955234,0.9338550834370382],"translation":[-9.087099471349966,-2.543224959167764,33.591199686446714]},{"linear":[0.9318651560951414,-0.2450031857705945,-0.2675832016738662,0.27145569988315027,0.9601712482056308,0.06620405667472093,0.24070549195381152,-0.1343302388946739,0.9612576413541654],"translation":[-6.351358125421833,-3.994978397356792,33.742802823349294]},{"linear":[0.8929979775067349,-0.3454479489145796,-0.28847933506508067,0.35077265289851983,0.9358142379186483,-0.034788763807789495,0.2819807762018815,-0.07012436594686383,0.9568539152624786],"translation":[-8.154110295013261,-2.8550693279720956,27.909823923428362]},{"linear":[0.8714017799593784,-0.42122852708962516,-0.25144674555366986,0.47407575116918704,0.8548663230038048,0.21084532707016712,0.12613928823724224,-0.3029357980824644,0.9446262658867487],"translation":[-6.555760544547248,-3.279486741377909,26.39001829356296]},{"linear":[0.8860584163514701,-0.42069130816519096,-0.19472880127753342,0.42657487883264933,0.9043620726942788,-0.012771617791748995,0.18147825093281914,-0.0717500153753875,0.9807739697463408],"translation":[-5.621211911713969,-3.5190959817015552,27.893151523312838]},{"linear":[0.8904122067473876,-0.41296753598431596,-0.19137376073613152,0.41925454396907574,0.9078304638799444,-0.008335239217168507,0.1771771131848857,-0.07281252003994745,0.9814818426689831],"translation":[-6.651162275878996,-2.5701324400027694,23.287764822467032]},{"linear":[0.6569126142298876,-0.42479310523009295,-0.6229098129060341,0.5573258332812381,0.8300096323422732,0.021723852706600127,0.5077930019437337,-0.36143440340955324,0.7819919687624366],"translation":[-4.336069407962575,-3.2740287269256334,24.745329527357743]}],"scale":{"linear":[0.25641025641025644,0.25641025641025644,0.25641025641025644]},"k":0.04017465958805604,"files":["/tmp/jl_kV1UmK/2.0 extrinsic.png","/tmp/jl_kV1UmK/intrinsic0001.png","/tmp/jl_kV1UmK/intrinsic0002.png","/tmp/jl_kV1UmK/intrinsic0003.png","/tmp/jl_kV1UmK/intrinsic0004.png","/tmp/jl_kV1UmK/intrinsic0005.png","/tmp/jl_kV1UmK/intrinsic0006.png","/tmp/jl_kV1UmK/intrinsic0007.png","/tmp/jl_kV1UmK/intrinsic0008.png","/tmp/jl_kV1UmK/intrinsic0009.png","/tmp/jl_kV1UmK/intrinsic0010.png","/tmp/jl_kV1UmK/intrinsic0011.png","/tmp/jl_kV1UmK/intrinsic0012.png","/tmp/jl_kV1UmK/intrinsic0013.png","/tmp/jl_kV1UmK/intrinsic0014.png","/tmp/jl_kV1UmK/intrinsic0015.png","/tmp/jl_kV1UmK/intrinsic0016.png","/tmp/jl_kV1UmK/intrinsic0017.png","/tmp/jl_kV1UmK/intrinsic0018.png","/tmp/jl_kV1UmK/intrinsic0019.png","/tmp/jl_kV1UmK/intrinsic0020.png","/tmp/jl_kV1UmK/intrinsic0021.png","/tmp/jl_kV1UmK/intrinsic0022.png","/tmp/jl_kV1UmK/intrinsic0023.png","/tmp/jl_kV1UmK/intrinsic0024.png","/tmp/jl_kV1UmK/intrinsic0025.png","/tmp/jl_kV1UmK/intrinsic0026.png","/tmp/jl_kV1UmK/intrinsic0027.png","/tmp/jl_kV1UmK/intrinsic0028.png","/tmp/jl_kV1UmK/intrinsic0029.png","/tmp/jl_kV1UmK/intrinsic0030.png","/tmp/jl_kV1UmK/intrinsic0032.png","/tmp/jl_kV1UmK/intrinsic0033.png","/tmp/jl_kV1UmK/intrinsic0034.png","/tmp/jl_kV1UmK/intrinsic0035.png","/tmp/jl_kV1UmK/intrinsic0036.png","/tmp/jl_kV1UmK/intrinsic0037.png"]}