{"intrinsic":{"linear":[6390.695310777042,8520.927081036056],"translation":[-95.91452576562628,717.9223170386306]},"extrinsics":[{"linear":[-0.9981307864556893,0.058397044892151376,0.018019941098995827,-0.026029052481798834,-0.6729899159426189,0.7391935209851657,0.0552939558744623,0.7373427684512888,0.6732519738228342],"translation":[21.484193592242164,3.2928613313795037,215.78739074739224]},{"linear":[-0.9981307864556891,0.05839704489215096,0.018019941098996038,-0.026029052481798428,-0.6729899159426191,0.7391935209851651,0.055293955874462127,0.7373427684512882,0.6732519738228344],"translation":[21.484193592242182,3.2928613313795085,215.78739074739246]},{"linear":[-0.9855658546677394,0.058762389198540516,0.15876689745890984,-0.15592594060100118,-0.6803281523866873,-0.7161289731031762,0.06593214057454674,-0.7305481412513456,0.6796707777692539],"translation":[21.919614109281145,3.3419806999389694,220.68706470829193]},{"linear":[-0.9977014769130382,0.052243902786777215,0.04315480954827658,0.0007503519951859022,-0.628296667767093,0.7779734791396493,0.06775839385216839,0.7762176704342494,0.6268133120540769],"translation":[18.325472673075957,2.9697682528583034,182.62367589405542]},{"linear":[-0.9634949366533336,0.006657035395302338,0.2676437761711174,0.202023806568635,-0.6379155810153866,0.7431353127643184,0.1756812130619215,0.7700775255632047,0.613283552689573],"translation":[18.088864895909158,3.030480665597014,200.8660892623309]},{"linear":[-0.9858776032759342,0.039355996836966695,0.16277732296566513,-0.1481507122607672,-0.6581543946255946,-0.7381626916145552,0.07808148189889294,-0.7518536415739343,0.6546902961221336],"translation":[20.603892749533088,3.4205598976492593,211.54676530600153]},{"linear":[-0.9835929188456616,0.06303153551241994,0.16903252801640967,-0.16602863094218828,-0.6827836193679342,-0.711506164998088,0.07056531516357324,-0.727896664818414,0.6820461726614225],"translation":[21.610536123092807,3.581165347202045,222.06610580470078]},{"linear":[-0.9944901118099645,0.0075832111214035255,0.10455578616839964,-0.08189488472648618,-0.6788290808402144,-0.729715223125614,0.06544192362575715,-0.7342571578913734,0.6757098347052843],"translation":[21.16330531478477,3.8052719858741577,220.27287996694577]},{"linear":[-0.8737868633190372,0.04837539551201211,0.48389703305572596,-0.15251031314228825,-0.972101584966083,-0.17821086636810424,0.4617760516487609,-0.2295176019731069,0.8567873414728973],"translation":[24.225398243499406,5.225714445670629,294.2126386601372]},{"linear":[-0.9634179382630774,0.08438823021315432,0.25437079791991185,-0.24445304508491772,-0.6657593839388904,-0.7049873413374315,0.10985711165706176,-0.7413791670250793,0.6620334928986351],"translation":[20.429343257724454,4.0578867185368495,218.13691010201418]},{"linear":[-0.9695684872250305,0.027177516112441027,0.24330707182103053,-0.19626911145729786,-0.6803370975271175,-0.7061302072678526,0.14633996196503843,-0.7323952596421797,0.6649675173914404],"translation":[18.228033196615954,4.79983084808669,209.12290604965173]},{"linear":[-0.9738351846031418,0.1813277390357046,-0.13698643832571442,-0.21643409128480207,-0.5562326158558788,0.8023475314275286,0.06929153886794054,0.8110027916809697,0.5809243965672184],"translation":[11.278005922765027,3.352075588669212,143.4702845695452]},{"linear":[-0.7347717180465498,0.2477169217907138,0.6314640520389544,-0.480003958214142,-0.8476539192015865,-0.22600671087590912,0.4792772918235101,-0.46916858368898057,0.7417372294968066],"translation":[14.240738767639371,5.378795212158644,207.64031143564722]},{"linear":[-0.9675900196304135,0.23257289083281796,-0.09838396394373511,-0.22742034323030247,-0.6331851861321951,0.7398354597799088,0.10977040309950331,0.7382319219001598,0.6655554733386008],"translation":[13.697492250145382,3.163355984924955,161.70256224759868]},{"linear":[-0.8457840188248211,0.3073092840089368,0.43613117001935287,-0.5279947841578438,-0.599516919112137,-0.6014989373227552,0.07662180761798185,-0.739013171506575,0.6693195282801384],"translation":[15.085544079031166,3.2703366806482697,159.02935880110567]},{"linear":[-0.5601347190828552,0.4864127216089178,0.6705607807909557,-0.8237291162197524,-0.4128911478831799,-0.38857591676728476,0.08786034127976378,-0.7700153013133672,0.631946988420301],"translation":[19.52135977355907,0.19055023558820625,147.74338250006622]},{"linear":[-0.34726302749863547,0.5065609474291897,0.7891795716262076,-0.804515178725149,-0.5933255768768632,0.02683443728830298,0.4818337025710471,-0.6255883361791363,0.613576007274809],"translation":[21.599045710374913,0.44474945821027606,183.0894797550737]},{"linear":[-0.8442469714216442,0.3005990208708418,0.44371982139281607,-0.5291368401466446,-0.5991182344514887,-0.600892291136569,0.08521300161950449,-0.7420900011448895,0.6648617710139244],"translation":[15.568052235570713,3.477149456398876,169.27894875921453]},{"linear":[-0.9265400583970109,0.31995263361769893,-0.19787327365453514,-0.3581095078328132,-0.5890013278221181,0.724454978741621,0.11524365746280515,0.7420968589509598,0.6603114048308687],"translation":[16.793017870614502,2.607001797850702,185.36447047803046]},{"linear":[-0.840876904242648,0.3167410501542298,0.4388634628885114,-0.534943190053531,-0.6095898983756304,-0.5850093496806185,0.08223025797510278,-0.7266878717479631,0.6820285343940997],"translation":[25.786315904852398,7.043939923344853,218.7885564203644]},{"linear":[-0.6777462930586231,0.45417045919036453,0.5782639157375361,-0.7298304903999444,-0.5112202185826937,-0.45387370864023324,0.08948417473425926,-0.7296458607510058,0.6779450570371115],"translation":[29.262588685179384,1.095410809645949,215.1322527378472]},{"linear":[-0.8441045469368617,0.40282298212552975,-0.35386601830637937,-0.5333559313967904,-0.5631931263476525,0.6311457461463394,0.05494510246034556,0.7214895338854559,0.6902419055732344],"translation":[20.554173510334987,-1.8526686419606468,219.95502378094795]},{"linear":[-0.8424568835036635,0.32745968227634636,0.42782771756954796,-0.5346638376416916,-0.6059265175434765,-0.5890565643941963,0.06633988359617052,-0.72499876677213,0.6855478160007055],"translation":[15.418088147055288,5.939437464082191,229.2445009493943]}],"scale":{"linear":[0.25641025641025644,0.25641025641025644,0.25641025641025644]},"k":7.005042550521348,"files":["/tmp/jl_c5mLU1/9.0 extrinsic.png","/tmp/jl_c5mLU1/intrinsic0001.png","/tmp/jl_c5mLU1/intrinsic0002.png","/tmp/jl_c5mLU1/intrinsic0003.png","/tmp/jl_c5mLU1/intrinsic0004.png","/tmp/jl_c5mLU1/intrinsic0005.png","/tmp/jl_c5mLU1/intrinsic0006.png","/tmp/jl_c5mLU1/intrinsic0007.png","/tmp/jl_c5mLU1/intrinsic0008.png","/tmp/jl_c5mLU1/intrinsic0009.png","/tmp/jl_c5mLU1/intrinsic0010.png","/tmp/jl_c5mLU1/intrinsic0012.png","/tmp/jl_c5mLU1/intrinsic0013.png","/tmp/jl_c5mLU1/intrinsic0014.png","/tmp/jl_c5mLU1/intrinsic0015.png","/tmp/jl_c5mLU1/intrinsic0016.png","/tmp/jl_c5mLU1/intrinsic0017.png","/tmp/jl_c5mLU1/intrinsic0018.png","/tmp/jl_c5mLU1/intrinsic0019.png","/tmp/jl_c5mLU1/intrinsic0020.png","/tmp/jl_c5mLU1/intrinsic0021.png","/tmp/jl_c5mLU1/intrinsic0022.png","/tmp/jl_c5mLU1/intrinsic0023.png"]}