{"intrinsic":{"linear":[23433.835704239897,31245.11427231986],"translation":[1246.2319526152282,831.3128549611982]},"extrinsics":[{"linear":[0.9906497558271896,-0.08163160017870899,-0.10931305105884101,0.13628932731321444,0.5558008811677566,0.8200674361012371,-0.006187126961755378,-0.8272978075308847,0.5617295230932324],"translation":[-20.923462992796946,-4.319465840601367,582.3172093803995]},{"linear":[0.9173916048035967,-0.21030612287223371,0.33788160369918135,0.39733993816967283,0.532331956531137,-0.74749157961214,-0.022663119185192704,0.8199963553200591,0.5719198897490952],"translation":[-21.389985604206224,-5.35901785962433,585.1345187609923]},{"linear":[0.9174115346269553,-0.2104975822466713,0.3377082231775243,0.3973165536321707,0.5319990816851616,-0.747740953336113,-0.022262801783897668,0.8201632428696439,0.571696267875067],"translation":[-21.37930376325667,-5.354791165022985,584.8029907525334]},{"linear":[0.9907195822593193,-0.08115520235927548,-0.10903459294162049,0.1357888010441976,0.5554882435116881,0.8203622448840993,-0.006009229476325893,-0.827554617200777,0.5613530481887281],"translation":[-20.909786004845117,-4.318207646966756,582.0744658119074]},{"linear":[0.9994311364745083,-0.024172845139359578,-0.02351758922893951,0.03296988616859544,0.5535245587884672,0.8321799982119628,-0.007098595023133156,-0.8324819736041743,0.5540066548091245],"translation":[-15.5927602805791,-4.236087652258016,560.6363799362723]},{"linear":[0.9988598227681285,-0.029350078336001964,-0.03765139255450957,0.04758873490726803,0.549538661316028,0.8341118462346123,-0.003790352166883646,-0.8349525930378673,0.5503088229438018],"translation":[-15.58597116683047,-4.145091225277151,556.2020654223796]},{"linear":[0.9917873781311517,-0.054806230749434574,0.11555982714929784,0.12432611945787464,0.6251603587264727,-0.7705306884852376,-0.03001354028238161,0.77856971617706,0.6268399990840487],"translation":[-17.385242901171527,-4.852855468466064,591.700568187185]},{"linear":[0.995364087193885,-0.05922182818902343,-0.07578330284854035,0.09584455497864411,0.5451451644092006,0.8328448661078552,-0.008009694477909862,-0.8362472868638889,0.5482940087281231],"translation":[-16.143053014836244,-4.370815026979457,550.8085453446911]},{"linear":[0.9999834423097912,0.0039631730141111154,0.004172333390396791,-0.005667851652227112,0.552910903240274,0.8332211042308474,0.0009952707715717146,-0.8332309561806285,0.5529242109895413],"translation":[-22.497303700232724,-4.475840914504276,577.4944249410853]},{"linear":[0.9994579413795235,0.02091604752319313,0.02542326433431879,0.008936352098860251,0.5708814054878035,-0.8209838990378773,-0.03168540712331649,0.8207660688797251,0.5703850411355054],"translation":[-22.755555388012638,-4.68893604840971,593.043325175662]},{"linear":[0.9990833747471572,-0.0046369924401948,-0.042554771823392915,0.030985568305718175,0.7642366675236947,0.6441911289121028,0.029534807610735042,-0.6449192308447528,0.7636798287410826],"translation":[-30.3518440425652,-6.179503443488622,748.7346135417624]},{"linear":[0.9969705870019306,-0.010617391572294025,-0.07705140913200037,0.07047762983989855,0.5423752595260268,0.8371750005501988,0.03290216322943784,-0.8400692524133209,0.5414804694580847],"translation":[-22.3186386332132,-4.348841804534673,561.4139754655514]},{"linear":[0.9984638654995656,-0.0389922368593343,-0.039363876287419226,0.05427764792868327,0.5456480830012788,0.8362548095242023,-0.011128621971995385,-0.8371067882783746,0.5469263010600872],"translation":[-29.263009981035626,-3.467568802532124,583.9184108988428]},{"linear":[0.9991774810376287,-0.028288698244343706,-0.02905358736782463,0.039450975116055005,0.5124055681392715,0.8578369042552686,-0.009379869385645105,-0.8582775094871767,0.5131001215735557],"translation":[-29.467878546032747,-3.242587379130936,543.7907093735413]},{"linear":[0.9950679976219553,-0.033202528631607414,-0.09347337696424493,-0.06347524103380366,0.5109985468591133,-0.8572347279966994,0.07622712039906188,0.8589400894127261,0.5063707623030035],"translation":[-30.19289916706585,-3.368283031247514,553.6236855387174]},{"linear":[0.9933027837641989,-0.02007138302238512,-0.11378365150522185,0.10063801407468326,0.63407600266413,0.7666939500012909,0.05675887498353818,-0.7730101955531031,0.6318494026914611],"translation":[-36.16377995904447,-3.797325076360737,669.3590788891925]},{"linear":[0.9960604803650024,-0.011929263965154653,-0.08787042799651222,0.08033909769933378,0.5408705783602228,0.8372602025924407,0.03753863124698979,-0.8410212304844198,0.5396981943999579],"translation":[-23.90643355900693,-0.1451702266555781,576.5357858221535]},{"linear":[0.9997253918579331,-0.023429934011793038,0.0004231627408830558,0.01203347419901922,0.5287806860877285,0.8486731888773751,-0.02010811709742577,-0.8484350441918309,0.5289174221123768],"translation":[-22.39930916381922,-0.24943931534699887,538.7398725690019]},{"linear":[0.9995641532558045,-3.316103479342018e-5,-0.029521219933337693,0.024582785352151207,0.5546361021113296,0.8317298124385593,0.016345953332148708,-0.8320930195207124,0.5543951809626116],"translation":[-24.293755318398418,-0.7123046374196815,585.2874366777978]},{"linear":[0.9981320853565556,-0.012085697842920413,0.05988552487390468,0.05580026195885584,0.5794391097211662,-0.81310309856184,-0.024873096853759352,0.8149259193529138,0.5790311520287243],"translation":[-24.57645641806887,-8.13564179997137,594.9307595972375]},{"linear":[0.9945720769149349,-0.060859071089236313,0.08439524445884589,0.10327006591383563,0.6764873718177609,-0.7291777075975724,-0.012715239174515072,0.7339352895434678,0.6791003706783563],"translation":[-28.339294025989503,-9.22714466146311,668.1531745344452]},{"linear":[0.9973874304267945,-0.019593566861844734,-0.06952989115672907,0.06850958951922628,0.5617888639032136,0.8244390265739752,0.02290741736956156,-0.8270485865606487,0.561663498633737],"translation":[-23.87358319895148,-7.770825405089737,568.6615703982771]},{"linear":[0.9906213206731089,0.06358992399290045,0.1209368454791295,-0.13635333203270886,0.5169824158080838,0.8450662403556394,-0.008784524542828055,-0.8536307769239665,0.520804501532717],"translation":[-19.41846547038047,-4.266017228339674,467.251627339418]},{"linear":[0.9986050190072813,0.04447785705284358,0.028455864869194037,-0.04799333954418659,0.5398858456181876,0.8403689148585463,0.02201488979903,-0.8405623081801379,0.5412673560210475],"translation":[-19.42199332163591,-4.322065739284006,451.30797923886865]},{"linear":[0.9936947644142605,0.05294844992794008,0.09882902825544487,-0.11171436960686663,0.5424176636801413,0.8326481716494173,-0.009519180585927052,-0.8384387513575488,0.5449126952301323],"translation":[-14.824001408870785,-4.014792795491535,420.3208829314062]},{"linear":[0.9959150520918266,0.04081236551722077,0.08054538992284406,-0.08980429656639087,0.5405774001271016,0.8364874552496524,-0.009401985702496035,-0.8403037696528037,0.542034295383731],"translation":[-16.94074789354859,-4.069398585942261,409.02736969124913]},{"linear":[0.9984197066252224,0.027156425820880084,0.04919977600599652,-0.056119471404924806,0.5277454308940829,0.8475466742897707,-0.002948618598093221,-0.848968367318273,0.5284354425483865],"translation":[-14.971139768309515,-3.94386689411863,382.4515748891009]}],"scale":{"linear":[0.25641025641025644,0.25641025641025644,0.25641025641025644]},"k":-24.491405877126052,"files":["/tmp/jl_xGTzGF/11.0 extrinsic.png","/tmp/jl_xGTzGF/intrinsic0001.png","/tmp/jl_xGTzGF/intrinsic0002.png","/tmp/jl_xGTzGF/intrinsic0003.png","/tmp/jl_xGTzGF/intrinsic0004.png","/tmp/jl_xGTzGF/intrinsic0005.png","/tmp/jl_xGTzGF/intrinsic0006.png","/tmp/jl_xGTzGF/intrinsic0007.png","/tmp/jl_xGTzGF/intrinsic0008.png","/tmp/jl_xGTzGF/intrinsic0009.png","/tmp/jl_xGTzGF/intrinsic0010.png","/tmp/jl_xGTzGF/intrinsic0011.png","/tmp/jl_xGTzGF/intrinsic0012.png","/tmp/jl_xGTzGF/intrinsic0013.png","/tmp/jl_xGTzGF/intrinsic0014.png","/tmp/jl_xGTzGF/intrinsic0015.png","/tmp/jl_xGTzGF/intrinsic0016.png","/tmp/jl_xGTzGF/intrinsic0017.png","/tmp/jl_xGTzGF/intrinsic0018.png","/tmp/jl_xGTzGF/intrinsic0019.png","/tmp/jl_xGTzGF/intrinsic0020.png","/tmp/jl_xGTzGF/intrinsic0021.png","/tmp/jl_xGTzGF/intrinsic0022.png","/tmp/jl_xGTzGF/intrinsic0023.png","/tmp/jl_xGTzGF/intrinsic0024.png","/tmp/jl_xGTzGF/intrinsic0025.png","/tmp/jl_xGTzGF/intrinsic0026.png"]}