{"intrinsic":{"linear":[7843.39334061045,10457.8577874806],"translation":[1217.3017848859636,1055.6695295229258]},"extrinsics":[{"linear":[-0.4104244096444055,0.5224079103688415,0.747423426948943,-0.9112101525748246,-0.20319698748480375,-0.3583392835312169,-0.03532508758101738,-0.8281310038038434,0.5594203953434594],"translation":[-16.44701218985114,-7.197150307530925,208.58554755366663]},{"linear":[-0.946352830947093,0.12709728073513626,0.2970902229763823,-0.32155196588814516,-0.46129995282088315,-0.8269260467302502,0.031947653934079834,-0.8780937505512636,0.4774208967472238],"translation":[-16.35787934029816,-4.646960930538575,190.58197665224807]},{"linear":[-0.946289347245375,0.12718763097587504,0.29725372632932157,-0.321733541286327,-0.4614157716401212,-0.82679079221597,0.03199999533252909,-0.8780198131070257,0.47755335627573803],"translation":[-16.359561517576193,-4.647406947355823,190.60414883015838]},{"linear":[-0.9810445021980346,0.10684253678266875,-0.1616674272723303,-0.19315811113782366,-0.6060802349416333,0.7715936060613531,-0.015544414066741244,0.7881950400420814,0.6152291849744964],"translation":[-18.190320825906873,-5.4290287099030525,204.67233869476627]},{"linear":[-0.9717356000589592,0.08015979416738733,-0.22204578576747752,-0.22637972956425068,-0.5831579803048913,0.7801788179956801,-0.06694879849908549,0.8083941967912449,0.5848219224462834],"translation":[-16.84959572662269,-5.015768123050406,191.25115090371204]},{"linear":[-0.9888850381396073,-0.11230991168235956,0.09743133521371757,0.14489421112714684,-0.5809680013047881,0.8009256201681659,-0.03334739758165546,0.8061405989018416,0.5907836201831519],"translation":[-9.864070478439826,-4.865018625941752,185.5605072133288]},{"linear":[-0.9903793284211271,0.06489849366393158,0.12221690290737208,-0.13763469383510743,-0.5534692251114725,-0.8214185948147403,0.01433446507664729,-0.8303372822983797,0.5570767637734566],"translation":[-11.396860869454619,-4.339306414750473,197.86962516046805]},{"linear":[-0.9662206338423116,0.15097456731846834,0.20886446983717083,-0.2574669318700683,-0.5298377168281122,-0.8080734946895526,-0.011334272397237125,-0.8345529784557563,0.5508110932251191],"translation":[-19.795463645155035,-8.715524799974059,205.91111181820952]},{"linear":[-0.9290123520367967,0.12031609813670045,-0.3499429757720807,-0.35442408024736194,-0.5611928529639432,0.7479613313019609,-0.10639370800884212,0.8188935329524529,0.5639980146993243],"translation":[-17.587883660899873,-7.6956273944051015,178.6798739942901]},{"linear":[-0.939729544513102,0.25743076951283145,0.22502840282335188,-0.3419104923992114,-0.7120602753790741,-0.6132433280635065,0.0023660846405109404,-0.6532224453699583,0.7571623594106915],"translation":[-27.098565629409734,-11.618098709254294,264.2259038381717]},{"linear":[-0.9873244824164507,0.04215588762433978,0.15301388028440804,-0.15121565208853233,-0.5426919800061891,-0.8262077471195737,0.0482098847180437,-0.8388732299790984,0.542187708307655],"translation":[-26.6019043106749,-4.717160617813128,215.32836075557432]},{"linear":[-0.9991930057452757,0.0231893580264401,0.03279620319554154,-0.03975358910159115,-0.6876962090304073,-0.7249093572569942,0.005743641986015827,-0.7256281263564197,0.6880631023512367],"translation":[-32.12047967766306,-5.699817001296012,257.76365386547604]},{"linear":[-0.9995474294690921,0.0178458729065879,-0.02421695814780289,-0.03007604070593828,-0.6090830957192694,0.7925359387967754,-0.000606644199897189,0.7929056106052179,0.6093441758592443],"translation":[-26.980323923636995,-4.490059391790995,211.99714354241104]},{"linear":[-0.9924073294127358,0.002321270690042572,0.12297277841158846,-0.10520162221890741,-0.5340036482370112,-0.8389116296440722,0.06372057132820116,-0.845478985766025,0.5301933358857519],"translation":[-19.996945835716264,-2.069383970108101,206.82824915885402]},{"linear":[-0.9960230371176914,0.029790258642790668,-0.08396814884732078,0.054817102208266175,-0.5380531645726874,-0.8411265525465269,-0.07023670576229128,-0.8423843140653277,0.5342803314556406],"translation":[-16.084696483385578,-0.5714032106791403,186.0371570173372]},{"linear":[-0.9854620373977203,-0.08853601047051726,0.1450032678869673,-0.011914734570182654,-0.8153676658423623,-0.578820877818778,0.16947746737562855,-0.572133676992312,0.8024589981445784],"translation":[-27.482370131343764,-0.41791958729744344,279.37616272728036]},{"linear":[-0.9998804766479623,-0.015344381807792637,0.0018927137080338554,0.01073689448210576,-0.601073603849194,0.7991215438546395,-0.011124365830195614,0.7990463520364004,0.6011665125256038],"translation":[-19.00051286059061,-0.6446933237867314,198.11593371235435]},{"linear":[-0.875378930019578,0.21439939395211924,-0.43329508276778617,-0.4774342005629737,-0.5242085948581423,0.7051680177160944,-0.07594941086389576,0.824159116281447,0.5612427621267032],"translation":[-16.434720899378686,-3.888320011587162,171.16528011052162]},{"linear":[-0.7547942839517052,0.3176333030559076,0.5739291539063223,-0.6528530694998567,-0.44883644669928885,-0.610187441495621,0.06378446957095546,-0.8352574027832083,0.5461470612732449],"translation":[-15.784769349563435,-5.219189072482172,173.82212975331996]},{"linear":[-0.865266362480068,0.29162757715598664,0.4077590933414492,-0.4993814956132261,-0.4300900726805212,-0.7520908530362284,-0.043957295180767214,-0.8543862625439346,0.5177758883692807],"translation":[-14.853284160391913,-4.650536210930218,168.22563995759128]},{"linear":[-0.836139384340393,0.3289729020115992,0.4389165748715071,-0.5453454123080614,-0.5845004664310998,-0.6007974583970687,0.05890085932665989,-0.741711557469542,0.6681277230340673],"translation":[-20.933978047848818,-5.940337820107533,205.39934462137307]},{"linear":[-0.8601871876373937,0.2621154131304761,-0.43746258402737903,-0.5090391039894476,-0.4933390797555006,0.7053337812664418,-0.030938533159996257,0.8294046434554343,0.5577909506082652],"translation":[-12.994476529219252,-3.6345421833566296,142.38055348474822]},{"linear":[-0.8949640483157,0.24779083011025582,0.37099738103609814,-0.4460078771477418,-0.5170324795938213,-0.7305849632775298,0.010785441323297645,-0.8193150307167171,0.5732421431621427],"translation":[-12.049894090981184,-3.8683025825763186,164.0470037514165]},{"linear":[-0.8851030208299115,0.2683742084434721,0.3802208920615813,-0.46454465496798386,-0.46010066307102365,-0.7566410267638684,-0.028123052082619476,-0.8463348415869123,0.531908290833687],"translation":[-11.29531432366969,-4.121564027713411,159.18059221035602]},{"linear":[-0.7828749844763675,0.291231260005521,-0.5498100689117328,-0.6176309664385152,-0.470424585215797,0.6302639914518133,-0.07509159724865011,0.8329976367434317,0.548157084422435],"translation":[-16.681939405381097,-3.672975210617046,156.14951009256154]},{"linear":[-0.7506758826056584,0.2824547171526294,0.5972478983072642,-0.6597008055594555,-0.3694282650226062,-0.654459780388828,0.03578500270255219,-0.8852920929052827,0.46365649334497966],"translation":[-15.62405993299358,-4.171929312719718,157.7449106308768]},{"linear":[-0.6504524587835219,0.41812147687520873,0.6341025385835994,-0.7587779209466919,-0.3201451094816915,-0.5672417258618864,-0.03417112152514917,-0.8501067812049555,0.5255005185564172],"translation":[-10.021920282800805,-4.77687933110813,146.71547114031847]},{"linear":[-0.6634057332180748,0.3529631955004933,-0.6597801268267092,-0.7436312852060156,-0.40892423248690357,0.5289550867019295,-0.08309840429417042,0.8415449807984579,0.533757154984067],"translation":[-9.724637687609956,-3.0876066949397143,123.75703352975609]},{"linear":[-0.41137758437596245,0.48468535809044555,0.7719122921198593,-0.910773514800532,-0.2515731721743596,-0.32741799550424167,0.03549771557274467,-0.8377296954834937,0.5449301510232756],"translation":[-10.356121017052772,-5.203892052913716,129.32479654489737]},{"linear":[-0.49461390004588646,0.4593465478131708,0.7378060984388244,-0.867197540934433,-0.2045116274671056,-0.4540301963834873,-0.057667277364811365,-0.8643932804244131,0.49949849036653926],"translation":[-10.530085547854606,-5.440427151401955,135.89915256490838]},{"linear":[-0.5381938048255962,0.4877350854529834,0.6873586508261308,-0.841846301680313,-0.2718760343856974,-0.46623837923736633,-0.04052447155148564,-0.8295769454034254,0.5569199752752587],"translation":[-10.107632873322325,-4.732073675329131,142.05351449700058]},{"linear":[-0.4079231916260668,0.5243034042164942,0.7474654574363948,-0.9123136018579374,-0.20195888941971785,-0.35622534840933406,-0.03581286917576487,-0.8272354847994312,0.5607128419164751],"translation":[-16.450757224692172,-7.209955141652251,208.71336834840642]}],"scale":{"linear":[0.25641025641025644,0.25641025641025644,0.25641025641025644]},"k":-1.6142792576398437,"files":["/tmp/jl_QsMYZv/103.0 extrinsic.png","/tmp/jl_QsMYZv/intrinsic0001.png","/tmp/jl_QsMYZv/intrinsic0002.png","/tmp/jl_QsMYZv/intrinsic0003.png","/tmp/jl_QsMYZv/intrinsic0004.png","/tmp/jl_QsMYZv/intrinsic0005.png","/tmp/jl_QsMYZv/intrinsic0006.png","/tmp/jl_QsMYZv/intrinsic0007.png","/tmp/jl_QsMYZv/intrinsic0008.png","/tmp/jl_QsMYZv/intrinsic0009.png","/tmp/jl_QsMYZv/intrinsic0010.png","/tmp/jl_QsMYZv/intrinsic0012.png","/tmp/jl_QsMYZv/intrinsic0013.png","/tmp/jl_QsMYZv/intrinsic0014.png","/tmp/jl_QsMYZv/intrinsic0015.png","/tmp/jl_QsMYZv/intrinsic0016.png","/tmp/jl_QsMYZv/intrinsic0017.png","/tmp/jl_QsMYZv/intrinsic0018.png","/tmp/jl_QsMYZv/intrinsic0019.png","/tmp/jl_QsMYZv/intrinsic0020.png","/tmp/jl_QsMYZv/intrinsic0021.png","/tmp/jl_QsMYZv/intrinsic0022.png","/tmp/jl_QsMYZv/intrinsic0023.png","/tmp/jl_QsMYZv/intrinsic0024.png","/tmp/jl_QsMYZv/intrinsic0025.png","/tmp/jl_QsMYZv/intrinsic0026.png","/tmp/jl_QsMYZv/intrinsic0027.png","/tmp/jl_QsMYZv/intrinsic0028.png","/tmp/jl_QsMYZv/intrinsic0029.png","/tmp/jl_QsMYZv/intrinsic0030.png","/tmp/jl_QsMYZv/intrinsic0031.png","/tmp/jl_QsMYZv/intrinsic0032.png"]}