{"intrinsic":{"linear":[1409.8676112396204,1409.8676112396204],"translation":[539.5298308569941,959.4661335182864]},"extrinsics":[{"linear":[-0.9630535746177276,0.265867966666623,-0.04291895521296876,-0.264918791945365,-0.9639045905491893,-0.02657017110235678,-0.048433935316323506,-0.014218460491752433,0.998725182065126],"translation":[-8.588487569058193,7.784697455924352,39.44421782469212]},{"linear":[-0.9519035264193055,0.2989911212675266,-0.06696257009462611,-0.29673194586093454,-0.9540499634248208,-0.04169915580298122,-0.0763533148990527,-0.019823639733538234,0.9968837417731522],"translation":[0.43580747723426955,6.669876480847547,40.044810604071806]},{"linear":[-0.9520465774160682,0.2988974679456759,-0.06532700885555599,-0.2967947147327186,-0.9541012749161913,-0.04004565532017674,-0.07429812741297341,-0.018736618130331312,0.997060042025536],"translation":[0.43319237841012875,6.678841080586152,40.083524549671296]},{"linear":[-0.952312356805755,0.2989888514310278,-0.060883838537197664,-0.2963680010638101,-0.9538414304143139,-0.04850292332032603,-0.07257536097402623,-0.02814591169478746,0.9969657088558058],"translation":[0.4340986753518489,6.668990055670587,40.033203034788016]},{"linear":[-0.9632769836815522,0.2650570421138358,-0.042921057014421234,-0.2639890638474283,-0.9640899397483725,-0.02898900213767466,-0.049063498431413534,-0.016593748878538154,0.9986578095723415],"translation":[-8.588536412133463,7.787246053165251,39.43839723740423]},{"linear":[-0.6613117662322443,0.6986386892727158,0.2730764173159053,-0.7048966035815672,-0.7032875085265315,0.09223588569376787,0.25649079145645653,-0.13149396260606336,0.9575603436317708],"translation":[10.34296543953437,2.1672315873923993,33.68017345666795]},{"linear":[-0.854701934293908,0.5147659725286248,-0.0670864892576088,-0.5113742664672393,-0.8571300193848993,-0.06184245681030885,-0.08933623626135717,-0.01855056322328641,0.9958287571137688],"translation":[10.557777049638068,1.1409835895479767,40.53338299882064]},{"linear":[-0.8464523007681942,0.532179341424649,-0.01742558707926601,-0.5297654932461131,-0.8450014863647043,-0.07294525486378603,-0.053544604676220194,-0.05251320407542356,0.9971837035911688],"translation":[0.9404455613448013,-3.791578865848852,39.73946003558588]},{"linear":[-0.7341778876086419,0.6786991378165067,-0.018716561480202187,-0.6762615882592428,-0.7334391578561056,-0.06882779938667566,-0.060440827191545796,-0.03787455676910763,0.9974529684942267],"translation":[6.70372757560384,11.891899721354287,40.73551707274121]},{"linear":[-0.7345697461338578,0.6782337348502816,-0.020156611220082138,-0.6758382489407277,-0.7339743065269575,-0.06726350144768405,-0.06041481054816335,-0.03578712435094031,0.9975316197480257],"translation":[6.704326976712364,11.897934827425205,40.74377403297068]},{"linear":[-0.9600802204804983,0.2750390821951431,-0.05098503218955971,-0.21863655644219981,-0.8515333955382101,-0.4765384900197071,-0.17448216650768036,-0.44636798669754424,0.8776739679530017],"translation":[0.03639211962615102,2.749280654321976,38.85986887911605]}],"scale":{"linear":[0.25641025641025644,0.25641025641025644,0.25641025641025644]},"k":0.026478768102908702,"files":["/tmp/jl_Jf7a1M/11.0 extrinsic.png","/tmp/jl_Jf7a1M/intrinsic0001.png","/tmp/jl_Jf7a1M/intrinsic0002.png","/tmp/jl_Jf7a1M/intrinsic0003.png","/tmp/jl_Jf7a1M/intrinsic0005.png","/tmp/jl_Jf7a1M/intrinsic0006.png","/tmp/jl_Jf7a1M/intrinsic0007.png","/tmp/jl_Jf7a1M/intrinsic0008.png","/tmp/jl_Jf7a1M/intrinsic0009.png","/tmp/jl_Jf7a1M/intrinsic0010.png","/tmp/jl_Jf7a1M/intrinsic0012.png"]}