{"intrinsic":{"linear":[7762.901080380549,10350.53477384073],"translation":[313.5367242435009,676.5008249898935]},"extrinsics":[{"linear":[-0.9873265603763296,0.08386218360660627,0.13473454396025408,-0.1570271920221593,-0.6392308975531594,-0.7528122744609164,0.0229940022849806,-0.7644285406590429,0.644298286576027],"translation":[7.71472437787819,4.991556044142574,257.3379373424706]},{"linear":[-0.9449603050360204,0.16676296133521268,0.28149624621465585,-0.32452149919603385,-0.587272561154591,-0.7414827951304644,0.04166315477481723,-0.7920233921050804,0.6090674247508006],"translation":[-0.8520983027393368,13.313618174184493,224.32793124637334]},{"linear":[-0.9872016332965026,0.08326237537696024,0.13601585225003693,-0.1576226154049999,-0.6391085460329876,-0.7527917225238919,0.024249666587505984,-0.7645963923758644,0.6440530338692677],"translation":[7.714352895908376,4.991542636249167,257.3396626519125]},{"linear":[-0.9872486167089998,0.08380156280102471,0.13534203662673733,-0.1574375572153254,-0.6396822363606507,-0.7523430414795558,0.023528374024533498,-0.7640575466263935,0.6447189163185916],"translation":[7.730759626982262,4.996413727169664,257.5197126731565]},{"linear":[-0.9871355963177324,0.08331524086090109,0.1364620281350278,-0.15797336805645237,-0.6398371497975823,-0.7520989540770597,0.02465216962735165,-0.7639810157191058,0.6447676156209057],"translation":[7.718754865088889,4.996514527835938,257.48751806058704]},{"linear":[-0.9880770092456462,0.1060482786777498,-0.11161355826988605,-0.15241571876933968,-0.571324474288884,0.8064476385671642,0.02175482641172953,0.8138440315367659,0.5806760024831221],"translation":[6.409672419617982,4.441366295089131,207.78837703527412]},{"linear":[-0.9811815800254153,0.11419088357756105,0.1557021166413789,-0.19115934270317717,-0.6881408635264027,-0.6999430388556103,0.027217874937601874,-0.7165351310667978,0.697019794002271],"translation":[7.642556135215138,5.723772145438441,272.9162077127992]},{"linear":[-0.9133493428620408,0.11509325323039653,0.39057204323187555,-0.2912531527462927,-0.8549884271145437,-0.4291461179080423,0.28454275409650287,-0.5057156637489514,0.8144243909228988],"translation":[7.5509557548819,7.319176305628225,331.71939084578446]},{"linear":[-0.9883050312095958,0.0953209278212131,0.1190255687031288,0.03871622794677385,-0.5981183571616977,0.8004720385621007,0.1474931150236295,0.7957187641029304,0.5874329148720997],"translation":[5.515372605228496,5.03966443978862,238.76085902169808]},{"linear":[-0.8825425342901599,0.11478202445329164,0.45600851091959427,-0.45505568843749744,-0.45285904864853754,-0.7667092033344953,0.11850314590497993,-0.8841627502442893,0.4518995856283534],"translation":[6.428263195728875,5.163296942214199,223.26042102977317]},{"linear":[-0.966590232408322,0.13467390701646087,0.21809690823518707,-0.25315057607288116,-0.6350797586484052,-0.7297866030484883,0.04022571872315504,-0.76061596020857,0.6479546686529858],"translation":[7.710780833707422,5.65669985236212,260.87735560580717]},{"linear":[-0.9666303173964654,0.13512577429770237,0.2176392763506968,-0.2531041580423466,-0.6349179028551744,-0.7299435196065942,0.03954888963907101,-0.7606709418365039,0.6479317892910355],"translation":[7.7268256748109625,5.654092797816735,260.992675781409]},{"linear":[-0.9665452026142782,0.13470294244231984,0.21827846572830933,-0.25334074198846895,-0.6344286744413027,-0.7302867419687855,0.040110344701282,-0.7611539754504555,0.6473297350685442],"translation":[7.724497024445422,5.65036579726236,260.7431121543684]},{"linear":[-0.9923334231433286,0.061422258551069794,0.10724590186635927,-0.12148407370335888,-0.6442666157961594,-0.7550908207672773,0.022715570630739083,-0.7623305280028141,0.6467891224548156],"translation":[13.155737116854269,4.1095806155356,251.27208253973805]},{"linear":[-0.9991261480213156,-0.027151999434200706,0.031775922753132194,-0.005225535045897926,-0.6731421668775216,-0.7394946361907696,0.041468471440022386,-0.7390144735376701,0.6724120565384503],"translation":[1.160538892772869,5.8472937531163645,283.6600009757554]},{"linear":[-0.9983818167632819,-0.0048050728684044045,0.0566626793505008,0.046329511428279235,-0.6465209190713558,0.7614881992348576,0.032974601244977766,0.7628811260464231,0.6456973464362974],"translation":[7.792364157204628,0.3372760114786919,249.69982127905826]},{"linear":[-0.9910893635782112,0.034899840185918386,0.12854522378188044,-0.12148367683453234,-0.6325944510068804,-0.7648960562181417,0.054622245147002854,-0.7736964919852622,0.6311973927582399],"translation":[8.691050808683181,10.810182303409912,261.56026321432864]},{"linear":[-0.9806596614222376,-0.029607466001830913,0.19346841193376513,-0.04772255201667494,-0.9224855297304063,-0.38307049673268717,0.18981355717713727,-0.3848945899788179,0.9032314034159793],"translation":[5.796777221077665,12.90822837769972,325.1309644364956]},{"linear":[-0.991035282335109,0.06039198427557419,-0.11917163002254341,-0.1322156243777144,-0.571435673966694,0.8099261072398158,-0.019185875986837624,0.8184216998305271,0.57429767839434],"translation":[4.9602917450893695,1.1668667798475552,182.84469210150374]},{"linear":[-0.9973665752680879,0.0653611118142014,-0.03142991569216305,-0.06334449743540718,-0.5740225301615566,0.816385698987666,0.03531839722666798,0.8162267209111301,0.5766511518136446],"translation":[8.096003829567305,3.4237837677737457,187.65846476197854]},{"linear":[-0.9968594695700903,0.06152390710110435,0.049859871474489996,0.0029375689394021375,-0.6004542152119257,0.7996537413924583,0.0791363924952625,0.7972888712939903,0.5983877397587543],"translation":[7.570897655272526,3.8405667808488424,185.81322994048276]},{"linear":[-0.9711099310391746,0.0028492883918125322,0.23861555563866754,0.21034977548167938,-0.4619672983360488,0.8615910788900379,0.11268750503892098,0.8868923817599025,0.4480216840559738],"translation":[-0.20454250551007946,4.4444907478560225,192.76030234064604]},{"linear":[-0.995693222197893,0.05828575412392652,-0.07209561800402446,-0.09236673597056187,-0.5568876854584207,0.825435940501083,0.007961994431142538,0.8285402082282839,0.5598729587984316],"translation":[3.6814331951585872,3.963064697466821,179.32353554066657]},{"linear":[-0.9630671152862998,0.12209127947456397,0.23999052258451636,-0.2651420173832718,-0.5853128653559141,-0.7662300961635342,0.04691952761968239,-0.8015625796686832,0.5960671009230691],"translation":[2.684637560226961,3.1222458757716716,156.65820628549713]},{"linear":[-0.9899040665874212,0.08187108915534826,-0.11570247929151531,-0.14120673767801378,-0.49896415184631837,0.8550411875498262,0.012271763851179507,0.8627467182973235,0.5054873924037866],"translation":[2.595855902256375,6.670650171785515,189.63525575304016]}],"scale":{"linear":[0.25641025641025644,0.25641025641025644,0.25641025641025644]},"k":21.33930599800573,"files":["/tmp/jl_lCOv1d/30.0 extrinsic.png","/tmp/jl_lCOv1d/intrinsic0001.png","/tmp/jl_lCOv1d/intrinsic0004.png","/tmp/jl_lCOv1d/intrinsic0005.png","/tmp/jl_lCOv1d/intrinsic0006.png","/tmp/jl_lCOv1d/intrinsic0007.png","/tmp/jl_lCOv1d/intrinsic0008.png","/tmp/jl_lCOv1d/intrinsic0009.png","/tmp/jl_lCOv1d/intrinsic0010.png","/tmp/jl_lCOv1d/intrinsic0011.png","/tmp/jl_lCOv1d/intrinsic0012.png","/tmp/jl_lCOv1d/intrinsic0013.png","/tmp/jl_lCOv1d/intrinsic0014.png","/tmp/jl_lCOv1d/intrinsic0015.png","/tmp/jl_lCOv1d/intrinsic0016.png","/tmp/jl_lCOv1d/intrinsic0017.png","/tmp/jl_lCOv1d/intrinsic0018.png","/tmp/jl_lCOv1d/intrinsic0019.png","/tmp/jl_lCOv1d/intrinsic0021.png","/tmp/jl_lCOv1d/intrinsic0022.png","/tmp/jl_lCOv1d/intrinsic0023.png","/tmp/jl_lCOv1d/intrinsic0024.png","/tmp/jl_lCOv1d/intrinsic0025.png","/tmp/jl_lCOv1d/intrinsic0026.png","/tmp/jl_lCOv1d/intrinsic0027.png"]}