{"intrinsic":{"linear":[1440.4556927459028,1440.4556927459028],"translation":[556.5796027609246,974.950987456722]},"extrinsics":[{"linear":[-0.7356556223147724,0.6771192706225636,-0.017896891021423257,-0.6756928496699265,-0.7354436661392907,-0.050614097251004506,-0.04743393575911054,-0.025141743916590523,0.9985579174245396],"translation":[3.024781649372241,13.596592190009503,40.43640796810876]},{"linear":[-0.37642378247349645,0.9263456560009772,0.013742692475109482,-0.9255046364136704,-0.3753301796167617,-0.05067962357446345,-0.04178880191086816,-0.03179594120275359,0.9986204054383656],"translation":[3.0522436879724264,2.772237039246488,39.82316155387165]},{"linear":[-0.376110008059517,0.9265467385375936,0.007239001506992485,-0.925591366376282,-0.3753393672061883,-0.0489998154582802,-0.04268353695697428,-0.025129678282985755,0.9987725541594725],"translation":[3.0540932015212063,2.772718428126119,39.827646943962385]},{"linear":[-0.37615809014169266,0.926554543033498,0.0013304153259864025,-0.9254179523330754,-0.37562475909562887,-0.05007648004810714,-0.04589885315137923,-0.02006786332264144,0.9987444999303133],"translation":[3.052423346509116,2.7757815165401505,39.86641916455275]},{"linear":[-0.2753319479425224,0.8498072169116021,0.44946636417771396,-0.9589552982058912,-0.27575429954417935,-0.06606286646633891,0.06780158172953227,-0.4492073690044012,0.8908511015580085],"translation":[2.9133376891045915,3.723209038049897,36.46832766366629]},{"linear":[-0.284093416159353,0.9586231688558202,0.01823598167727508,-0.8401096706495352,-0.23971516058168918,-0.4865720738682238,-0.4620678220521723,-0.15355214723383132,0.873450093539317],"translation":[3.222554779381269,2.865981323231032,38.97943443553293]},{"linear":[-0.2823893539534876,0.7696498143447734,-0.5726215295051245,-0.9253289577848587,-0.3759827179388298,-0.049023623857461396,-0.25302682201402965,0.5160195336325812,0.8183527773833814],"translation":[2.62394404711143,2.2025433382428092,37.19429094022628]},{"linear":[-0.29654835301322835,0.9509589995612883,0.08795484909051557,-0.8061731143311134,-0.29864073526437684,0.5107823616477236,0.5119999844285303,0.08056483348301563,0.8551989964628341],"translation":[1.4908353876206257,2.67519128156076,33.712677863993996]},{"linear":[-0.7353767503156787,0.6773686097012368,-0.019819225175709845,-0.6757658574408285,-0.7351935315074596,-0.05320692762086663,-0.05061166873769243,-0.02573398183343801,0.9983868093913213],"translation":[3.0241280896377623,13.588219249198552,40.42470719257985]},{"linear":[-0.18716096748876154,0.9816911521247882,-0.035401328909751284,-0.9780337751644854,-0.18958802165327393,-0.08663900208971917,-0.09176440969229493,0.018408255906071015,0.9956105811150869],"translation":[13.339571393422087,-0.533970182411176,40.510304085411526]},{"linear":[-0.12418301916239666,0.9922336300337952,0.007141511161474844,-0.9889084837009537,-0.12316946270896473,-0.08300177299471091,-0.08147753442509412,-0.017369711740342603,0.996523810301623],"translation":[13.423465020090267,-0.8502953755957704,40.55689547961728]},{"linear":[-0.07148015383728606,0.9973365675318512,-0.01450374679810694,-0.9940609849617023,-0.07242657093822519,-0.0812228416093713,-0.08205696670221672,0.008611787614421933,0.9965904330916064],"translation":[11.226192362633123,-0.7607711456681051,40.51822904851514]},{"linear":[-0.03248746494272725,0.996980998913678,-0.07052270858865153,-0.9989264779631686,-0.034720064215862045,-0.030666084930193103,-0.03302205695735012,0.06945073754778422,0.997038684710064],"translation":[-0.14931053057119986,-9.990002800528009,39.42730379953928]},{"linear":[-0.9955663322823731,-0.08161367386401738,-0.046764155763161216,0.08453687271876997,-0.9943386778085155,-0.06437476963021925,-0.04124554735670123,-0.06804264877583117,0.9968294752718817],"translation":[-8.709967448918473,10.432202194474808,39.54288716248533]},{"linear":[-0.991378096934681,0.03826855486689826,-0.12531953808792107,-0.03777162002764582,-0.9992662856940238,-0.006339952346605084,-0.12547021016423715,-0.0015517679173368709,0.9920961739557679],"translation":[-5.914001058716755,8.816403065892835,39.535230710566786]},{"linear":[-0.9486710449841286,0.1098476855202695,-0.29657500635515793,-0.17647364382898392,-0.9620411157517231,0.20816806824511053,-0.26245056952203955,0.24982069087451514,0.9320457719278262],"translation":[-2.4951045382650556,9.049338337680036,32.60769062388187]},{"linear":[-0.815420978694652,0.4819742455133721,0.32060794464029047,-0.5402469567541853,-0.832548252480567,-0.12246074068612922,0.20789866094445436,-0.27306452342508675,0.9392624302207201],"translation":[5.230700378722121,4.418736563514426,27.23962099052764]}],"scale":{"linear":[0.25641025641025644,0.25641025641025644,0.25641025641025644]},"k":0.04633687190439212,"files":["/tmp/jl_2Svrfk/71.0 extrinsic.png","/tmp/jl_2Svrfk/intrinsic0004.png","/tmp/jl_2Svrfk/intrinsic0005.png","/tmp/jl_2Svrfk/intrinsic0007.png","/tmp/jl_2Svrfk/intrinsic0009.png","/tmp/jl_2Svrfk/intrinsic0010.png","/tmp/jl_2Svrfk/intrinsic0011.png","/tmp/jl_2Svrfk/intrinsic0012.png","/tmp/jl_2Svrfk/intrinsic0013.png","/tmp/jl_2Svrfk/intrinsic0014.png","/tmp/jl_2Svrfk/intrinsic0015.png","/tmp/jl_2Svrfk/intrinsic0016.png","/tmp/jl_2Svrfk/intrinsic0017.png","/tmp/jl_2Svrfk/intrinsic0018.png","/tmp/jl_2Svrfk/intrinsic0019.png","/tmp/jl_2Svrfk/intrinsic0020.png","/tmp/jl_2Svrfk/intrinsic0021.png"]}