{"intrinsic":{"linear":[[1449.9575528361374,0.0],[0.0,1449.9575528361374]],"translation":[557.7521555476317,980.2907584297086]},"extrinsics":[{"linear":[[-0.7356547889099516,0.6772000048265379,-0.01456657189563913],[-0.6757010021780652,-0.7351896063027626,-0.05407770742132652],[-0.04733061598386626,-0.029939877209587903,0.9984304765697318]],"translation":[2.9922177164783736,13.447774424981706,40.740490517349926]},{"linear":[[-0.37631614582658934,0.9263539130383165,0.015955757231184742],[-0.9255784240235496,-0.3751252828638031,-0.050848826323072555],[-0.041118601293129664,-0.03390353897384661,0.9985788955674687]],"translation":[3.0198649830379494,2.624713191750198,40.08620085266481]},{"linear":[[-0.27565568613411673,0.8479932152384965,0.4526825042028977],[-0.9588844895945482,-0.2756380030683536,-0.0675590621567036],[0.06748687514570781,-0.452693271624361,0.8891087242340503]],"translation":[2.8836875296285207,3.5891062846940405,36.71910383295079]},{"linear":[[-0.2841704590233581,0.958522519440732,0.021948347168880167],[-0.8394514472496796,-0.23767944410442748,-0.4887021071784208],[-0.4632153040745441,-0.15729927391822904,0.8721745928975033]],"translation":[3.1898287667451735,2.7199041989268675,39.219076838849475]},{"linear":[[-0.28138393587189797,0.7720298915409843,-0.5699060687520845],[-0.925134706254452,-0.37598345832140234,-0.052556772657453815],[-0.25485065414224184,0.5124512519605102,0.8200273522556288]],"translation":[2.5930764853470007,2.064934878414936,37.4389028686852]},{"linear":[[-0.29660965866093403,0.950551589728643,0.09205642646439136],[-0.8060397048726655,-0.3008763127001046,0.5096797412344097],[0.5121744864378059,0.07697479925494119,0.8554251432602569]],"translation":[1.4623970917328508,2.550961415163532,33.93603214035058]},{"linear":[[-0.735406070412999,0.6774359535057599,-0.016076084643136195],[-0.6757751489671862,-0.734942829284963,-0.05645339423800026],[-0.05005856208570734,-0.03065235032351915,0.9982758004587489]],"translation":[2.9914104361619587,13.43937787180381,40.726827928614476]},{"linear":[[-0.18688388234101078,0.98176847374807,-0.034714240241382886],[-0.9777259951679632,-0.1893183035958576,-0.09061157926227015],[-0.09553163294933889,0.01700717136892258,0.995281097594072]],"translation":[13.30395827726489,-0.6835895719962393,40.80306959436087]},{"linear":[[-0.12402247423921564,0.9922562276178517,0.006782671831460606],[-0.9885902679296015,-0.12296961580704246,-0.08699284880464082],[-0.08548513343536307,-0.017494351713011752,0.9961858459241828]],"translation":[13.38894005523969,-1.0000882490381147,40.857729096685716]},{"linear":[[-0.06981936671201794,0.9975104407102229,0.009908415919297281],[-0.9941907050924983,-0.06876451539498774,-0.08280267707129935],[-0.08191518747835562,-0.01563208548433375,0.9965167033039619]],"translation":[11.179988864180224,-0.9259504476129742,40.67790042474955]},{"linear":[[-0.03533666642648586,0.9978483070562283,-0.05522749415718947],[-0.9991440152043041,-0.036463766994333346,-0.019535367362917656],[-0.021507135729437545,0.054489905501864264,0.9982826720479092]],"translation":[-0.17261066754302473,-10.13100149453061,39.62189941317367]},{"linear":[[-0.9957959066413559,-0.08176428392971012,-0.04129302834355794],[0.08442577519173138,-0.9941439936852084,-0.06745374936131662],[-0.035535908593919,-0.07065636342953008,0.9968675325775831]],"translation":[-8.745217393594595,10.289612580697561,39.850088411508096]},{"linear":[[-0.9887752141633209,0.037009542698301826,-0.14475451497463587],[-0.03636675077937021,-0.9993133951858016,-0.007085029285599157],[-0.14491733952164138,-0.0017412499789505108,0.9894422331568836]],"translation":[-5.954862615914621,8.671302012656104,39.8374708517548]},{"linear":[[-0.9481041026178185,0.11005629376760609,-0.298305586272533],[-0.17629113317722014,-0.9627294260396818,0.2051182307850687],[-0.26461301359221334,0.24706206596611197,0.9321696672806963]],"translation":[-2.5214832915797274,8.929391930821042,32.84915602967803]},{"linear":[[-0.8156216856275051,0.48073473109503967,0.3219555625441616],[-0.5401232748805975,-0.8321304004166304,-0.12580081333090545],[0.20743219100806454,-0.2765015642296418,0.938359617157599]],"translation":[5.2082758672027,4.318068498060697,27.431748201307208]}],"scale":{"linear":[[0.25641025641025644,0.0,0.0],[0.0,0.25641025641025644,0.0],[0.0,0.0,0.25641025641025644]]},"k":[0.05619105530943656,0.0,0.0],"files":["/tmp/jl_OzMAR5/71.0 extrinsic.png","/tmp/jl_OzMAR5/intrinsic0004.png","/tmp/jl_OzMAR5/intrinsic0009.png","/tmp/jl_OzMAR5/intrinsic0010.png","/tmp/jl_OzMAR5/intrinsic0011.png","/tmp/jl_OzMAR5/intrinsic0012.png","/tmp/jl_OzMAR5/intrinsic0013.png","/tmp/jl_OzMAR5/intrinsic0014.png","/tmp/jl_OzMAR5/intrinsic0015.png","/tmp/jl_OzMAR5/intrinsic0016.png","/tmp/jl_OzMAR5/intrinsic0017.png","/tmp/jl_OzMAR5/intrinsic0018.png","/tmp/jl_OzMAR5/intrinsic0019.png","/tmp/jl_OzMAR5/intrinsic0020.png","/tmp/jl_OzMAR5/intrinsic0021.png"]}