{"intrinsic":{"linear":[[1370.1711137008006,0.0],[0.0,1370.1711137008006]],"translation":[539.6487644975513,959.6220081472153]},"extrinsics":[{"linear":[[-0.319407174194872,-0.9455628603254168,-0.062369337386752995],[0.9466643486381193,-0.32134537968221216,0.02374358807046345],[-0.04249315345337001,-0.05145895578138783,0.9977706689312316]],"translation":[-2.5809149394374704,4.180068852932137,37.68673426199549]},{"linear":[[-0.32052373901781134,-0.9459535789608228,-0.049359489232085454],[0.9465640201889619,-0.3218286658890686,0.02104436969293042],[-0.035792295396530116,-0.03997669650274542,0.9985593499271712]],"translation":[-2.578092964251649,4.182918019619089,37.66342302840477]},{"linear":[[-0.32066011862694216,-0.9458157184316643,-0.05108537060402067],[0.9465656964838457,-0.32194552194258247,0.019090917766579823],[-0.034503196405659214,-0.04223396345020153,0.9985118035201586]],"translation":[-2.578505709113994,4.183522375066217,37.67402554417223]},{"linear":[[-0.31987403752837656,-0.9458125756059393,-0.0558495473657],[0.9467100022713822,-0.3214101185558607,0.02087360268920238],[-0.037693125561750376,-0.046196401543479176,0.9982209779251383]],"translation":[-2.58036850297952,4.1812289194279755,37.68252453787193]},{"linear":[[-0.31972517877747,-0.9456479302074517,-0.0593784653732118],[0.9466141909517006,-0.32151984825422064,0.023378636988508235],[-0.04119931485561773,-0.04873375906849208,0.9979617413420628]],"translation":[-2.5801157044265524,4.1804638435388854,37.68736926764612]},{"linear":[[-0.31980160775725175,-0.9456233820300388,-0.059357822011493935],[0.9466131133558251,-0.32156612839513943,0.022778030901558055],[-0.04062690363131996,-0.04890444179245858,0.9979768585865603]],"translation":[-2.5806369322176637,4.180896689242851,37.68680825906083]},{"linear":[[-0.26446953805535917,-0.8394906753478855,-0.474669642430118],[0.9519093366217808,-0.3061776848896834,0.011128347940060901],[-0.15467539653437534,-0.44889935540112424,0.8800936827562102]],"translation":[-2.396162423988524,4.513151061977086,36.85038976963844]},{"linear":[[-0.22179835282757088,-0.7273408670567517,-0.6494464980212836],[0.9524649113086919,-0.3042556289110635,0.015463020457175292],[-0.20884463940619155,-0.6151453286704419,0.7602500517633866]],"translation":[-2.2868624685881818,4.802796378979991,36.37847579806003]},{"linear":[[-0.3086904401082295,-0.9470042595806275,-0.08884337072587259],[0.9478084817782896,-0.2984199270123667,-0.11227033905296316],[0.07980785710016985,-0.11886328069711441,0.9896980481172011]],"translation":[-2.53599044160319,4.2209207193463385,37.58977609454175]},{"linear":[[-0.2969806917731825,-0.9519520660560445,-0.07476451461455641],[0.7141257056198558,-0.16944281134712907,-0.6792007142632615],[0.633898213664359,-0.25510075972918905,0.7301346842184155]],"translation":[-3.2629666984766263,4.5870014079921795,36.26779710688017]},{"linear":[[-0.2904635622239203,-0.8757879292384888,0.3855209748124613],[0.9529235562528421,-0.30137276398547913,0.033333962653564],[0.08699203962792981,0.37705431986374627,0.9220967546377443]],"translation":[-2.5591795031299815,3.5881207355323927,34.297309755506234]},{"linear":[[-0.263432025596673,-0.7852340457332669,0.560366898836289],[0.952021955367925,-0.30540165186720114,0.01959662047950661],[0.15574904297448108,0.5386439681813496,0.828012627412398]],"translation":[-2.785255988742482,2.9234135092120344,33.06149822877848]},{"linear":[[-0.26000490349564837,-0.7847975511925817,0.562574665089307],[0.9532772713914967,-0.30142868791772165,0.02007959034900192],[0.1538177298187746,0.541510433641244,0.8265026051084596]],"translation":[-2.802032647889758,2.9107211213855466,33.05938244324653]},{"linear":[[-0.3048309046534975,-0.9499573350882482,-0.06825819423456733],[0.8574238258650757,-0.3049244332864145,0.41454248615052147],[-0.41461126661853587,0.06783915902332924,0.9074664435096103]],"translation":[-1.4662635752979774,4.337407890051197,33.803392312547075]},{"linear":[[-0.3013384744102113,-0.9512830973598472,-0.06523490260268999],[0.5146250026229504,-0.21985017581557437,0.8287502680959988],[-0.8027180267786787,0.2161628295320845,0.5558033830530615]],"translation":[2.10786484555025,3.4465125139441093,29.530311164123383]},{"linear":[[-0.28097394719789365,-0.9581202880790737,-0.055309624544994565],[0.9564963941741497,-0.2842823607890989,0.06556056189529123],[-0.07853845508975212,-0.034482646584181556,0.9963145377623803]],"translation":[-2.2741338851998942,5.105780245999255,31.350483069794787]},{"linear":[[-0.27248124990353595,-0.9461118721344458,-0.1750036966959866],[0.959155669141399,-0.28146417190328976,0.02825459765613972],[-0.07598928085540624,-0.160156939721791,0.9841622751630082]],"translation":[-1.8791566743661603,5.240200513472384,31.17332111767294]},{"linear":[[-0.29240895059237604,-0.9447738040544658,-0.14798467753764022],[0.9495505537454674,-0.30519383756581575,0.07218356733721887],[-0.11336115514205815,-0.1194118113266204,0.9863518985740098]],"translation":[-1.3843796232598078,5.12571222472669,26.70887586519774]},{"linear":[[-0.2632232514054446,-0.7644679588073011,0.588474519309498],[0.954349723505076,-0.2955980362479666,0.04287663946872328],[0.14117409523468225,0.5728966232430983,0.8073780613264918]],"translation":[-1.370527887575751,3.590187328576604,24.46730599765936]},{"linear":[[-0.3116715933670647,-0.9482164119428824,-0.06120828383643184],[0.7730804450646565,-0.21559826915782127,-0.5965433863473675],[0.5524558293173021,-0.23324455504538105,0.8002434218380146]],"translation":[-0.45434812722304113,4.209167609211993,27.89856375443337]},{"linear":[[-0.2816952655527105,-0.9509832908381675,-0.1275874520154595],[0.7419449796802833,-0.30020551833904263,0.5994950324114544],[-0.6084122159296376,0.07421204285960625,0.7901437516061189]],"translation":[-0.4531808830604469,4.3049143468884505,24.35868772462584]},{"linear":[[-0.22957480221232557,-0.9547749707290362,-0.1889448741261325],[0.9712182505821979,-0.23739053394752335,0.01951522810947709],[-0.06348637590244663,-0.1790265054718944,0.9817937616492047]],"translation":[-2.2008255733213598,4.601867863707072,21.248092548956]},{"linear":[[-0.2222591326004657,-0.9739010324122565,-0.04601800780161379],[0.9748579396026748,-0.22121209041278955,-0.02678075146128547],[0.01590206179449492,-0.050813286860275,0.9985815611702127]],"translation":[-2.0838598087562206,4.191323584082247,21.472623681586153]},{"linear":[[-0.11656039023161657,-0.4602031252024712,-0.8801288309008697],[0.956374489018947,-0.29102720743329524,0.02551472687146672],[-0.2678833928835475,-0.8387587544028713,0.47404877357687836]],"translation":[-2.2216302106466093,1.731388868284087,22.15873046858164]},{"linear":[[-0.2748644599159654,-0.9541291663918755,-0.11868893173101427],[0.9164517434103291,-0.22265162085980428,-0.33247925909546666],[0.290801875295317,-0.20015941039293333,0.9356123554955227]],"translation":[-1.7356549683835965,2.8745731864431705,20.13878896319323]},{"linear":[[-0.2635185665858941,-0.9596159739666424,-0.09846394046841694],[0.956677620243639,-0.24687531335781443,-0.1543389470595433],[0.12379780284594408,-0.13486942634464352,0.9830993550236841]],"translation":[-1.8044519631794589,2.8575966229319043,19.42591496108275]},{"linear":[[-0.1346496949668003,-0.9793824602218888,-0.15059699948892677],[0.8364585878423605,-0.19382268395372987,0.5126107665760997],[-0.5312311083418512,-0.056945270169634854,0.8453110349067943]],"translation":[-2.1459300413567224,2.792564770182195,16.247891940461027]},{"linear":[[-0.20493240534092638,-0.7434239146907796,0.6366502904318969],[0.9693356455278145,-0.24427747326638394,0.026775405949603703],[0.13561384719252417,0.6226149685965054,0.7706876704146857]],"translation":[-2.045665629094883,1.7222308676459666,15.49133849945332]},{"linear":[[-0.223418522043149,-0.9671633649568905,-0.12115770505139087],[0.9729551566033878,-0.22876593210443813,0.03200642978004217],[-0.05867220165403803,-0.1107301846546482,0.9921171296572877]],"translation":[-2.1976965521256844,3.5944546075279526,19.173121938295502]},{"linear":[[-0.20254352104159068,-0.9746158929966976,-0.09539383209791139],[0.9773253441924598,-0.20732039859840867,0.043051410245043414],[-0.061735675935108814,-0.08451102557209186,0.9945082165943067]],"translation":[-2.3983749065145346,3.645865950487799,16.632758018201038]},{"linear":[[-0.24369514069102333,-0.9661743263096794,-0.0843792011316741],[0.9680687002541621,-0.24759811618271738,0.03921943970771122],[-0.058784946983046094,-0.07212727669063049,0.9956615820475316]],"translation":[-3.1577190522063754,4.188584976217622,16.506373344494897]},{"linear":[[-0.15939555596972127,-0.6622577369342038,-0.7321254992198338],[0.9632842558766204,-0.2666333753310362,0.03146562473247483],[-0.21604744644945378,-0.7002294859761092,0.6804426264221728]],"translation":[-3.401303036591718,3.054892305647857,18.260773949768062]},{"linear":[[-0.10435260439507854,-0.4299638518364834,-0.8967951940492872],[0.9571954685593289,-0.28819936236309907,0.026794822316813627],[-0.2699766081079077,-0.855612186476699,0.441633804669787]],"translation":[-3.3709163822261545,2.4721760028470463,19.132570222789322]},{"linear":[[-0.2170950217396353,-0.8239064924550688,0.5234957910301218],[0.9695123389939064,-0.2444262388805341,0.01736773690728305],[0.11364671607412069,0.5113060780365335,0.8518512302558858]],"translation":[-3.3371788703305407,3.277868353792192,14.700599135576999]},{"linear":[[-0.2632487996047454,-0.9602445561522981,-0.09290027925973499],[0.9645251057611712,-0.2599955417771585,-0.0457562958772173],[0.01978357558840764,-0.10164994164227523,0.9946234963548066]],"translation":[-3.3281886410125874,4.424526216190738,17.584080870935598]},{"linear":[[-0.3211059552386459,-0.9435957186565029,-0.08073465949265224],[0.788587399388371,-0.21919965703086725,-0.5745271306765557],[0.52442433108711,-0.24815041827622997,0.8144940091082129]],"translation":[-2.0108334808359873,3.8932419991472194,18.470481528201347]},{"linear":[[-0.33407420149356165,-0.9383893418647385,-0.08843003432715654],[0.8610495536103676,-0.2656800189268191,-0.43359865517599544],[0.3833902634702999,-0.22099676607975044,0.8967565641011312]],"translation":[-1.7317332215297272,3.837097755849001,18.510941214776643]},{"linear":[[-0.2726415118264022,-0.9610464171856045,-0.045347437013868064],[0.6541947068316306,-0.21973825070178515,0.723701863153603],[-0.7054756491775536,0.16764511681892913,0.6886212480197491]],"translation":[-1.3792594019488407,3.7357472890615657,13.442428939910618]}],"scale":{"linear":[[0.25,0.0,0.0],[0.0,0.25,0.0],[0.0,0.0,0.25]]},"k":[-0.01784808599558626,0.0,0.0],"files":["/tmp/jl_hRoSrx/22.0 extrinsic.png","/tmp/jl_hRoSrx/intrinsic0001.png","/tmp/jl_hRoSrx/intrinsic0002.png","/tmp/jl_hRoSrx/intrinsic0003.png","/tmp/jl_hRoSrx/intrinsic0004.png","/tmp/jl_hRoSrx/intrinsic0005.png","/tmp/jl_hRoSrx/intrinsic0006.png","/tmp/jl_hRoSrx/intrinsic0007.png","/tmp/jl_hRoSrx/intrinsic0008.png","/tmp/jl_hRoSrx/intrinsic0009.png","/tmp/jl_hRoSrx/intrinsic0010.png","/tmp/jl_hRoSrx/intrinsic0011.png","/tmp/jl_hRoSrx/intrinsic0012.png","/tmp/jl_hRoSrx/intrinsic0013.png","/tmp/jl_hRoSrx/intrinsic0014.png","/tmp/jl_hRoSrx/intrinsic0015.png","/tmp/jl_hRoSrx/intrinsic0016.png","/tmp/jl_hRoSrx/intrinsic0017.png","/tmp/jl_hRoSrx/intrinsic0018.png","/tmp/jl_hRoSrx/intrinsic0019.png","/tmp/jl_hRoSrx/intrinsic0020.png","/tmp/jl_hRoSrx/intrinsic0021.png","/tmp/jl_hRoSrx/intrinsic0022.png","/tmp/jl_hRoSrx/intrinsic0023.png","/tmp/jl_hRoSrx/intrinsic0024.png","/tmp/jl_hRoSrx/intrinsic0025.png","/tmp/jl_hRoSrx/intrinsic0026.png","/tmp/jl_hRoSrx/intrinsic0027.png","/tmp/jl_hRoSrx/intrinsic0028.png","/tmp/jl_hRoSrx/intrinsic0029.png","/tmp/jl_hRoSrx/intrinsic0031.png","/tmp/jl_hRoSrx/intrinsic0032.png","/tmp/jl_hRoSrx/intrinsic0033.png","/tmp/jl_hRoSrx/intrinsic0035.png","/tmp/jl_hRoSrx/intrinsic0036.png","/tmp/jl_hRoSrx/intrinsic0037.png","/tmp/jl_hRoSrx/intrinsic0038.png","/tmp/jl_hRoSrx/intrinsic0039.png"]}