{"intrinsic":{"linear":[1377.7855926616703,1377.7855926616703],"translation":[539.384431281121,959.9283861190573]},"extrinsics":[{"linear":[0.24831204107387778,0.9654940636342465,0.07850059455032597,-0.968003361926261,0.25035108952643964,-0.01714127394277372,-0.03620250760902381,-0.07173245471858923,0.996766689543177],"translation":[3.442307331768102,-3.8112450754288165,37.75465581080627]},{"linear":[0.2485666925505105,0.9655392234000963,0.0771272158867324,-0.9679891875147322,0.25047877151076364,-0.016041130790160462,-0.03480707125094509,-0.0706710202161911,0.9968922081612104],"translation":[3.441804499222911,-3.8122009826829113,37.75245059175751]},{"linear":[0.24849897419534628,0.9657290461567941,0.07493776906840177,-0.9679201907166352,0.25053779124149145,-0.019008407689953565,-0.03713171457034067,-0.06781020991652623,0.9970070266573567],"translation":[3.4420883406896388,-3.813038161553338,37.77421037155812]},{"linear":[0.24825648231312647,0.9650892717452874,0.0834950091422437,-0.9679450056639106,0.25053085386265417,-0.017797676060140336,-0.03809442216131579,-0.07640018864505836,0.9963492490965179],"translation":[3.4411001219688413,-3.8105033515972115,37.72677628960024]},{"linear":[0.24837880328509443,0.9652789087123087,0.0808986926584041,-0.9680359557527428,0.2503553449566569,-0.015119180583190166,-0.034847646241003456,-0.07455755928682159,0.9966076519396456],"translation":[3.4414599286471357,-3.810336270221334,37.74107326182814]},{"linear":[0.2479410691002396,0.9650181391339089,0.08523624461435318,-0.9679649021137294,0.2503705895028038,-0.01893452370609147,-0.03961280764334006,-0.07781104712408213,0.9961808402173099],"translation":[3.4434368444478283,-3.8105331444480854,37.73979176811744]},{"linear":[0.2487107614452455,0.9656569815253981,0.07516349627700274,-0.9679193016366467,0.2506532175499856,-0.01746968949539226,-0.03570969981044354,-0.06840729904839418,0.9970181837741734],"translation":[3.441383560117469,-3.812409044399555,37.76068763950208]},{"linear":[0.1498495006930925,0.6875678505033782,0.7104896748695192,-0.9737474601175866,0.2271707421387893,-0.014468511694733621,-0.17135055020798684,-0.6896694170907363,0.7035588703677498],"translation":[4.029644649803913,-2.3419847101107805,33.11281386805325]},{"linear":[0.2436169743251449,0.9271289090880596,-0.28475033933929994,-0.9665923845488201,0.2562157019141356,0.007257838856904564,0.07968646028584588,0.27346937676060107,0.9585742370944887],"translation":[3.283174337980385,-5.119423699490502,36.57534814732444]},{"linear":[0.23755029987062426,0.9645354182440172,0.11507076946042871,-0.9449953543833095,0.20205184842106516,0.25721358973350195,0.22484135568293445,-0.16984250793741104,0.9594789665605967],"translation":[3.055353830697923,-4.33242603717195,34.71998766080189]},{"linear":[0.23986281639450024,0.9638492835881369,0.11601891155295851,-0.6290958798708295,0.06329984627107205,0.7747460896265341,0.739394484183406,-0.2588197982935108,0.6215368925256659],"translation":[-0.30491129088095864,-2.8593807693711364,29.395232004919478]},{"linear":[0.20629685847531332,0.9741898223821482,0.09162857714848206,-0.9762809678368064,0.21121480173046447,-0.047579190510026584,-0.06570447490731039,-0.0796397984490126,0.9946559327124911],"translation":[3.7410249227974037,-4.538886327538587,37.65867240423021]},{"linear":[0.20739549021788656,0.9742013789938706,0.08898754858812136,-0.6460898019994719,0.20470963043285334,-0.7352971745901977,-0.7345441296406674,0.09500337033224332,0.6718774302177064],"translation":[4.528971556673284,-4.561130958256693,36.18083229341114]},{"linear":[0.24549962184219704,0.9584238170674438,0.14544319356095411,-0.9664922681692686,0.2535989265719481,-0.039752735887961486,-0.07498420663286806,-0.13081044040682122,0.9885676493979625],"translation":[4.044236712032735,-2.712276018600684,27.128328062048084]},{"linear":[0.31407902269052,0.9434936995568717,0.10570717289879245,-0.7325422887942723,0.17000557482633122,0.6591508929342487,0.6039339058488242,-0.28446044263562575,0.7445442189297606],"translation":[3.08738929265261,-2.5510656866617807,22.867589264395725]},{"linear":[0.20344794842345082,0.970164730237251,-0.13186860310919735,-0.9295921984954502,0.2336840154569506,0.28504407626946265,0.3073552940469458,0.0645923921495229,0.9494000980080621],"translation":[3.7651195954584025,-2.851700656870398,24.00788610718435]},{"linear":[0.22355581854908985,0.841855859480104,0.4912244984239508,-0.9710283363100312,0.2360138268836725,0.037435859849840575,-0.08442017576278493,-0.4853619117511586,0.8702281589016994],"translation":[4.333346680128954,-2.8057880394750554,25.46690782436629]},{"linear":[0.23603314378775458,0.9715103064978855,-0.021356015594057004,-0.9711721620171959,0.23508252623927067,-0.039507437018970026,-0.033361456150989295,0.030065432399137507,0.9989910325013627],"translation":[4.318004743097342,-2.0625842829828986,26.496659610170205]},{"linear":[0.19449992099822266,0.5968683914649064,-0.7784072867090728,-0.9661442446689625,0.253709521671749,-0.04686978884241694,0.1695142449020896,0.7611698902894071,0.6260074431602927],"translation":[4.286398661840311,-2.34673737284223,26.530149291232256]},{"linear":[0.020641829598075034,0.9586443992990958,0.2838570600906728,-0.9338966954202297,0.11985299143945616,-0.33685638293817194,-0.35694660266490663,-0.25813983833474724,0.8977488216146496],"translation":[1.6022313221151219,-3.5275378790445164,20.492690056985847]},{"linear":[0.09015570138862133,0.9897128024654642,0.11108788477184288,-0.9937990080236592,0.0966905169543732,-0.054904240112096644,-0.06508057435453728,-0.10544909941318868,0.9922928026921443],"translation":[3.9073323260792576,-3.4056789897944566,15.970335777422248]},{"linear":[0.02943279554265177,0.9980288731349892,0.05542633792203772,-0.9979606264149637,0.032482462908033916,-0.054949774602641145,-0.05664184559137634,-0.05369597743156989,0.9969495691035083],"translation":[4.058846600406463,-3.4575231092876826,15.094411079697066]},{"linear":[-0.022031768582635947,0.7322627788314726,0.6806657211224401,-0.9962337757524367,0.04102974354551053,-0.07638602093730062,-0.08386217993330058,-0.6797851005153024,0.7286009551834496],"translation":[3.9413888653477063,-3.2156514671446006,14.00248691795999]},{"linear":[-0.04756195771090743,0.3875594774562424,0.9206169190344864,-0.9959589949321072,0.05189228063896045,-0.07329987465142279,-0.07618097264102619,-0.920382986937466,0.3835252491864591],"translation":[3.9670212290529814,-2.651498574158908,14.780979944159327]},{"linear":[-0.024145774942082088,0.5037280836340683,0.8635247531546479,-0.9958094515366065,0.06409457067718233,-0.06523359747914281,-0.08820724336929175,-0.8614812265906071,0.5000695736086467],"translation":[3.9404273969413954,-3.080670795232907,14.62254380280974]},{"linear":[0.13359693387047283,0.9881310494929064,0.07582142367731964,-0.8968707354929536,0.08799882139435072,0.4334502177292492,0.421633422627686,-0.12590963609371708,0.8979821938446279],"translation":[3.412423047432186,-4.175429901382111,14.008342544902758]},{"linear":[-0.0041476417620675,0.9998823526465392,-0.014767461997078124,-0.4655418488235363,0.01113896032172923,0.8849557675708513,0.8850161490401048,0.01054535105971044,0.46544087864008055],"translation":[1.4189053125059492,-3.5855429065328357,10.008097564844775]},{"linear":[0.029834480334254787,0.999502854302674,-0.010195490375293381,-0.8434192791020083,0.03064688024047002,0.5363811036665769,0.5364269040812866,-0.007403578346584949,0.8439143105822015],"translation":[2.407662846839668,-2.8847417024256625,12.654402772022426]},{"linear":[-0.00314505032805501,0.9895587268291981,-0.14409592226919699,-0.6709039830866785,-0.10894161173118089,-0.7334981736254306,-0.7415375608402205,0.09436763952536431,0.6642415181796054],"translation":[3.169065276856068,-2.630887036199858,17.070608895384094]},{"linear":[-0.04957836861708026,0.9899856483283885,-0.13217564627831102,-0.6356110809281569,-0.1333549803063408,-0.7604044996111183,-0.7704158222457589,0.04631269082352846,0.6358573704079205],"translation":[3.442517431787208,-2.530048736423464,16.708873554456]},{"linear":[-0.0012431809438364638,0.9193739887466965,-0.3933826677894312,-0.9990260582749244,-0.01849262323967238,-0.040061924234648244,-0.044106568544923674,0.3929497317745676,0.91850156173492],"translation":[3.8297450508004203,-2.4567289524220923,20.83141498545685]},{"linear":[0.05521872627711499,0.3332183332466179,-0.9412313396060923,-0.9977491940252565,0.05433349105694607,-0.03929907850721093,0.038045211134704215,0.9412828555423235,0.3354685496016059],"translation":[3.6231878788833565,-2.0892703350610518,19.875441724018355]},{"linear":[0.07581036780188827,0.6058478120761903,-0.7919603631093135,-0.9970462664099058,0.03625337698809883,-0.06770845807597564,-0.012309783580948752,0.7947541262928126,0.6068066808867042],"translation":[3.5835520605425186,-2.3815374002853615,18.046673340571925]},{"linear":[0.09519964935757924,0.41325998304291683,-0.9056231076874983,-0.9952534200471022,0.05796579838560606,-0.07817030191873087,0.020190508828165143,0.9087662805325071,0.41681673517311235],"translation":[3.353006637524064,-2.1518048727213093,19.001542023743966]},{"linear":[0.09023618750265155,0.9933711053567638,-0.07121290267407666,-0.9901428692353276,0.08179217495216856,-0.11369757525570444,-0.10711922781377313,0.080770583499657,0.9909599305086485],"translation":[3.2117898712975905,-2.5950813531817283,25.37985190668243]}],"scale":{"linear":[0.25,0.25,0.25]},"k":0.0025605447828612737,"files":["/tmp/jl_qHxLzV/16.0 extrinsic.png","/tmp/jl_qHxLzV/intrinsic0001.png","/tmp/jl_qHxLzV/intrinsic0002.png","/tmp/jl_qHxLzV/intrinsic0003.png","/tmp/jl_qHxLzV/intrinsic0004.png","/tmp/jl_qHxLzV/intrinsic0005.png","/tmp/jl_qHxLzV/intrinsic0006.png","/tmp/jl_qHxLzV/intrinsic0007.png","/tmp/jl_qHxLzV/intrinsic0009.png","/tmp/jl_qHxLzV/intrinsic0011.png","/tmp/jl_qHxLzV/intrinsic0012.png","/tmp/jl_qHxLzV/intrinsic0013.png","/tmp/jl_qHxLzV/intrinsic0014.png","/tmp/jl_qHxLzV/intrinsic0016.png","/tmp/jl_qHxLzV/intrinsic0017.png","/tmp/jl_qHxLzV/intrinsic0018.png","/tmp/jl_qHxLzV/intrinsic0019.png","/tmp/jl_qHxLzV/intrinsic0022.png","/tmp/jl_qHxLzV/intrinsic0023.png","/tmp/jl_qHxLzV/intrinsic0024.png","/tmp/jl_qHxLzV/intrinsic0025.png","/tmp/jl_qHxLzV/intrinsic0026.png","/tmp/jl_qHxLzV/intrinsic0027.png","/tmp/jl_qHxLzV/intrinsic0028.png","/tmp/jl_qHxLzV/intrinsic0029.png","/tmp/jl_qHxLzV/intrinsic0030.png","/tmp/jl_qHxLzV/intrinsic0032.png","/tmp/jl_qHxLzV/intrinsic0033.png","/tmp/jl_qHxLzV/intrinsic0034.png","/tmp/jl_qHxLzV/intrinsic0035.png","/tmp/jl_qHxLzV/intrinsic0036.png","/tmp/jl_qHxLzV/intrinsic0037.png","/tmp/jl_qHxLzV/intrinsic0038.png","/tmp/jl_qHxLzV/intrinsic0039.png","/tmp/jl_qHxLzV/intrinsic0040.png"]}