{"intrinsic":{"linear":[1365.305869585464,1365.305869585464],"translation":[536.8582281108311,976.2390763848252]},"extrinsics":[{"linear":[0.41038500505247155,0.8998866509237462,0.14760814041687081,-0.9114427326083572,0.4099587172505996,0.034727443407965686,-0.029262481157508576,-0.14878798889522823,0.9884360584059142],"translation":[2.9108179994845287,-7.833953266082833,36.79344089049711]},{"linear":[0.410151178208626,0.8981274879107449,0.15856552737972618,-0.9114764898972744,0.4096528782277533,0.03735140859808856,-0.03141049790467737,-0.1598484745590408,0.9866417008228103],"translation":[2.9106862850511055,-7.8287947560837985,36.733667873118875]},{"linear":[0.4101405635914757,0.898326574656363,0.15746137101852228,-0.9114304256830182,0.4099385288033795,0.03528429879979579,-0.032852659498723936,-0.1579866066117217,0.986894591582695],"translation":[2.9111165079416663,-7.829882680889546,36.74027358333072]},{"linear":[0.40992916564033743,0.8990912037849339,0.15360041156837792,-0.9114907621203874,0.4100382442337793,0.032453487252911216,-0.033803398151844626,-0.15330898715417118,0.987599961893048],"translation":[2.9122735971351412,-7.829894329689768,36.76016038095885]},{"linear":[0.4100541113734236,0.8987292006968812,0.1553751896555456,-0.9116805883948524,0.40881256580246805,0.04136170675900805,-0.02634635629014659,-0.1586130822370828,0.9869892398873886],"translation":[2.911829453031288,-7.825212687537229,36.72718249987602]},{"linear":[0.41045379801443,0.9001972482950978,0.14550805427007638,-0.9115877187756148,0.40911349778165346,0.04042248025952525,-0.023141103538946058,-0.14923491580322273,0.9885309450048616],"translation":[2.911613190244407,-7.83250781721343,36.76653121873578]},{"linear":[0.41003537270836843,0.8992843225847483,0.15217982875926536,-0.9115862318607052,0.4095047840177125,0.036281865285664135,-0.029690655262385873,-0.15360188481882822,0.9876866537370003],"translation":[2.9125723813219393,-7.830623266964187,36.76102297823]},{"linear":[0.41064073726227857,0.9006097849082553,0.14239452316784618,-0.9114847309161329,0.4095516402643432,0.03824969625409696,-0.023869859811842066,-0.1454973171034159,0.989070654962663],"translation":[2.908958533643652,-7.834774283310078,36.790765249652466]},{"linear":[0.206072320974369,0.3941166031217585,0.8956597019359545,-0.9188875068773341,0.3926217205409762,0.0386514458229017,-0.33642227665984575,-0.8309755036721658,0.44305729207834543],"translation":[4.51883348312871,-3.856763363627317,31.327989815135137]},{"linear":[0.39867711583373383,0.8837935223380093,0.24487867849992634,-0.917086190439212,0.38509604502959854,0.10321799943931625,-0.0030784113092402338,-0.2657255087038806,0.9640438150871957],"translation":[2.9745098432926422,-7.617743148785663,35.678460461547786]},{"linear":[0.4110062190046361,0.8957377744402699,0.16949255848061623,-0.5717551794595395,0.10846903152905829,0.813222284471065,0.7100492255475692,-0.43114766454190634,0.5567241585016379],"translation":[-0.5666972274848912,-4.844403603705708,28.8498731360344]},{"linear":[0.3906428988044968,0.9063090759277085,0.16125130853634312,-0.905562600977241,0.4098167616324216,-0.10957462113303966,-0.1653919626975685,-0.10321860673433934,0.9808116118291361],"translation":[3.5402068135982856,-7.839722228662766,36.51863010948549]},{"linear":[0.39397116075589006,0.9109247889865958,0.12248572693331379,-0.8695468729942791,0.41257223166383344,-0.27142658183345836,-0.2977834114898403,0.00042716466363704186,0.9546333628005166],"translation":[3.5577735286338807,-7.800698516850497,36.265579980607036]},{"linear":[0.23149865931103247,0.6558580473226234,-0.718511372560901,-0.9331572407289348,0.3584851575590933,0.026569830353104118,0.27500169965357524,0.664333209746425,0.6950075191072809],"translation":[2.9277278544552043,-8.189340047599847,34.770278444172156]},{"linear":[0.352735495691638,0.9158964778804835,0.19160196211234248,-0.9353040403646329,0.35123423949961197,0.04290525702897452,-0.028000395653767468,-0.19434029641135772,0.9805344598911239],"translation":[3.859310840391868,-5.257734725988411,26.12274129419569]},{"linear":[0.18278146834972836,0.5124097696909619,0.8390632650480969,-0.9405957856156183,0.3395196614706052,-0.002442858371590806,-0.286130220197125,-0.7887728617289906,0.5440283721367882],"translation":[4.158070219628376,-5.167845575050919,22.49661122209321]},{"linear":[0.4174957021531518,0.8819012516001615,0.21896922411543424,-0.7974575642530836,0.24007589086408743,0.5535566816879314,0.435613098860888,-0.40572619961235334,0.8035094766391562],"translation":[3.7457283998968687,-4.844897269968135,19.065320401940806]},{"linear":[0.3219098283462875,0.9158550739906487,0.23996571809249576,-0.9467700690384889,0.31120922762173037,0.08231192511380624,0.0007062484821582504,-0.2536893771695406,0.9672854806748687],"translation":[4.222936573268706,-5.249854567630765,21.652895809240835]},{"linear":[0.2392835880763114,0.771037502383742,-0.5901224740637887,-0.9438262938697742,0.3273612385510732,0.04501717999113086,0.22789315803106627,0.5462012352715327,0.8060576400670607],"translation":[4.312373378934162,-5.938884335352875,22.587685122295447]},{"linear":[0.16891484584494743,0.9377653937423388,0.30342023853469946,-0.9843359752378208,0.17627413050264495,0.003181001123037458,-0.050502105953969256,-0.2992047747192761,0.9528515309739505],"translation":[3.318386695830428,-4.917546814926924,14.544430043477378]},{"linear":[0.2429867165068454,0.9602515276740876,0.13738434845644829,-0.9694966625959666,0.2450993861054654,0.0015849750807224866,-0.032150844724585674,-0.1335787952120579,0.9905165463803169],"translation":[3.675420309635625,-5.862009584052103,14.339247469228457]},{"linear":[0.17619631950882214,0.9719513424133766,0.15577369794795348,-0.9834673756999899,0.1805382834639871,-0.014065885597855252,-0.041794472425429524,-0.15071999265098246,0.9876926171081608],"translation":[3.9915826056348456,-5.269236491246201,15.059204562539115]},{"linear":[0.20751131109217258,0.9654511128066477,0.1576172723695385,-0.9779112586641682,0.20886237982319023,0.00812874359639118,-0.025072414057486003,-0.15582251145132764,0.9874668191784121],"translation":[2.5751497964560337,-5.088391854469555,14.990243633773414]},{"linear":[0.2249362094961067,0.9641744087211793,0.14061085030924086,-0.9733283548889514,0.22902512555205146,-0.0133942314088773,-0.045117792794983506,-0.13384767996880348,0.9899743346876613],"translation":[2.9448673398599734,-5.294784144309033,14.936101874456774]},{"linear":[0.24077501515790678,0.9541498647551283,0.17783539485569266,-0.9697729873696783,0.24397653786217866,0.0039751655153586335,-0.03959476030738672,-0.17341708266648703,0.9840522193438951],"translation":[3.388873551114472,-5.558954048948552,14.984341553881956]},{"linear":[0.07354807142119885,0.38848439126382694,0.9185154102869457,-0.960068004654056,0.27686025144505283,-0.04022222780207402,-0.2699261151311633,-0.8788789899150828,0.39333397190687963],"translation":[3.779552100009537,-4.563224543988795,14.090175578288902]},{"linear":[0.17739834831104606,0.762712146195471,0.6219324787003899,-0.9668092111949972,0.25313671701784746,-0.034666289763018554,-0.18387434613077497,-0.5951403066028418,0.7823031639279336],"translation":[3.6141490935602043,-5.057256773929638,14.857363616272771]},{"linear":[0.21556756378425895,0.8480175221371501,-0.4841455438114529,-0.9695574106642147,0.24484775002243958,-0.002829617474506607,0.11614238188629766,0.4700168735878712,0.8749829059315732],"translation":[3.850270044103051,-4.9095034340861705,16.914645940576282]},{"linear":[0.18877104930718508,0.7309097002614804,-0.6558479252137167,-0.9649582149334317,0.26201572590876104,0.014261935667703174,0.18226665733465622,0.6301736026208791,0.7547583031566285],"translation":[3.3465503539931163,-5.26441707354941,18.131492456604516]},{"linear":[0.19383724989786255,0.7531497684044078,-0.6286434179281769,-0.9627184686518732,0.2692759316761314,0.025760876082614403,0.18868033991019326,0.6002132112610803,0.7772668977635905],"translation":[2.6495501483326804,-4.997713167606055,18.34918430589987]},{"linear":[0.27658825614491095,0.9463382043180462,0.16716141782963248,-0.9605821477699377,0.2773146086861327,0.019456237944442067,-0.02794412189371573,-0.16595364068725,0.9857375488405808],"translation":[2.390396457974211,-4.914552616139371,15.870421812681332]},{"linear":[0.31243534277290974,0.9357593099427298,0.1635196332000553,-0.42845006944531516,-0.014819914900231157,0.9034439153122094,0.847829401813053,-0.35232780755690585,0.39629587613734374],"translation":[0.4859133600936192,-2.8895473497888964,11.073187709020692]},{"linear":[0.30406221542217987,0.9411320472829989,0.14770456570284754,-0.9507351681995648,0.309611893259885,-0.01559216151067095,-0.06040537311449262,-0.13568693794518538,0.9889086134572589],"translation":[2.563139455821967,-4.860262133290504,15.61340690425711]},{"linear":[0.2736965883213942,0.9503709795488022,0.14793640110763734,-0.5212028616098332,0.27581842783312915,-0.807633439078263,-0.8083549681859763,0.14394164129643439,0.5708266368258741],"translation":[0.907925304165439,-4.777374716169927,18.255946368436703]}],"scale":{"linear":[0.25,0.25,0.25]},"k":-0.03284796043172821,"files":["/tmp/jl_B8Ly3V/16.0 extrinsic.png","/tmp/jl_B8Ly3V/intrinsic0001.png","/tmp/jl_B8Ly3V/intrinsic0002.png","/tmp/jl_B8Ly3V/intrinsic0003.png","/tmp/jl_B8Ly3V/intrinsic0004.png","/tmp/jl_B8Ly3V/intrinsic0005.png","/tmp/jl_B8Ly3V/intrinsic0006.png","/tmp/jl_B8Ly3V/intrinsic0007.png","/tmp/jl_B8Ly3V/intrinsic0008.png","/tmp/jl_B8Ly3V/intrinsic0009.png","/tmp/jl_B8Ly3V/intrinsic0010.png","/tmp/jl_B8Ly3V/intrinsic0011.png","/tmp/jl_B8Ly3V/intrinsic0012.png","/tmp/jl_B8Ly3V/intrinsic0013.png","/tmp/jl_B8Ly3V/intrinsic0014.png","/tmp/jl_B8Ly3V/intrinsic0015.png","/tmp/jl_B8Ly3V/intrinsic0016.png","/tmp/jl_B8Ly3V/intrinsic0017.png","/tmp/jl_B8Ly3V/intrinsic0018.png","/tmp/jl_B8Ly3V/intrinsic0020.png","/tmp/jl_B8Ly3V/intrinsic0022.png","/tmp/jl_B8Ly3V/intrinsic0023.png","/tmp/jl_B8Ly3V/intrinsic0024.png","/tmp/jl_B8Ly3V/intrinsic0025.png","/tmp/jl_B8Ly3V/intrinsic0026.png","/tmp/jl_B8Ly3V/intrinsic0027.png","/tmp/jl_B8Ly3V/intrinsic0028.png","/tmp/jl_B8Ly3V/intrinsic0029.png","/tmp/jl_B8Ly3V/intrinsic0030.png","/tmp/jl_B8Ly3V/intrinsic0031.png","/tmp/jl_B8Ly3V/intrinsic0032.png","/tmp/jl_B8Ly3V/intrinsic0034.png","/tmp/jl_B8Ly3V/intrinsic0035.png","/tmp/jl_B8Ly3V/intrinsic0036.png"]}