{"intrinsic":{"linear":[1370.856431292921,1370.856431292921],"translation":[539.6317242823045,959.6092725057655]},"extrinsics":[{"linear":[-0.319391109843395,-0.9455739028734554,-0.062284132471002576,0.9466723761168342,-0.3213240483224964,0.023712196586340686,-0.042435023863685986,-0.051389202896163555,0.9977767378403775],"translation":[-2.5806563092202848,4.1802792640482185,37.705638082548084]},{"linear":[-0.32053215634389276,-0.9459235134489711,-0.04987828639687163,0.9465477141906203,-0.32186370382802654,0.021241019716950256,-0.03614639000018863,-0.040403748123886744,0.9985294064911135],"translation":[-2.5775897684056894,4.183399685871965,37.682942872433905]},{"linear":[-0.32066250243291,-0.9457859159341461,-0.05161938351116187,0.9465554770583057,-0.32197024974700134,0.019180383958016793,-0.03476044281057654,-0.042710180267261755,0.9984826248448948],"translation":[-2.5780761384555677,4.183864759697343,37.692318340021686]},{"linear":[-0.31987289843423916,-0.945828673007762,-0.055582822559268455,0.9467072610862776,-0.32140688474080437,0.021047000920090046,-0.03777155879491728,-0.0458882965208723,0.9982322242788071],"translation":[-2.5799654565433445,4.181559111220194,37.699431719002476]},{"linear":[-0.3196719637337991,-0.9456518180324763,-0.05960263966007516,0.9466148440454317,-0.3214927133833492,0.023722821802103743,-0.041595343915147465,-0.048837222415732635,0.9979402552614542],"translation":[-2.5795869110405154,4.1807607451562925,37.704268553846774]},{"linear":[-0.3197846189736695,-0.9456458131093368,-0.05909140053042007,0.9466090227222368,-0.3215544592261349,0.0231103408161787,-0.040855300374823364,-0.04854612137513585,0.997985029211718],"translation":[-2.580103275826565,4.181292178956702,37.70397532585996]},{"linear":[-0.2647627928638827,-0.8401796018148974,-0.47328522078032104,0.9518975825590695,-0.30621559421125644,0.011090634790061143,-0.1542454402344397,-0.44758267008007313,0.880839427824888],"translation":[-2.3982355525248917,4.512717101763389,36.85372000103625]},{"linear":[-0.2217971414212675,-0.7273004288347789,-0.6494921972388128,0.9524725137788619,-0.30423410976128884,0.015418072302707253,-0.2088112510214182,-0.6152037814208415,0.7602119235926041],"translation":[-2.2865149096635835,4.803016152029507,36.396257773091776]},{"linear":[-0.308641141672455,-0.9470485031136613,-0.08854252321510275,0.9478390584674563,-0.2984285997644403,-0.11198879446695244,0.07963519894273721,-0.11848841121733801,0.9897569052532755],"translation":[-2.535531003136415,4.221372225494672,37.608195099812974]},{"linear":[-0.2969244513642295,-0.9519734499958448,-0.0747155986729704,0.7141113361916458,-0.16942571377030347,-0.6792200873325269,0.633940746209481,-0.25503230778948827,0.7301216695037439],"translation":[-3.262469907992665,4.587243764537634,36.28381649570869]},{"linear":[-0.29140893604796697,-0.8766791856891636,0.3827720436118302,0.9527675586077649,-0.3017687443689812,0.03419947640779944,0.08552666985210555,0.37465881852874283,0.9232095961604034],"translation":[-2.5538727642407713,3.5948634369986023,34.33209808913461]},{"linear":[-0.26453318578877394,-0.7859839978325242,0.5587945496939325,0.9520106520354893,-0.30532873382199843,0.021215152924687952,0.15394126161430757,0.537590475598162,0.8290347209367877],"translation":[-2.7793730625073083,2.929233801033674,33.08234756425641]},{"linear":[-0.25994928436260206,-0.7847878520962149,0.5626138967014418,0.9532714380537844,-0.3014558330095915,0.019948587302444643,0.15394783191146608,0.5415093793709421,0.8264790723926747],"translation":[-2.8017694450391337,2.910917363615365,33.079633624430436]},{"linear":[-0.3047694026525985,-0.9499560163975186,-0.06855055154362952,0.8574336862531934,-0.30499487610551107,0.41447026338163795,-0.41463608729226475,0.06754030248334311,0.9074773951209032],"translation":[-1.4660514570350398,4.338208959059588,33.822667593014486]},{"linear":[-0.30149076299656274,-0.9512458175635807,-0.06507468321509552,0.5147124178848634,-0.21982602294388676,0.8287023871763559,-0.8026047886119716,0.2163513674661392,0.5558935501448667],"translation":[2.1084821203272632,3.4466016981489145,29.546245701993932]},{"linear":[-0.28121247637886954,-0.9583022250769736,-0.0507581376863368,0.9565788069385589,-0.28414660164662503,0.06494378252517727,-0.07665852362827655,-0.030291156881103308,0.9965971686543853],"translation":[-2.273487168635732,5.106204138333275,31.35526982526735]},{"linear":[-0.2722274118031551,-0.946219251602513,-0.17481808876582416,0.9591538892671723,-0.2813628579348944,0.02930458800879676,-0.076915882408072,-0.15969993760640153,0.9841645578671785],"translation":[-1.8797091669910007,5.240499154972884,31.18282272846969]},{"linear":[-0.26322697093547426,-0.764474264053771,0.5884646645055083,0.9543485933799818,-0.2956019819953197,0.042874591007832696,0.14117479975471986,0.5728861735457438,0.8073853528980637],"translation":[-1.370179073735825,3.5904938576977177,24.480516482583674]},{"linear":[-0.3116097316015872,-0.9482394863175322,-0.06116577277734392,0.7730549123027807,-0.21555786553163103,-0.5965910736610023,0.5525264498064568,-0.233188085449729,0.8002111215601562],"translation":[-0.4541335623165534,4.209410802421089,27.91111713672763]},{"linear":[-0.28154287853167165,-0.9510286007450782,-0.1275860811881871,0.7416618447123121,-0.30004538270674047,0.5999253923733315,-0.6088278210184144,0.07427899353938472,0.7898172671401565],"translation":[-0.4514616869830802,4.304339420552916,24.369605581967832]},{"linear":[-0.22962751858256603,-0.9546710344507667,-0.18940543469054977,0.9712011408747363,-0.23746484928058353,0.019462510623256463,-0.0635574281514281,-0.17948164623953208,0.9817060619095328],"translation":[-2.2004451947274277,4.601809891982303,21.25883085509727]},{"linear":[-0.22226322465604909,-0.9739020684994302,-0.04597629756761096,0.9748527984805719,-0.2212039863328542,-0.027033640617784543,0.01615797821794953,-0.0508287064854626,0.9985766682318001],"translation":[-2.083802966469766,4.191486450298532,21.484480576645545]},{"linear":[-0.11655061329088667,-0.4602309186574193,-0.8801155924384402,0.9563726411668322,-0.29103129909215586,0.025537309496306615,-0.2678942436281456,-0.8387420845888683,0.47407213561906775],"translation":[-2.2214065752490537,1.7316387943518725,22.16840322740136]},{"linear":[-0.2746429219014609,-0.9542897243368246,-0.11790838593830057,0.9163178383211422,-0.2225836196023836,-0.33289360381234495,0.2914324700919531,-0.19946842935624826,0.9355637129913997],"translation":[-1.7354560206839749,2.8746380832833753,20.14683559993452]},{"linear":[-0.2635819877987829,-0.9595075746766426,-0.09934661466899193,0.9568680595367047,-0.24702438548558597,-0.15291327481265207,0.1221804090126697,-0.13536678733579946,0.9832333296526725],"translation":[-1.8040198299863368,2.8581577312119517,19.431924835895348]},{"linear":[-0.1347703166744854,-0.9794037823072389,-0.1503502342722942,0.836706552511944,-0.19376750478729837,0.5122268043280066,-0.5308098592971278,-0.05676605755888922,0.8455876701928573],"translation":[-2.1446714676501184,2.7920179423212326,16.258257429244093]},{"linear":[-0.2049272582121508,-0.7433862409849127,0.6366959365002826,0.9693337236162208,-0.24428570596905913,0.026769873356267015,0.13563536080964522,0.622656719688722,0.7706501530036296],"translation":[-2.0454124866551116,1.7225105861936103,15.499386221324404]},{"linear":[-0.22343645166777865,-0.9671638963982824,-0.12112039287339321,0.9729543500953454,-0.22877625110362426,0.03195715196189502,-0.05861727302303143,-0.11070422049165138,0.9921232740283232],"translation":[-2.197365295226571,3.594629134796568,19.18293366693129]},{"linear":[-0.20251751274637042,-0.9746192140805442,-0.09541511712535897,0.9773230636123121,-0.2073059441015206,0.04317261715047579,-0.061856983134226634,-0.08450818353981776,0.9945009203375994],"translation":[-2.3982441635766056,3.645898242292643,16.64050125771614]},{"linear":[-0.21153447814684168,-0.9727454406754678,-0.09497090186069237,0.9739562653760633,-0.21791295096928853,0.06263496575051267,-0.08162326684135346,-0.07924805010185657,0.9935076189265982],"translation":[-4.7967072768962,4.820636578909959,16.518500124776192]},{"linear":[-0.24371735745692163,-0.9661736158203941,-0.08432315083511138,0.9680614234205437,-0.24762004116811814,0.03926061253840154,-0.058812670056766624,-0.07206149668474382,0.9956647078893319],"translation":[-3.15737485505288,4.188902847653131,16.51483615029289]},{"linear":[-0.1594240248373877,-0.6622124535765225,-0.7321602602113898,0.963283731037747,-0.26664098393633257,0.03141718006858546,-0.21602878007951964,-0.7002694138784205,0.6804074618665849],"translation":[-3.4010693689591527,3.05487625158079,18.26914489635251]},{"linear":[-0.10370280855235481,-0.4299008093634429,-0.8969007869363314,0.9571188774958947,-0.28838142290818136,0.027561009822775095,-0.2704980255738517,-0.8555825202925252,0.44137214358241783],"translation":[-3.371317855852864,2.472568588528821,19.140682610618587]},{"linear":[-0.2176894950655518,-0.8239934823322443,0.523111866441669,0.9694424406389104,-0.2446536218313754,0.018054351632305593,0.11310454467517067,0.5110570872209598,0.8520727759851565],"translation":[-3.334984932686366,3.279109484781549,14.702853365515445]},{"linear":[-0.26325669395844237,-0.960230886737413,-0.09301912298851739,0.9645221507666295,-0.25999360471070004,-0.04582953403703299,0.01982255701433005,-0.10178393618355563,0.9946090169349942],"translation":[-3.32790675201386,4.424688392962154,17.59342562730388]},{"linear":[-0.32119887777164147,-0.9435519554499983,-0.08087637655535085,0.7885028356602399,-0.2191612025276124,-0.5746578507794111,0.5244945748756599,-0.24835070902482964,0.8143877247680403],"translation":[-2.009625435314108,3.893154088674544,18.478844990354613]},{"linear":[-0.33412205163961106,-0.9384009272322438,-0.08812578724642722,0.8607962470987565,-0.26572650179178725,-0.4340728593522014,0.3839170165398167,-0.22089166126217785,0.8965570803891973],"translation":[-1.7305285976617273,3.837494548980483,18.518146605116915]},{"linear":[-0.2722673312789654,-0.9611432604335876,-0.0455426529895101,0.6542075729589404,-0.21961330744302698,0.7237281579965692,-0.7056082140971736,0.16725318567078873,0.6885807288049599],"translation":[-1.3808054018903784,3.735653839267736,13.44789442961342]}],"scale":{"linear":[0.25,0.25,0.25]},"k":-0.017801284199746154,"files":["/tmp/jl_fl5NDS/22.0 extrinsic.png","/tmp/jl_fl5NDS/intrinsic0001.png","/tmp/jl_fl5NDS/intrinsic0002.png","/tmp/jl_fl5NDS/intrinsic0003.png","/tmp/jl_fl5NDS/intrinsic0004.png","/tmp/jl_fl5NDS/intrinsic0005.png","/tmp/jl_fl5NDS/intrinsic0006.png","/tmp/jl_fl5NDS/intrinsic0007.png","/tmp/jl_fl5NDS/intrinsic0008.png","/tmp/jl_fl5NDS/intrinsic0009.png","/tmp/jl_fl5NDS/intrinsic0010.png","/tmp/jl_fl5NDS/intrinsic0011.png","/tmp/jl_fl5NDS/intrinsic0012.png","/tmp/jl_fl5NDS/intrinsic0013.png","/tmp/jl_fl5NDS/intrinsic0014.png","/tmp/jl_fl5NDS/intrinsic0015.png","/tmp/jl_fl5NDS/intrinsic0016.png","/tmp/jl_fl5NDS/intrinsic0018.png","/tmp/jl_fl5NDS/intrinsic0019.png","/tmp/jl_fl5NDS/intrinsic0020.png","/tmp/jl_fl5NDS/intrinsic0021.png","/tmp/jl_fl5NDS/intrinsic0022.png","/tmp/jl_fl5NDS/intrinsic0023.png","/tmp/jl_fl5NDS/intrinsic0024.png","/tmp/jl_fl5NDS/intrinsic0025.png","/tmp/jl_fl5NDS/intrinsic0026.png","/tmp/jl_fl5NDS/intrinsic0027.png","/tmp/jl_fl5NDS/intrinsic0028.png","/tmp/jl_fl5NDS/intrinsic0029.png","/tmp/jl_fl5NDS/intrinsic0030.png","/tmp/jl_fl5NDS/intrinsic0031.png","/tmp/jl_fl5NDS/intrinsic0032.png","/tmp/jl_fl5NDS/intrinsic0033.png","/tmp/jl_fl5NDS/intrinsic0035.png","/tmp/jl_fl5NDS/intrinsic0036.png","/tmp/jl_fl5NDS/intrinsic0037.png","/tmp/jl_fl5NDS/intrinsic0038.png","/tmp/jl_fl5NDS/intrinsic0039.png"]}