{"intrinsic":{"linear":[[1083.5322163932783,0.0],[0.0,1083.5322163932783]],"translation":[539.5052500355242,959.4961672656289]},"extrinsics":[{"linear":[[0.9866759136398807,0.03059168511737326,-0.15979608957851954],[-0.028847826116637252,0.9994963640837028,0.013221993488222637],[0.16012009358993962,-0.008436052698852902,0.9870614918249071]],"translation":[-10.312033910985999,0.022905753941710665,39.62466467715487]},{"linear":[[0.98627875177434,0.030641901390988952,-0.16221990530633074],[-0.02901005794228648,0.9995019663298877,0.012419172310303246],[0.16251966138481577,-0.007542756911947451,0.9866764750826545]],"translation":[-10.308179940023436,0.024144019191081723,39.60037847087477]},{"linear":[[0.9862500916472277,0.030594663983171698,-0.16240296567979204],[-0.029003751926069597,0.9995053542132792,0.012158506207515546],[0.1626946191490238,-0.007281032532820912,0.9866496072391708]],"translation":[-10.308008288526866,0.023904318259955648,39.60107197887414]},{"linear":[[0.9955980602337511,0.05503956888738895,-0.07586269383222835],[-0.005617921170644372,0.843001041120566,0.5378825927945265],[0.09355715590222094,-0.5350886753859891,0.8395994092739436]],"translation":[-10.367708949242429,1.1995709952340898,35.21198134620894]},{"linear":[[0.8164942606642284,0.01778268757576626,0.5770796291023951],[-0.04257271515939488,0.9986588974444034,0.029461338718489393],[-0.5757818043550283,-0.04862286064919691,0.8161563154175532]],"translation":[-10.028192299421974,-2.42330288900517,35.56406482282601]}],"scale":{"linear":[[0.24390243902439027,0.0,0.0],[0.0,0.24390243902439027,0.0],[0.0,0.0,0.24390243902439027]]},"k":[0.0,0.0,0.0],"files":["/tmp/jl_YpnyeT/452.609 extrinsic.png","/tmp/jl_YpnyeT/intrinsic0001.png","/tmp/jl_YpnyeT/intrinsic0002.png","/tmp/jl_YpnyeT/intrinsic0003.png","/tmp/jl_YpnyeT/intrinsic0004.png"]}