{"intrinsic":{"linear":[[1268.6579359941923,0.0],[0.0,1268.6579359941923]],"translation":[539.4925941855857,959.5156458505605]},"extrinsics":[{"linear":[[0.9915432068624837,-0.12284892146607211,-0.041835528196552736],[0.12192621569748661,0.9922502802896043,-0.02394533756060991],[0.04445297347255505,0.018641989159540663,0.9988375290254285]],"translation":[-6.2067173199553345,-2.861372745122322,44.12528377304405]},{"linear":[[0.9899906833792744,-0.12412402703899712,-0.06716898639892896],[0.12305770295834638,0.9922019248333689,-0.01980257810420384],[0.06910317333417174,0.01133870665375961,0.997545079265377]],"translation":[-6.2102129861298385,-2.8601447382136005,44.10759241398089]},{"linear":[[0.9901766922698028,-0.12546703242657073,-0.06171014389630139],[0.12320584744924554,0.9916070045257408,-0.039190148376868024],[0.06610928255506646,0.031202120914411262,0.9973244158299228]],"translation":[-6.208133952043062,-2.850969954845702,44.14100095544595]},{"linear":[[0.9682757420971392,-0.21030471542184595,-0.1349593047461737],[0.22954452129216338,0.9620105921071372,0.1478003160295219],[0.09874917726738666,-0.17409062968756064,0.9797658152048389]],"translation":[-6.734948571640573,-2.604969181728435,42.777071602392176]},{"linear":[[0.9600188527779661,-0.27617068199740274,-0.04575540094860057],[0.2793477559784006,0.955704950181564,0.09269778545513596],[0.01812825255532597,-0.10177329022658121,0.9946424301505272]],"translation":[-7.949385147097057,1.3009737728604647,37.36699911737741]}],"scale":{"linear":[[0.24390243902439027,0.0,0.0],[0.0,0.24390243902439027,0.0],[0.0,0.0,0.24390243902439027]]},"k":[0.0,0.0,0.0],"files":["/tmp/jl_HD7rj0/484.843 extrinsic.png","/tmp/jl_HD7rj0/intrinsic0003.png","/tmp/jl_HD7rj0/intrinsic0004.png","/tmp/jl_HD7rj0/intrinsic0005.png","/tmp/jl_HD7rj0/intrinsic0006.png"]}