{"intrinsic":{"linear":[[7862.528741350072,0.0],[0.0,10483.37165513343]],"translation":[1213.6379712114865,1073.4167798803917]},"extrinsics":[{"linear":[[-0.40974676787021985,0.5216016179844694,0.7483577609244738],[-0.9115523066772027,-0.20323625923597277,-0.3574456813604546],[-0.03435081383867572,-0.8286294558171053,0.5587425583762782]],"translation":[-16.361494131304507,-7.560937195204845,209.26842370806665]},{"linear":[[-0.9460810133319816,0.12627561527106096,0.2983038471100331],[-0.32225361906917416,-0.46046562234939714,-0.8271178970565212],[0.03291384525622251,-0.8786500325057169,0.4763305566181453]],"translation":[-16.27774961767834,-4.977768130108373,191.19111724678328]},{"linear":[[-0.9460031623662265,0.12643064559887496,0.2984850224827894],[-0.3224770510915492,-0.4606908413707357,-0.8269053756001484],[0.03296313565785222,-0.8785096701406171,0.47658597457019936]],"translation":[-16.280504249633196,-4.978344749914464,191.22582496365766]},{"linear":[[-0.9811482050534776,0.10681697710483488,-0.16105382057723627],[-0.192626238450612,-0.6077979063803596,0.7703744785881863],[-0.01559910191989887,0.7868747285317004,0.6169155773827208]],"translation":[-18.106988491740523,-5.785812686016932,205.35910456681]},{"linear":[[-0.9714769624411681,0.08005346936248867,-0.22321279866779675],[-0.22712782841486753,-0.584669014741553,0.7788293091304975],[-0.06815761883771886,0.807312569730071,0.5861748491279726]],"translation":[-16.749381274413853,-5.343673415590479,191.74223780370014]},{"linear":[[-0.9890588050993083,-0.11094065798965136,0.09723605535166346],[0.14394417136574988,-0.5814825275228722,0.800723513901921],[-0.03229172626782567,0.8059592052892227,0.591089674942989]],"translation":[-9.771351201915275,-5.186731001159415,185.9659330749101]},{"linear":[[-0.9902151245619738,0.0641941677969195,0.12390769108322526],[-0.13870072485105964,-0.5505096656187451,-0.8232261031977353],[0.015366066982337515,-0.8323570248884782,0.5540267747178795]],"translation":[-11.267423157189748,-4.66849029542826,197.8838288938885]},{"linear":[[-0.9659105165730693,0.15079619034510577,0.21042191651762213],[-0.2586717716149095,-0.5299073572869317,-0.8076429330234891],[-0.010285355761985054,-0.834541012575525,0.5508498069222378]],"translation":[-19.725920671066618,-9.08370127580217,206.72067707785087]},{"linear":[[-0.9292422384647214,0.12079705940406323,-0.34916605317872],[-0.3537888119997036,-0.5633262740085901,0.7466572075025038],[-0.1065004166983017,0.8173564580101693,0.5662032159853546]],"translation":[-17.520305299048207,-8.01189083306683,179.3120161827527]},{"linear":[[-0.9394676258023335,0.2570705155731621,0.226528872535657],[-0.3426133482446069,-0.7126825777404135,-0.6121271411969083],[0.004083341027526624,-0.6526854475229462,0.7576179993359614]],"translation":[-26.994915427653684,-12.084571222857235,265.127009148853]},{"linear":[[-0.987845879983486,0.04126372406803931,0.14985934230367276],[-0.14812379221251976,-0.5421461853989855,-0.8271256590373145],[0.04711538581222606,-0.8392704085891306,0.5416690148849198]],"translation":[-26.519544743901374,-5.094842754973487,216.07098150310247]},{"linear":[[-0.9991145591464208,0.023071252189518478,0.03518259547078449],[-0.04139688106536143,-0.6883483118617756,-0.7241981081134525],[0.007509723011772631,-0.7250133232427189,0.6886938980278794]],"translation":[-32.069315039410554,-6.163695990823287,259.0567829183396]},{"linear":[[-0.9995378070488408,0.017297617675088833,-0.024999294045244768],[-0.03035857701453784,-0.6109736816593887,0.7910685919193253],[-0.0015903086639174682,0.7914619085858384,0.6112164249887391]],"translation":[-26.89395019678785,-4.8630698195546485,212.76984661134503]},{"linear":[[-0.9924105806455068,0.0026046805793485048,0.12294086001784307],[-0.10552091516639961,-0.5313828129372442,-0.8405341412324346],[0.06313933706725797,-0.8471278072132803,0.5276247742105424]],"translation":[-19.870250246259427,-2.4242410903166003,207.1684279636258]},{"linear":[[-0.9961407979222766,0.02942548589829549,-0.0826900930850779],[0.054014226029685294,-0.5370668677169643,-0.8418085548312647],[-0.0691807350436789,-0.8430262868857278,0.5334048232988509]],"translation":[-16.004819787914194,-0.8911434954992135,186.63665142105162]},{"linear":[[-0.9849362629150924,-0.08952224864816516,0.14794027508365726],[-0.013525894082853554,-0.8130448179046709,-0.5820439624870446],[0.17238795835008752,-0.5752772297556517,0.7995864560762344]],"translation":[-27.286600997864053,-0.89584845022045,279.5701586865339]},{"linear":[[-0.9998714438199824,-0.015844210075341918,0.002461064898042308],[0.01150437575457956,-0.6019810998129124,0.7984274574477848],[-0.011168937811689358,0.7983531276791775,0.6020859891685187]],"translation":[-18.917665507476478,-0.99027851404871,198.75829168002227]},{"linear":[[-0.875585510143578,0.2148716897421134,-0.4326432379848082],[-0.47699781906485256,-0.5260609687170508,0.7040830475163086],[-0.07630920674456376,0.8228547952949216,0.5631046890465115]],"translation":[-16.368010701837356,-4.187081281781943,171.7712125811151]},{"linear":[[-0.754128305545744,0.31663624572589744,0.5753537926070486],[-0.6534784098700516,-0.4488330359809098,-0.6095201995388411],[0.06524160182287375,-0.8356377167796873,0.5453926472614177]],"translation":[-15.719652103361154,-5.523592912120578,174.4484329839696]},{"linear":[[-0.8648831913896551,0.2909170194394087,0.40907744138749036],[-0.5001294670855707,-0.42961693469050033,-0.7518642201753194],[-0.04298350153661282,-0.8548664089947791,0.5170646394485151]],"translation":[-14.786526989418569,-4.944175100650949,168.804632073104]},{"linear":[[-0.8355656232140647,0.3282788713760817,0.4405259037910687],[-0.5460522364507914,-0.5845059230066421,-0.600149798831294],[0.06047350138681415,-0.7420146956618849,0.667650467723808]],"translation":[-20.854493274762202,-6.300906437461773,206.12187393612865]},{"linear":[[-0.8604534161778323,0.2626669196601842,-0.4366073841612488],[-0.5085765893463808,-0.49511300795627006,0.7044238511871223],[-0.0311411521415092,0.8281722035112774,0.5596079252249513]],"translation":[-12.941896052477203,-3.883867229632015,142.90473794920027]},{"linear":[[-0.8946672118511224,0.24697448148872378,0.3722555379466035],[-0.44657511224535873,-0.5166062911293472,-0.7305399435271323],[0.011884829051539758,-0.8198301930637566,0.5724833669020084]],"translation":[-11.980387282291993,-4.151784687867515,164.56732263426582]},{"linear":[[-0.8848566240329316,0.2679358578219538,0.3811025203252496],[-0.4650436608700776,-0.4595095306344678,-0.7566937192422359],[-0.027625140535384896,-0.8467947610544749,0.531201924188058]],"translation":[-11.227650939065354,-4.397405821640827,159.67734546553288]},{"linear":[[-0.7819024774438936,0.2911057444110882,-0.5512585249571813],[-0.6184456582077327,-0.4734889731763486,0.6271627859849555],[-0.07844414325560184,0.8313035774320191,0.5502552848793199]],"translation":[-16.677251765770922,-3.9543350837250575,157.18190276123522]},{"linear":[[-0.750082735115853,0.2814418397412299,0.5984700337729474],[-0.6603124126529545,-0.36923194813115423,-0.6539535810558016],[0.0369243575103928,-0.8856964826182524,0.46279404976738864]],"translation":[-15.562657163069044,-4.447577626107401,158.29708417678157]},{"linear":[[-0.650038912072432,0.4173024744907531,0.6350653962983528],[-0.7591670689816091,-0.3199069979261542,-0.5668552496464584],[-0.03338823393895124,-0.850598705302195,0.5247542933341927]],"translation":[-9.960711174523349,-5.031542909216063,147.18283595197676]},{"linear":[[-0.6639248282586181,0.35388408468376686,-0.6587639008243367],[-0.7431328852062616,-0.41049219707319645,0.5284407923949823],[-0.08341065487562843,0.8403940806250079,0.5355188623229497]],"translation":[-9.673069907399418,-3.3014889783816272,124.15747869112496]},{"linear":[[-0.4116106809935919,0.4821803635724204,0.7733555096313469],[-0.9106233900533505,-0.2517037450914078,-0.3277350548761959],[0.03662907014565303,-0.8391348650199968,0.5426886672191863]],"translation":[-10.292181541237738,-5.423661397097103,129.646392101763]},{"linear":[[-0.49387980267759946,0.4585807392251176,0.7387736095170703],[-0.8676698959124147,-0.20436303200327838,-0.4531938910419765],[-0.056847974761422504,-0.8648349303550199,0.498827476191271]],"translation":[-10.47660546835162,-5.679385640095634,136.36436173841315]},{"linear":[[-0.5373975249228028,0.4866343020853538,0.6887604490973234],[-0.8424233675663535,-0.2719257980794159,-0.46516580927346485],[-0.03907390414343481,-0.8302068515573536,0.5560843583865818]],"translation":[-10.05194517839846,-4.978678413611694,142.5418317976125]},{"linear":[[-0.407192830051983,0.5234593063456147,0.7484546437523285],[-0.9126786995014743,-0.20197255941877085,-0.3552811235038091],[-0.03480791045947246,-0.8277665370392784,0.559991937020031]],"translation":[-16.364578234424926,-7.573866725743805,209.39046968894357]}],"scale":{"linear":[[0.25641025641025644,0.0,0.0],[0.0,0.25641025641025644,0.0],[0.0,0.0,0.25641025641025644]]},"k":[-1.6026987710695813,0.0,0.0],"files":["/tmp/jl_yf5Y6f/103.0 extrinsic.png","/tmp/jl_yf5Y6f/intrinsic0001.png","/tmp/jl_yf5Y6f/intrinsic0002.png","/tmp/jl_yf5Y6f/intrinsic0003.png","/tmp/jl_yf5Y6f/intrinsic0004.png","/tmp/jl_yf5Y6f/intrinsic0005.png","/tmp/jl_yf5Y6f/intrinsic0006.png","/tmp/jl_yf5Y6f/intrinsic0007.png","/tmp/jl_yf5Y6f/intrinsic0008.png","/tmp/jl_yf5Y6f/intrinsic0009.png","/tmp/jl_yf5Y6f/intrinsic0010.png","/tmp/jl_yf5Y6f/intrinsic0012.png","/tmp/jl_yf5Y6f/intrinsic0013.png","/tmp/jl_yf5Y6f/intrinsic0014.png","/tmp/jl_yf5Y6f/intrinsic0015.png","/tmp/jl_yf5Y6f/intrinsic0016.png","/tmp/jl_yf5Y6f/intrinsic0017.png","/tmp/jl_yf5Y6f/intrinsic0018.png","/tmp/jl_yf5Y6f/intrinsic0019.png","/tmp/jl_yf5Y6f/intrinsic0020.png","/tmp/jl_yf5Y6f/intrinsic0021.png","/tmp/jl_yf5Y6f/intrinsic0022.png","/tmp/jl_yf5Y6f/intrinsic0023.png","/tmp/jl_yf5Y6f/intrinsic0024.png","/tmp/jl_yf5Y6f/intrinsic0025.png","/tmp/jl_yf5Y6f/intrinsic0026.png","/tmp/jl_yf5Y6f/intrinsic0027.png","/tmp/jl_yf5Y6f/intrinsic0028.png","/tmp/jl_yf5Y6f/intrinsic0029.png","/tmp/jl_yf5Y6f/intrinsic0030.png","/tmp/jl_yf5Y6f/intrinsic0031.png","/tmp/jl_yf5Y6f/intrinsic0032.png"]}