{"intrinsic":{"linear":[[987.1159859470856,0.0],[0.0,987.1159859470856]],"translation":[539.4929282096441,959.5720175745331]},"extrinsics":[{"linear":[[0.9913220073630806,0.06651735871393674,-0.11338482573675251],[-0.06479733126074938,0.9977214792843105,0.01879243561148633],[0.11437649924314428,-0.011282320880413374,0.993373406960562]],"translation":[-7.522122183038754,-3.930876449790347,35.600095109113056]},{"linear":[[0.9937774531741754,-0.0427644535622731,-0.10284733868297183],[0.04491752648888764,0.998815482860189,0.018709543363954553],[0.10192541084915874,-0.023212770413886533,0.9945211802233991]],"translation":[-7.770644000516504,-1.2660257718763688,35.70103372118004]},{"linear":[[0.9924454496179692,-0.04234989347650126,-0.11514562976994021],[0.04529858200164808,0.998706094027005,0.02311225263714268],[0.11401784071463163,-0.028153583712418204,0.9930797086452431]],"translation":[-7.7722996859560425,-1.2835160703094886,35.7540828326947]},{"linear":[[0.9919544978745247,-0.041355703799335786,-0.11964940413458343],[0.04486623643453591,0.998633576318618,0.026795542115942275],[0.11837776385242114,-0.03194817698004876,0.9924545425423534]],"translation":[-7.767995440537984,-1.2918888207006949,35.70320425413491]},{"linear":[[0.9921918129313176,-0.04044944022600051,-0.1179798675091155],[0.043530402397085055,0.9987720335199812,0.02365436800062953],[0.11687818624197198,-0.028605381377715736,0.9927342150530636]],"translation":[-7.761611702578616,-1.2918498105463305,35.596411924797096]},{"linear":[[0.991870430609937,-0.0401926708962853,-0.12073772437759926],[0.04341337357764471,0.9987649465084457,0.024163207994583023],[0.11961742296281962,-0.02920840345182395,0.9923903170081464]],"translation":[-7.762337477410952,-1.2984639994428562,35.6222783752498]},{"linear":[[0.9922365009668658,-0.040745230651810425,-0.11750128649577228],[0.04370052886824346,0.9987871048053255,0.022684423096732333],[0.11643448769873387,-0.027643180962517888,0.9928136102112052]],"translation":[-7.7660091371081945,-1.299633969945772,35.63849907753421]},{"linear":[[0.9927380916431956,-0.0376220296192489,-0.11426138581320583],[0.040451804752080045,0.998927040217215,0.022548166559035604],[0.1132904801513592,-0.027006503109487823,0.9931948025925588]],"translation":[-7.755277041543371,-1.466748568104057,35.66821874319355]},{"linear":[[0.8347636306024065,-0.03045137176513501,0.5497657637404413],[0.028744620435638572,0.9995181105081811,0.011717233554342328],[-0.5498576432309551,0.0060216877847887925,0.8352366799037997]],"translation":[-6.8634637981308595,-1.5934266324089708,32.13153946858929]},{"linear":[[0.9945163291087297,0.09073862739969668,-0.05199781373976844],[-0.09066369277888991,0.9958743055480476,0.003802941084068912],[0.052128360302158956,0.0009322268033313196,0.9986399576450941]],"translation":[0.028858021668592557,-2.588246261127854,34.59668234848198]}],"scale":{"linear":[[0.24390243902439027,0.0,0.0],[0.0,0.24390243902439027,0.0],[0.0,0.0,0.24390243902439027]]},"k":[-0.04338578145414519,0.0,0.0],"files":["/tmp/jl_R0fRzt/25.0 extrinsic.png","/tmp/jl_R0fRzt/intrinsic0001.png","/tmp/jl_R0fRzt/intrinsic0002.png","/tmp/jl_R0fRzt/intrinsic0003.png","/tmp/jl_R0fRzt/intrinsic0004.png","/tmp/jl_R0fRzt/intrinsic0005.png","/tmp/jl_R0fRzt/intrinsic0006.png","/tmp/jl_R0fRzt/intrinsic0007.png","/tmp/jl_R0fRzt/intrinsic0009.png","/tmp/jl_R0fRzt/intrinsic0012.png"]}