{"intrinsic":{"linear":[[24962.626406919986,0.0],[0.0,33283.501875893315]],"translation":[1216.696611330337,715.303832662721]},"extrinsics":[{"linear":[[0.990700716583274,-0.08814117859984734,-0.10364951903611114],[0.13530621644803575,0.5582071563103927,0.8185945262670535],[-0.014293983066474274,-0.8250066080213505,0.5649422791482337]],"translation":[-20.189239423519087,-2.0869513173549343,622.0684290745949]},{"linear":[[0.9199589177816567,-0.2143410328529668,0.32822783433085967],[0.3918520799919887,0.5269157105178008,-0.7541961160172286],[-0.011293228057335236,0.8224462022801518,0.568730786361175]],"translation":[-20.646671613901844,-3.112396524458143,625.1087711382204]},{"linear":[[0.9199744247620256,-0.21451973010131248,0.32806758934865876],[0.39182607757232396,0.5266125306297036,-0.7544213461442265],[-0.010926239886955208,0.8225937806603206,0.5685244843460069]],"translation":[-20.636924184117927,-3.1096419959920945,624.7729623798906]},{"linear":[[0.9907577282025739,-0.08757879956844798,-0.10358126217142033],[0.1349279218634461,0.5579860196159026,0.8188077050289728],[-0.013913299698011194,-0.8252160661180508,0.5646457865885144]],"translation":[-20.178824997278486,-2.0872118256707233,621.8958521256134]},{"linear":[[0.9993857796533524,-0.028800746602363432,-0.019964479001649153],[0.032626378106969604,0.5567645285073103,0.8300293845687955],[-0.012789952239234258,-0.8301709322730945,0.5573622164540212]],"translation":[-14.889450188230445,-2.1144915273039473,598.9715679930852]},{"linear":[[0.9988600693748493,-0.033748579853846813,-0.033757890430532615],[0.04678946776586662,0.552215447384723,0.8323874370603375],[-0.009450265322108664,-0.8330180868549848,0.5531650381737829]],"translation":[-14.872775251055657,-2.038286774843244,593.6943753853482]},{"linear":[[0.9926523545005305,-0.05950599501075013,0.10535814948229623],[0.11940743536914192,0.6225948748572719,-0.7733805571515373],[-0.019574664316853438,0.7802785774063252,0.6251257266803566]],"translation":[-16.649313686943042,-2.6104110281212094,632.4655036036826]},{"linear":[[0.9953000117138374,-0.0641005085317786,-0.07258795691023623],[0.09590648456182543,0.5486676481869383,0.8305213772396265],[-0.013410179022939058,-0.8335795922639788,0.5522365710993716]],"translation":[-15.462855107477724,-2.2850933895971144,589.1615623970058]},{"linear":[[0.9999347500131167,-0.0026524769749866855,0.011111259249191319],[-0.007750914890935205,0.5569800989598409,0.8304896704240451],[-0.008391605004947091,-0.830521603408715,0.5569231968924063]],"translation":[-21.779105801738503,-2.252782685121969,617.4156748939599]},{"linear":[[0.999821849366299,0.014251284016591748,0.012376204330567098],[0.0020923645060404554,0.5679655829471489,-0.8230496452816676],[-0.01875877236194771,0.8229289139964542,0.5678345806377848]],"translation":[-21.99000133213695,-2.4036169225499395,633.0443511464614]},{"linear":[[0.9995286166162711,-0.012143491481694108,-0.028197166166077425],[0.027396219250637018,0.7673185397649904,0.6406806581314078],[0.013856108253560396,-0.6411511476614208,0.767289524310419]],"translation":[-29.422610229618336,-3.2856431418068164,800.390972008725]},{"linear":[[0.997291176556521,-0.017757716049836617,-0.07137907734906213],[0.06949201188607325,0.5455223665285357,0.8352102776553529],[0.024107456243574812,-0.8379081161665636,0.5452786621679458]],"translation":[-21.619823985509022,-2.182352982311593,600.0273908819447]},{"linear":[[0.9983555977753658,-0.04797781367505432,-0.031372436716870296],[0.052542196023982406,0.5470299790512405,0.835462458555845],[-0.022921998769079188,-0.8357369989501251,0.5486513014276637]],"translation":[-28.459534160585548,-1.15595829348581,621.8144564063374]},{"linear":[[0.9990412588473158,-0.03878615323916623,-0.02030264607578031],[0.03737542042997759,0.5141741404074361,0.8568710703973829],[-0.02279563704863054,-0.8568083727725716,0.5151308292835569]],"translation":[-28.701128032543828,-1.0645328255336781,578.7900725913983]},{"linear":[[0.99296869469009,-0.043231642783963325,-0.1102007097420826],[-0.07334107188267558,0.5060643978502046,-0.8593718126652805],[0.09292071104204466,0.8614115452504161,0.4993354495414193]],"translation":[-29.32084473982645,-1.1454056503160532,587.5414483381448]},{"linear":[[0.994410207524596,-0.030419710074058956,-0.10110875535728994],[0.09719752837522284,0.6377824397834204,0.7640590291212163],[0.041242934529902985,-0.7696156188272937,0.6371740889336635]],"translation":[-35.33072725436399,-1.1264559021398772,714.7422584193889]},{"linear":[[0.9965105841612518,-0.019830780515048337,-0.0810764811691089],[0.0787677292484405,0.5447491265845978,0.8348916300421045],[0.02760978963420876,-0.8383645562817419,0.5444102959045438]],"translation":[-23.173658444018766,2.0903443539877333,614.6939428762565]},{"linear":[[0.9994888870246674,-0.031122047126150583,0.007306360028715023],[0.010400546368938878,0.5326846548593136,0.8462498963737848],[-0.03022901502561892,-0.8457413769351074,0.5327360791146862]],"translation":[-21.69281491051183,1.838409669812015,573.8954509149047]},{"linear":[[0.9997150145919347,-0.007686622732169701,-0.022601005075456128],[0.023038022242476832,0.5587553929505558,0.8290124609315744],[0.006256127444565409,-0.8292968869347354,0.5587732404023604]],"translation":[-23.547065614953798,1.5568919001456376,624.1289105338509]},{"linear":[[0.9987672503116659,-0.018995182691174013,0.04586025228237532],[0.04844072003247362,0.5747081738437391,-0.8169235041054518],[-0.010838650636019988,0.8181379455518022,0.5749198428482588]],"translation":[-23.80656430511878,-5.824403473963985,635.8579217632818]},{"linear":[[0.9954224843086193,-0.06777470303196245,0.06738447418942675],[0.09546190514769382,0.6711941780587659,-0.7351091075517907],[0.004593734692919141,0.7381767843605939,0.674591678448989]],"translation":[-27.46282815596399,-6.622275009199966,713.8247614420496]},{"linear":[[0.9976063698039171,-0.02739583169350536,-0.06349015146045167],[0.0678572088309984,0.5644781456566387,0.8226541328442403],[0.013301508798487485,-0.8249932675372955,0.564985998394491]],"translation":[-23.182292403505425,-5.570214746596851,609.013154787422]},{"linear":[[0.9903471573521474,0.05666257176462009,0.12649846198883385],[-0.13741114383974817,0.5210800814131664,0.8423738637345651],[-0.01818475936528178,-0.8516248597331263,0.5238362461794333]],"translation":[-18.81962404723793,-2.4538633689379172,499.06848181198825]},{"linear":[[0.998709769650797,0.036778484833548244,0.03501626846768263],[-0.04937825267820729,0.5423199862134144,0.8387197509990625],[0.011856819409077521,-0.8393666514740925,0.543436325825455]],"translation":[-18.824083738523626,-2.56226909509227,481.4987660393994]},{"linear":[[0.9935086668945515,0.04737528958276346,0.1034220031828832],[-0.11245101187225429,0.5463492144799945,0.8299742801834279],[-0.01718425832898019,-0.8362165495695731,0.5481300789882276]],"translation":[-14.291895572892301,-2.404987105320113,449.129677273811]},{"linear":[[0.9992301613510207,0.033874615640672366,-0.019788760992285413],[-0.03510809987510911,0.5470198353945882,-0.8363831185575407],[-0.017507311888820782,0.8364339843048431,0.5477879917726868]],"translation":[-16.640467906061136,-2.5045839681424873,443.65925456781036]},{"linear":[[0.998231771572,0.020750649418204235,0.05570225105818495],[-0.058194896645550276,0.5320970997432118,0.8446810229011164],[-0.012111326460797264,-0.8464290206470861,0.5323638124232101]],"translation":[-14.499142645519566,-2.471735653665009,409.28769259961985]}],"scale":{"linear":[[0.25641025641025644,0.0,0.0],[0.0,0.25641025641025644,0.0],[0.0,0.0,0.25641025641025644]]},"k":[-29.47357900440114,0.0,0.0],"files":["/tmp/jl_0eqrIr/11.0 extrinsic.png","/tmp/jl_0eqrIr/intrinsic0001.png","/tmp/jl_0eqrIr/intrinsic0002.png","/tmp/jl_0eqrIr/intrinsic0003.png","/tmp/jl_0eqrIr/intrinsic0004.png","/tmp/jl_0eqrIr/intrinsic0005.png","/tmp/jl_0eqrIr/intrinsic0006.png","/tmp/jl_0eqrIr/intrinsic0007.png","/tmp/jl_0eqrIr/intrinsic0008.png","/tmp/jl_0eqrIr/intrinsic0009.png","/tmp/jl_0eqrIr/intrinsic0010.png","/tmp/jl_0eqrIr/intrinsic0011.png","/tmp/jl_0eqrIr/intrinsic0012.png","/tmp/jl_0eqrIr/intrinsic0013.png","/tmp/jl_0eqrIr/intrinsic0014.png","/tmp/jl_0eqrIr/intrinsic0015.png","/tmp/jl_0eqrIr/intrinsic0016.png","/tmp/jl_0eqrIr/intrinsic0017.png","/tmp/jl_0eqrIr/intrinsic0018.png","/tmp/jl_0eqrIr/intrinsic0019.png","/tmp/jl_0eqrIr/intrinsic0020.png","/tmp/jl_0eqrIr/intrinsic0021.png","/tmp/jl_0eqrIr/intrinsic0022.png","/tmp/jl_0eqrIr/intrinsic0023.png","/tmp/jl_0eqrIr/intrinsic0024.png","/tmp/jl_0eqrIr/intrinsic0025.png","/tmp/jl_0eqrIr/intrinsic0026.png"]}