{"intrinsic":{"linear":[[859.2739199015666,0.0],[0.0,859.2739199015666]],"translation":[522.3259639808933,935.9476467835481]},"extrinsics":[{"linear":[[0.9934457185465495,0.058776445880035944,-0.09803536969502905],[-0.05895155420808021,0.9982602254069832,0.0011120372523005537],[0.09793017184699307,0.004674588763723435,0.9951823097613364]],"translation":[-8.944088278270105,-3.912808268449056,31.334453324220373]},{"linear":[[0.9936811549794952,0.05849465023050643,-0.09579216112515189],[-0.05902211814530865,0.9982530783080045,-0.0026797795122094864],[0.09546806695569766,0.008316702652105868,0.995397749971708]],"translation":[-8.943840011541981,-3.912602210187821,31.343469475885918]},{"linear":[[0.9933421539855112,0.058576771310729414,-0.0991974141711132],[-0.059009767843103925,0.9982563752799156,-0.0014340544296761893],[0.09894044882922172,0.007278123096980626,0.9950667397263651]],"translation":[-8.941548726240969,-3.9121483399741575,31.33666610193962]},{"linear":[[0.9000973797556974,0.07217832709969838,0.42966847225973764],[-0.07512215762301155,0.9971228630000321,-0.01013200457376167],[-0.42916356834078,-0.023157831930218954,0.9029298679461769]],"translation":[-8.27146082515183,-4.011349888857554,28.848140210375814]},{"linear":[[0.989509787726241,0.13433487808684685,-0.05314621833547125],[-0.14351015724142846,0.871786252638873,-0.46839466743165586],[-0.016589598021352826,0.4711081300925118,0.8819194492685979]],"translation":[-9.002053242005148,-4.441857998535205,30.37207097590756]},{"linear":[[0.9464640872489424,0.311484063656109,-0.08475499770694128],[-0.31021455823522254,0.9502513292706952,0.028095178913875005],[0.08928974973059489,-0.00029884369493034593,0.9960056482196743]],"translation":[1.7430153717257064,-1.4886369056206947,30.41841479516212]},{"linear":[[0.19769749314686946,-0.9769329192767506,-0.08073272221874798],[0.9749414659221709,0.20452629072016182,-0.0875107675076654],[0.10200411378455428,-0.061409019188209596,0.9928867473853048]],"translation":[-7.008615524504436,5.883568910740294,31.28005455123164]},{"linear":[[0.7939067632796041,0.430145789866039,-0.4297518477905874],[-0.2938635662209268,0.8901935206631745,0.3481374731585518],[0.5323121787699598,-0.15010028390987099,0.8331348324871278]],"translation":[-6.835138117910504,-3.838799590648733,23.370600345169773]},{"linear":[[0.16028139174103767,-0.9870712385934505,0.0004953818200592111],[0.9815717992537815,0.15933544412669026,-0.1054941664484085],[0.1040513256583028,0.017395004643344737,0.994419798396134]],"translation":[-6.390260307952648,-5.762491085039486,31.01483613653167]},{"linear":[[0.1556225530652201,-0.8792729819465372,0.450178458165545],[0.9878074898015186,0.14047758727036175,-0.06710000422295773],[-0.004240762842441986,0.4551319266910887,0.8904139179263607]],"translation":[-6.465448488647892,-6.258740677373392,28.889946057045446]}],"scale":{"linear":[[0.24390243902439027,0.0,0.0],[0.0,0.24390243902439027,0.0],[0.0,0.0,0.24390243902439027]]},"k":[-0.04746489811107754,0.0,0.0],"files":["/tmp/jl_ok5lWt/13.9 extrinsic.png","/tmp/jl_ok5lWt/intrinsic0001.png","/tmp/jl_ok5lWt/intrinsic0002.png","/tmp/jl_ok5lWt/intrinsic0003.png","/tmp/jl_ok5lWt/intrinsic0004.png","/tmp/jl_ok5lWt/intrinsic0006.png","/tmp/jl_ok5lWt/intrinsic0007.png","/tmp/jl_ok5lWt/intrinsic0008.png","/tmp/jl_ok5lWt/intrinsic0009.png","/tmp/jl_ok5lWt/intrinsic0010.png"]}