{"intrinsic":{"linear":[[1245.4875971407575,0.0],[0.0,1245.4875971407575]],"translation":[539.8331265111321,997.8854320043149]},"extrinsics":[{"linear":[[0.2405256674142085,-0.9674831706443071,0.07825418733197546],[0.9693734437621372,0.2353074681454555,-0.07032440517850205],[0.04962388380290479,0.0927723555538709,0.9944499787326169]],"translation":[-3.17602559607926,-5.669504649806179,44.24892863371681]},{"linear":[[0.25800696034813125,-0.9591958338635421,-0.11565362385477633],[0.9606450980183784,0.2674465163100344,-0.07505568977024328],[0.10292426373396284,-0.09173719644969945,0.9904498385695113]],"translation":[-4.542885372346823,4.559051556446325,44.70930585333483]},{"linear":[[0.25800502690020716,-0.959217558172986,-0.11547762634760723],[0.9607848912728587,0.2673058910139256,-0.07375603928528429],[0.10161593770676154,-0.09191972977498111,0.990568000937881]],"translation":[-4.543411737245407,4.560128351905331,44.710342602873595]},{"linear":[[0.27662115315824637,-0.9570101506073999,-0.08724854875471645],[0.9316513147984821,0.24481262578992818,0.26850066273307516],[-0.23559831336336423,-0.15555818811056768,0.9593201159425855]],"translation":[-3.9922212965772643,4.718198534239309,41.549011856448395]},{"linear":[[0.2994286798197869,-0.9497165821829108,0.09154714210826051],[0.9541158693834293,0.2978131851898595,-0.031148266689709617],[0.0023180793951830467,0.09667326545576573,0.9953134713516323]],"translation":[-4.764967043806183,4.590293374081745,43.605416357266364]},{"linear":[[0.2411352589953097,-0.9674620608512023,0.07662210962124072],[0.9687418252279774,0.23521037393852912,-0.07883752942390132],[0.05825000363289388,0.09323755040348167,0.993938477105865]],"translation":[-3.1708059167325207,-5.662715192505572,44.236415044774496]},{"linear":[[0.22920410198273145,-0.962078122426648,0.14788903266403994],[0.9731821694582447,0.22954804352137848,-0.014971999333818944],[-0.019543405098246036,0.14735461330926564,0.9888906275486905]],"translation":[-3.1351208899389915,-5.657468766927297,43.82502693215753]},{"linear":[[0.25471037003459246,-0.9637370597068191,0.079583334590203],[0.965999325433162,0.24980373200612166,-0.06665882341063165],[0.04436136449115364,0.09385614110685025,0.9945969505870276]],"translation":[-3.3383021299901117,-5.7242672417189135,44.25911774626226]}],"scale":{"linear":[[0.24390243902439027,0.0,0.0],[0.0,0.24390243902439027,0.0],[0.0,0.0,0.24390243902439027]]},"k":[0.31951301154605066,0.0,0.0],"files":["/tmp/jl_QDF2ah/136.0 extrinsic.png","/tmp/jl_QDF2ah/intrinsic0001.png","/tmp/jl_QDF2ah/intrinsic0002.png","/tmp/jl_QDF2ah/intrinsic0003.png","/tmp/jl_QDF2ah/intrinsic0004.png","/tmp/jl_QDF2ah/intrinsic0005.png","/tmp/jl_QDF2ah/intrinsic0006.png","/tmp/jl_QDF2ah/intrinsic0007.png"]}