{"intrinsic":{"linear":[[1430.5342614268923,0.0],[0.0,1430.5342614268923]],"translation":[509.552215155018,991.8697718443445]},"extrinsics":[{"linear":[[-0.9462904710233166,0.32323031074355113,-0.007517357720458199],[-0.3227739444754485,-0.9457914841565427,-0.03599235008616344],[-0.018743671418109085,-0.03163281071280644,0.9993237914050572]],"translation":[-4.8026028743831155,8.143681874166822,40.489468445436]},{"linear":[[-0.9864749844201403,0.15436325228068948,-0.055127955327698784],[-0.15104791801095652,-0.9867056144956639,-0.059971299696522845],[-0.06365242790216172,-0.050833224057332996,0.9966766535612729]],"translation":[3.0119756878882242,7.84921085522619,40.84319767365096]},{"linear":[[-0.9864043641341663,0.15427979752804524,-0.056605428112298656],[-0.15096348568693604,-0.9867870614071507,-0.05883299608800083],[-0.06493424679105395,-0.049487771359658456,0.9966616798490513]],"translation":[3.0115074198865335,7.850938009335454,40.85002892587813]},{"linear":[[-0.8910560558076893,0.2744140514201438,0.36154672421642353],[-0.3120199096533089,-0.9488194001267193,-0.048839757607028994],[0.32964023023348477,-0.1563287380053811,0.9310739198824441]],"translation":[-3.345223450298507,7.981049071531984,37.632089297349935]},{"linear":[[-0.9598805402272135,0.255336226800805,0.11589978333129208],[-0.2679822776273461,-0.95699833231309,-0.11108416101147943],[0.08255208883349074,-0.13768661239602123,0.9870296598360836]],"translation":[-4.99328997324653,9.159004753704945,39.59266197469676]},{"linear":[[-0.9283589672908309,0.369830896369695,-0.0370774316949048],[-0.36554141852877287,-0.9265223986248744,-0.08908263684008405],[-0.06729858238235742,-0.06914732776324536,0.9953338876339576]],"translation":[6.529713843710882,14.96971487390412,41.65971360836799]},{"linear":[[-0.9389234329227613,0.33243876496897135,-0.08892274542794085],[-0.3299643859619836,-0.9430743396673208,-0.04164485391711911],[-0.09770512322938088,-0.009759990110244088,0.9951675494547537]],"translation":[14.010078688713463,0.7085407725311604,41.544730862282876]},{"linear":[[-0.9022282562452653,0.43042568320526553,-0.026793746843395944],[-0.4305454808353073,-0.9025677660649715,-0.0014200678788738822],[-0.024794405919916405,0.01025470125196311,0.9996399744594606]],"translation":[2.2139829055714393,-4.074207644138695,40.18720808249788]},{"linear":[[-0.8245207332121084,0.09935545686226867,0.5570404417051393],[-0.16622868241491479,-0.9835553062551996,-0.07061858593770998],[0.5408637403690215,-0.15082258693223038,0.8274774689531439]],"translation":[2.7554649049075284,3.5428894855413424,35.92244239121748]},{"linear":[[-0.9725678516775673,0.23229227338111663,-0.012331812953237459],[-0.2319055174792098,-0.9723698313588761,-0.026772038133292368],[-0.018210020482717144,-0.023177808147948717,0.9995654977856506]],"translation":[4.35011046296852,2.112467233361467,40.369235138318416]}],"scale":{"linear":[[0.25641025641025644,0.0,0.0],[0.0,0.25641025641025644,0.0],[0.0,0.0,0.25641025641025644]]},"k":[0.10868835614379961,0.0,0.0],"files":["/tmp/jl_vZ9LGw/23.0 extrinsic.png","/tmp/jl_vZ9LGw/intrinsic0001.png","/tmp/jl_vZ9LGw/intrinsic0002.png","/tmp/jl_vZ9LGw/intrinsic0004.png","/tmp/jl_vZ9LGw/intrinsic0005.png","/tmp/jl_vZ9LGw/intrinsic0006.png","/tmp/jl_vZ9LGw/intrinsic0007.png","/tmp/jl_vZ9LGw/intrinsic0008.png","/tmp/jl_vZ9LGw/intrinsic0009.png","/tmp/jl_vZ9LGw/intrinsic0010.png"]}