{"intrinsic":{"linear":[[935.8422877764984,0.0],[0.0,935.8422877764984]],"translation":[645.1454552915136,978.633964890557]},"extrinsics":[{"linear":[[0.8069930407513383,0.5901816158531697,-0.021163470600306943],[-0.5868546399242641,0.8054219307397893,0.0830490522688383],[0.06605954721515132,-0.05460012630325578,0.9963207126369488]],"translation":[-2.5685727258372784,2.23781837834226,32.41667823064513]},{"linear":[[0.37851273787360684,-0.9095336503540257,-0.1716876412008371],[0.7311229960155707,0.18004686864586006,0.6580594880313149],[-0.5676154261158183,-0.3746086811120393,0.7331310006205278]],"translation":[-6.403673418216416,-5.88684980412374,21.718566850467695]},{"linear":[[0.38506629500396716,-0.9024723023817611,-0.19304841850085366],[0.7382787725494111,0.17570811586199753,0.6512074262653657],[-0.5537764914248822,-0.3932815803644888,0.7339354168393548]],"translation":[-6.1493325008149995,-5.72359091298489,22.059010981724356]},{"linear":[[0.1753154191738523,-0.9827564639791218,0.058772751400198144],[0.9844839896110162,0.175450574169019,-0.0028931338264571796],[-0.007468467009550346,0.0583680437483949,0.9982671954289154]],"translation":[-4.58787557222347,-3.3414333916143275,32.715198610241096]},{"linear":[[-0.00895587520569116,0.6926487713426521,0.7212194339150979],[-0.46175395833066957,0.6368815307988416,-0.6173857770416178],[-0.8869628370260267,-0.3385551584082547,0.31412948038970057]],"translation":[-5.941939563048263,0.37071399710110026,23.407904705000284]},{"linear":[[0.8929906828033931,-0.4441858391727539,-0.07257121126676928],[0.4428749136572381,0.895933150212598,-0.03414090220284788],[0.0801838592200675,-0.0016524613541266282,0.996778720725944]],"translation":[-16.164645031490604,-1.6331566440542837,33.6855891602281]},{"linear":[[0.8820821121135142,-0.464431826115365,-0.07895711735182176],[0.46248650931844987,0.88560836614356,-0.042474115823281755],[0.08965141486779446,0.0009490562056631534,0.9959727521897982]],"translation":[-15.865936053374789,-1.7797128455294944,33.71027225014928]},{"linear":[[0.8759359472919384,-0.4762254185654184,-0.07710750257897649],[0.47668262468071515,0.8789710135611908,-0.013551112379346029],[0.07422864385989618,-0.02488590025305954,0.9969306898673125]],"translation":[-11.947725503082907,7.291329537338514,33.3740981036215]},{"linear":[[0.22304145467778008,-0.9742008742686032,-0.03442624100172973],[0.9747972851883224,0.22307249728422057,0.0029855895327299316],[0.0047709836193715865,-0.03422451650017589,0.9994027817580022]],"translation":[3.3279630415669397,2.075589514153502,32.374406926317945]},{"linear":[[0.18000338426201407,-0.9768225354821092,0.11582968457405454],[0.9800378639838356,0.1881960266442086,0.06409399904307053],[-0.08440714905872909,0.10198033991723887,0.9911989928657825]],"translation":[5.648207919095055,1.82983379280118,31.49712428118882]},{"linear":[[0.5190251500548189,0.8540689775750757,-0.034337663788289265],[-0.8539171496600356,0.5198778916187663,0.02350487869584652],[0.037926179969157696,0.01712189679594854,0.9991338476515825]],"translation":[-6.340997997335383,-7.433671661803667,33.22516480157779]}],"scale":{"linear":[[0.24390243902439027,0.0,0.0],[0.0,0.24390243902439027,0.0],[0.0,0.0,0.24390243902439027]]},"k":[0.0,0.0,0.0],"files":["/tmp/jl_g2cEF0/190.025 extrinsic.png","/tmp/jl_g2cEF0/intrinsic0001.png","/tmp/jl_g2cEF0/intrinsic0002.png","/tmp/jl_g2cEF0/intrinsic0003.png","/tmp/jl_g2cEF0/intrinsic0004.png","/tmp/jl_g2cEF0/intrinsic0007.png","/tmp/jl_g2cEF0/intrinsic0008.png","/tmp/jl_g2cEF0/intrinsic0009.png","/tmp/jl_g2cEF0/intrinsic0011.png","/tmp/jl_g2cEF0/intrinsic0012.png","/tmp/jl_g2cEF0/intrinsic0013.png"]}