{"intrinsic":{"linear":[[1025.7106698352059,0.0],[0.0,1025.7106698352059]],"translation":[539.5221645462096,959.5243261871672]},"extrinsics":[{"linear":[[0.9865607212408736,0.06343880608303804,-0.15057709383384338],[-0.07026071883063734,0.9967093904694957,-0.04042056827072616],[0.1475173708215053,0.050456999838327736,0.987771591246289]],"translation":[-6.54202730493619,-1.356381032859207,37.520833805579265]},{"linear":[[0.8782437238095099,0.004577642424583472,0.47819139136860017],[0.056197570563874644,0.9920375846333159,-0.11270875625972798],[-0.47489977327002736,0.12585895226295624,0.8709935301041837]],"translation":[-7.974568075680978,-0.34415124531285696,32.80158157992813]},{"linear":[[0.8845580271764386,0.000502065604957247,0.4664298923609587],[0.05501800764457154,0.9929059955648094,-0.1054073185612676],[-0.463173958025005,0.11890093314008517,0.8782553459591738]],"translation":[-7.97126920802027,-0.33937687412173717,32.76822703357971]},{"linear":[[0.9864006334579465,0.0638204036913945,-0.1514620295203699],[-0.07058972376835015,0.9967135142124985,-0.039739923055781064],[0.14842803378092018,0.049891148101029105,0.9876639064626647]],"translation":[-6.540623125937446,-1.3575145127448989,37.53461508227809]},{"linear":[[0.9865307406950943,0.06349054209901357,-0.15075161268643922],[-0.07042451105133944,0.9966697852590809,-0.041106293858697095],[0.14763971656288344,0.05116923114129402,0.9877166718637691]],"translation":[-6.545812727381598,-1.3579801383923311,37.55711552847966]},{"linear":[[0.9855706667984234,0.05897834025306212,-0.15865691326729178],[-0.06550608061777849,0.9971942640926883,-0.03622917419344348],[0.15607502730612613,0.046099403918443436,0.9866688557007137]],"translation":[-6.527487424429153,-1.3609205877742563,37.54830060649126]},{"linear":[[0.9882035669616557,0.15131616509524073,-0.023603568059315294],[-0.15108257632865776,0.9380247977256996,-0.31190308427708097],[-0.02505524643974156,0.31178982830190344,0.9498206870737832]],"translation":[-6.683116314829586,-7.57473434996631,36.8016838573375]},{"linear":[[0.9787956671621871,0.19214572746975034,0.07098634629032138],[-0.18566187071638746,0.9785890444294616,-0.08884341216277553],[-0.08653734284469583,0.07378008903324668,0.993512851832137]],"translation":[-6.420754586591786,-7.916622397598195,37.109458900932665]},{"linear":[[0.9784054589213291,0.14913706967953386,-0.14311146844451444],[-0.20513382983928372,0.7855529597574376,-0.5838036136165974],[0.025354877408719334,0.6005536461164243,0.7991823623728551]],"translation":[-6.366775723634661,-8.145336409669987,36.392172738146016]},{"linear":[[0.6502006423237421,0.13045775242672222,-0.748478389503372],[-0.25014159468046604,0.966980936899507,-0.048755002652703786],[0.7174038662653741,0.2189261119755242,0.6613645365173231]],"translation":[-7.3486152431152725,-7.09148102580417,36.79262297766607]},{"linear":[[0.5204842285400946,0.8468168581629401,-0.1095325365910493],[-0.8474718844779914,0.4966399787853753,-0.18745702571892028],[-0.10434353291097848,0.190394170612204,0.976146754815354]],"translation":[-6.68149587271023,-4.1470927205674455,36.24848522291321]}],"scale":{"linear":[[0.24390243902439027,0.0,0.0],[0.0,0.24390243902439027,0.0],[0.0,0.0,0.24390243902439027]]},"k":[0.0,0.0,0.0],"files":["/tmp/jl_oOEMbb/259.134 extrinsic.png","/tmp/jl_oOEMbb/intrinsic0001.png","/tmp/jl_oOEMbb/intrinsic0002.png","/tmp/jl_oOEMbb/intrinsic0003.png","/tmp/jl_oOEMbb/intrinsic0004.png","/tmp/jl_oOEMbb/intrinsic0005.png","/tmp/jl_oOEMbb/intrinsic0007.png","/tmp/jl_oOEMbb/intrinsic0008.png","/tmp/jl_oOEMbb/intrinsic0009.png","/tmp/jl_oOEMbb/intrinsic0011.png","/tmp/jl_oOEMbb/intrinsic0012.png"]}