{"intrinsic":{"linear":[[1406.1320304105636,0.0],[0.0,1406.1320304105636]],"translation":[539.5462862073463,959.4646637797304]},"extrinsics":[{"linear":[[-0.9631019290884211,0.26581123662419043,-0.04217891262800019],[-0.2648564134827927,-0.9639123251640196,-0.026909285273398545],[-0.047809564139340885,-0.014745029033944574,0.9987476306332818]],"translation":[-8.58862910676547,7.784767918593206,39.340841047279724]},{"linear":[[-0.9519401317651248,0.29897360471387974,-0.06651893880231216],[-0.296695769746159,-0.9540453811628711,-0.042059848983639486],[-0.07603687098856168,-0.02030257043285737,0.9968982896384605]],"translation":[0.4353942532679904,6.669688034214551,39.938928613917135]},{"linear":[[-0.9520681648550878,0.29893948767962314,-0.06481814695985111],[-0.29692596990671166,-0.9541050160981119,-0.03896904735016213],[-0.073492706198799,-0.01785499824321033,0.9971359090782516]],"translation":[0.43270894040121405,6.679644736619549,39.9831008000483]},{"linear":[[-0.952441791878807,0.2990400179239915,-0.05856364710899381],[-0.29644915177420583,-0.9537898048523509,-0.04901947135648096],[-0.07051619314059579,-0.029327049625453426,0.997079430469421]],"translation":[0.43427735706702963,6.669172972093432,39.92626426448978]},{"linear":[[-0.9611848801385603,0.27211247833058133,-0.04558975027142846],[-0.2631092538482323,-0.9537448514998381,-0.14541072442216513],[-0.08304906220089876,-0.12777150454753716,0.9883204419079931]],"translation":[1.4752867364357398,6.395824612158099,39.71864655172564]},{"linear":[[-0.9632801259785903,0.2651256084749529,-0.042424175012099975],[-0.2640952750829215,-0.9640787971300523,-0.028385887394045545],[-0.048426073282347985,-0.01613953701496372,0.9986963656544442]],"translation":[-8.58852515629279,7.786999174532306,39.334188120744884]},{"linear":[[-0.6611726407293255,0.6982586788101733,0.27438213611181284],[-0.7035454567086251,-0.7040757740535513,0.09644218338229693],[0.2605274064194826,-0.12927537219889837,0.956772359888795]],"translation":[10.340471692509569,2.1690078171442857,33.58000279060904]},{"linear":[[-0.8546842444060176,0.5147792305315493,-0.06721001545499722],[-0.5113686298611877,-0.8571200115058,-0.06202749608189127],[-0.08953751592492687,-0.01864483010497729,0.9958089191970265]],"translation":[10.557033338545809,1.140880472621697,40.42724665986241]},{"linear":[[-0.8465008625635426,0.5320976871315001,-0.017559642037562415],[-0.5298653635989795,-0.8452391027605061,-0.06937979261093619],[-0.05175892326256719,-0.049425808176736225,0.9974357640213112]],"translation":[0.9401838467912856,-3.78926026940212,39.61178133551239]},{"linear":[[-0.7342119228286816,0.678669891143689,-0.018439935770583147],[-0.676238336809849,-0.7334535187160632,-0.06890317635403083],[-0.06028734697147693,-0.03811974210351714,0.9974529167119128]],"translation":[6.703298238657507,11.892190269739691,40.63094354780824]},{"linear":[[-0.7345805491236191,0.6782311810515343,-0.019846458089108822],[-0.6758269536992475,-0.7339544724376332,-0.06759261085644322],[-0.06040981296806972,-0.036239445887542965,0.9975155923888741]],"translation":[6.703726302896763,11.897629330441609,40.63811374769726]},{"linear":[[-0.960058328839309,0.2750281075757614,-0.05145430273134653],[-0.21846749205515564,-0.8517237549454048,-0.4762757606438007],[-0.17481407306451086,-0.44601141835719393,0.8777891857123784]],"translation":[0.034861431256869,2.7502786693839303,38.76658616169927]}],"scale":{"linear":[[0.25641025641025644,0.0,0.0],[0.0,0.25641025641025644,0.0],[0.0,0.0,0.25641025641025644]]},"k":[0.027098395893311353,0.0,0.0],"files":["/tmp/jl_R2Qc6U/11.0 extrinsic.png","/tmp/jl_R2Qc6U/intrinsic0001.png","/tmp/jl_R2Qc6U/intrinsic0002.png","/tmp/jl_R2Qc6U/intrinsic0003.png","/tmp/jl_R2Qc6U/intrinsic0004.png","/tmp/jl_R2Qc6U/intrinsic0005.png","/tmp/jl_R2Qc6U/intrinsic0006.png","/tmp/jl_R2Qc6U/intrinsic0007.png","/tmp/jl_R2Qc6U/intrinsic0008.png","/tmp/jl_R2Qc6U/intrinsic0009.png","/tmp/jl_R2Qc6U/intrinsic0010.png","/tmp/jl_R2Qc6U/intrinsic0012.png"]}