{"intrinsic":{"linear":[[690.8842001501118,0.0],[0.0,690.8842001501118]],"translation":[616.1265559622233,953.7747076380413]},"extrinsics":[{"linear":[[0.9938471239473305,0.09229249950695487,-0.061237151765724356],[-0.09292388384807487,0.9956446816749231,-0.007537881866319887],[0.06027475451803276,0.013181896191361859,0.9980947808603104]],"translation":[-4.797669179844817,-3.8004236176446122,24.495028287975746]},{"linear":[[0.9944524168978954,0.09427522614072627,-0.04665374863876714],[-0.09076288816313187,0.9932365306891744,0.07241058097280728],[0.053164731337806644,-0.06777444828729767,0.9962831603018949]],"translation":[-4.807502893078782,-3.7673492534236988,24.012057915263924]},{"linear":[[0.9940579004185565,0.09374234427804279,-0.05532868609237188],[-0.09029115180446873,0.9939904340536071,0.06189123456309931],[0.06079801412277965,-0.056527779888998736,0.9965481481491737]],"translation":[-4.811407787582857,-3.7776448912917258,24.125412366157835]},{"linear":[[0.9938738626349042,0.09126806588061954,-0.06232884822926267],[-0.09189015295506169,0.9957432476175077,-0.0071822429667871245],[0.06140802033180141,0.012865650957082867,0.9980298242359191]],"translation":[-4.801987175244401,-3.793839272244612,24.50227811866184]},{"linear":[[0.9737406464028506,0.20062783419896835,-0.10759937586989136],[-0.17004625510450783,0.9552087248760002,0.24219942825221266],[0.15137180935660222,-0.217542556906453,0.9642415730856617]],"translation":[-4.530173623444016,-3.102106671441194,23.12005209970906]},{"linear":[[0.9829993701009212,0.18284115233268067,-0.016773532569186563],[-0.1822966764349675,0.9827953669233127,0.02968481960254677],[0.021912556718851246,-0.026122399731426563,0.9994185610095074]],"translation":[-4.256488935657398,-3.406736464677532,24.24125788133865]}],"scale":{"linear":[[0.24390243902439027,0.0,0.0],[0.0,0.24390243902439027,0.0],[0.0,0.0,0.24390243902439027]]},"k":[0.0,0.0,0.0],"files":["/tmp/jl_jzqi0F/195.512 extrinsic.png","/tmp/jl_jzqi0F/intrinsic0001.png","/tmp/jl_jzqi0F/intrinsic0002.png","/tmp/jl_jzqi0F/intrinsic0003.png","/tmp/jl_jzqi0F/intrinsic0004.png","/tmp/jl_jzqi0F/intrinsic0005.png"]}