{"intrinsic":{"linear":[[933.5978115676544,0.0],[0.0,933.5978115676544]],"translation":[529.304511690536,977.4504933357873]},"extrinsics":[{"linear":[[0.9725304393864955,0.16942512229013673,-0.1596235333642329],[-0.1669105616897988,0.9855416178904071,0.02913046176007369],[0.16225106737123807,-0.0016874071623215227,0.9867480650064446]],"translation":[-9.967156568233662,-2.698230495811907,33.77977965123119]},{"linear":[[0.6232235654666339,-0.5147209377562996,-0.5887739325771238],[0.7539335920971837,0.5954825874621746,0.2774610364299657],[0.20778961993923886,-0.6168167023230069,0.7591841868617112]],"translation":[-5.275481362641111,-5.904238814621489,15.735169953478598]},{"linear":[[0.6174105656244208,-0.5060357729066011,-0.6022723553295067],[0.7560689071110979,0.5931070585146211,0.2767378269047508],[0.2171727449639177,-0.6262202597161421,0.7487884782539623]],"translation":[-5.303189146781567,-5.81857630375864,15.85354674827009]},{"linear":[[0.3035478380030022,-0.8894110315545216,-0.3417699913579671],[0.9422499428321867,0.3334767548130252,-0.030956408579075195],[0.14150531889806905,-0.3126360039222855,0.9392736415843151]],"translation":[-5.0999741233941,6.745334736164913,32.65235570367887]},{"linear":[[0.9727757488998392,0.16940679323736846,-0.15814133159104468],[-0.16712285336211435,0.9855460623682473,0.027729241506904388],[0.16055308852981456,-0.000545303103323758,0.987027055560314]],"translation":[-9.967494928090511,-2.6976647037160535,33.774110853507864]},{"linear":[[0.5311756034565823,-0.8465879132724005,-0.03378436611242304],[0.8456957978212617,0.5321954072060099,-0.039581133084957205],[0.05148879334374898,-0.007546764201433756,0.9986450573202136]],"translation":[-0.29506958832779956,-1.2751627956870215,32.779058690074145]},{"linear":[[0.7949393554414809,-0.4882872639535264,-0.36006522885591513],[0.5585274806350321,0.8207494209793066,0.12007265024815965],[0.23689338223295126,-0.2965568003315929,0.9251678710543946]],"translation":[-6.925758793089927,-1.0431902733983855,29.504129402777373]},{"linear":[[0.9066034692548105,-0.39571968811426955,-0.14654718685081222],[0.3919932111144842,0.9183380708481276,-0.05474038793336096],[0.15624171010103868,-0.007817676744704977,0.9876879122248171]],"translation":[-11.823489207515745,1.2339597085363976,34.27205873993207]},{"linear":[[0.6563290353639608,0.7362517494650307,-0.16481977656790525],[-0.6777846300070844,0.6713362466456916,0.29985936581310024],[0.3314214728474487,-0.08509409703003314,0.9396375907690533]],"translation":[-1.587241142968911,-8.723661369237893,31.542751386077413]},{"linear":[[0.5816841333532917,0.8056723671116777,-0.11196251996849557],[-0.8054041966934729,0.589743392896657,0.059386955497658746],[0.11387558541483486,0.05563063371385695,0.9919362800296313]],"translation":[-0.613399077202054,-7.8920176072707315,33.171094608342095]},{"linear":[[0.9242010991349909,0.3710210666618972,-0.09053008588719326],[-0.3684769784674908,0.9285958275400348,0.04398301279706113],[0.10038448434465815,-0.007290896262196863,0.994922006056028]],"translation":[-0.2306693314875942,1.6141872454656763,32.87985837888758]},{"linear":[[0.9464067945156018,0.32060007548926367,-0.03911228567831081],[-0.3087921248561751,0.933676619094445,0.18137087578543373],[0.09466574312554522,-0.1595730633679924,0.982636674730718]],"translation":[-3.8479512275487195,-2.636244288250809,21.668958616283778]},{"linear":[[0.3823735601279428,-0.8263934841544804,-0.4133573149976918],[0.8883211017264323,0.4518959181594842,-0.08170495320563112],[0.25431492434110137,-0.3359522116281054,0.9068958213375806]],"translation":[-3.511052222336076,1.2864926081575312,24.447295089621747]},{"linear":[[0.47073868678154396,-0.8820704931898056,-0.018887398208337805],[0.8440844866842958,0.4564901929944829,-0.2813149179101036],[0.25676150043590257,0.11648325520757334,0.9594296134423572]],"translation":[-4.013834808901211,1.252144251165592,25.206963671344656]}],"scale":{"linear":[[0.24390243902439027,0.0,0.0],[0.0,0.24390243902439027,0.0],[0.0,0.0,0.24390243902439027]]},"k":[0.0,0.0,0.0],"files":["/tmp/jl_6jYaI3/200.732 extrinsic.png","/tmp/jl_6jYaI3/intrinsic0001.png","/tmp/jl_6jYaI3/intrinsic0002.png","/tmp/jl_6jYaI3/intrinsic0003.png","/tmp/jl_6jYaI3/intrinsic0004.png","/tmp/jl_6jYaI3/intrinsic0005.png","/tmp/jl_6jYaI3/intrinsic0006.png","/tmp/jl_6jYaI3/intrinsic0007.png","/tmp/jl_6jYaI3/intrinsic0008.png","/tmp/jl_6jYaI3/intrinsic0009.png","/tmp/jl_6jYaI3/intrinsic0010.png","/tmp/jl_6jYaI3/intrinsic0011.png","/tmp/jl_6jYaI3/intrinsic0012.png","/tmp/jl_6jYaI3/intrinsic0013.png"]}