{"intrinsic":{"linear":[[950.6963051893547,0.0],[0.0,950.6963051893547]],"translation":[539.4281513719995,959.475603471177]},"extrinsics":[{"linear":[[0.21738327221125875,0.9760803460010101,-0.0034163011099842735],[-0.9758374493815705,0.2174055461234803,0.021819736460873866],[0.022040538722919,-0.0014094911491655902,0.9997560842463045]],"translation":[2.8996929654867127,4.53901792471989,33.10143957503324]},{"linear":[[0.21767195042927506,0.9760150458576665,-0.003681338855955894],[-0.9757127317842343,0.21769637390012436,0.02435064321293992],[0.024568008272180468,-0.0017085228105998464,0.9996967009645195]],"translation":[2.894250808130666,4.53452483856554,33.09359971060656]},{"linear":[[0.21751585734204526,0.9760387171117791,-0.005939234255977243],[-0.9757515824463586,0.2175959741799347,0.02368208973279654],[0.02440698994513698,0.0006439871719089267,0.9997018976286582]],"translation":[2.895160700979919,4.534939468514683,33.098983103017154]},{"linear":[[0.26143627389936763,0.9646542521531205,0.03306430843853809],[-0.9645650941494037,0.2598429617560236,0.04578006525125958],[0.03557040677539045,-0.043861247460162636,0.9984041952701681]],"translation":[2.8699579243608637,4.773123893661601,32.8917614330773]},{"linear":[[0.496433211361783,0.8676238925851979,-0.027979415153569116],[-0.8676531659276036,0.4949296084500653,-0.047145162374003555],[-0.02705642830887639,0.047680852496296305,0.998496112156874]],"translation":[7.579249689292553,-3.535124949759865,33.08768063652405]},{"linear":[[0.07802687921109563,-0.9595126873504352,-0.27064221572792957],[0.9968635564252502,0.0786908336166443,0.008414426654240498],[0.01322331243596303,-0.27044991314153477,0.9626432301169303]],"translation":[-11.68985802343642,-4.473026811567181,31.53826501072868]},{"linear":[[0.3858557251921293,-0.8214448598084572,-0.41993297278341934],[0.8281889301775152,0.5089704470825591,-0.23463200959801384],[0.40647073113310217,-0.25724973525903544,0.8767007006049883]],"translation":[-11.549161215426885,-5.477736806821522,31.608112161876964]},{"linear":[[0.15538109676502998,0.9877655098060768,0.013266966708237089],[-0.9878154724872125,0.15524139408907023,0.010986440558579308],[0.008792444652179241,-0.0148124001709052,0.9998516318525541]],"translation":[6.064159480773176,3.594185035428466,33.06594829151921]},{"linear":[[0.238755053323622,0.9632012553394627,0.12344782794734654],[-0.9570653883547662,0.2118808187628063,0.19781901085017928],[0.16438329272092966,-0.16537793187994032,0.9724341996872277]],"translation":[4.203211581319637,1.7302630620433779,29.288970677586626]},{"linear":[[0.030155598339921763,0.9976051473493934,0.06224636431757741],[-0.8960659945961145,0.05457495330301232,-0.44055341083738103],[-0.4428954427596174,-0.042491698647727505,0.8955657889450631]],"translation":[1.3006019325148153,2.3830755793505523,31.434295574615987]},{"linear":[[0.22292344463753777,0.9620077981460943,-0.1576265654546794],[-0.9738766925077661,0.21260197303313133,-0.07977837333860496],[-0.0432356984570476,0.17129330800858336,0.9842709367904795]],"translation":[3.4243202681918583,0.8827002722449043,28.167264609806594]},{"linear":[[0.23299778748337563,-0.9179128653806724,0.32116662746383723],[0.9626580410781845,0.2645169088699114,0.05762205193690233],[-0.13784602633142456,0.2957478258424742,0.9452680553864526]],"translation":[-10.627446407247405,1.7895674193974278,24.027919646990046]},{"linear":[[0.2998539954372786,-0.9393722620442279,0.1663350075065703],[0.9445642708288006,0.3167882433036356,0.08627599421769926],[-0.13373825067629833,0.13124390350224596,0.982287696196759]],"translation":[-10.573067241347038,1.7064160937505293,21.319539438550194]},{"linear":[[0.2873750029627795,-0.9476830199832545,0.13896942580136468],[0.9577975902480184,0.2852786789413204,-0.03521152448537701],[-0.00627565034333076,0.14322349310400706,0.9896704740649056]],"translation":[-11.320621501634147,-0.42208583928104715,20.718575072157822]},{"linear":[[0.2697613117264495,-0.9600860994121642,0.07391560329971802],[0.897024851255647,0.22264808575790856,-0.3818039367766176],[0.35010748481774817,0.1693000638625837,0.9212829301852474]],"translation":[-11.22384025671907,-0.22197377710985297,21.172787679430677]},{"linear":[[0.5498463580947919,0.7652849951878572,0.33467575148226003],[-0.7907393150124756,0.6059990931716146,-0.08658195405961688],[-0.26907307220064736,-0.21703450236195693,0.9383473272733307]],"translation":[-0.05517247177093085,-1.8623584877764643,21.12962931115309]},{"linear":[[0.5819931259069868,0.8121929804128764,-0.040330682675394504],[-0.813002800360234,0.5800658714689064,-0.05049783523514196],[-0.017619534710989662,0.062178350935571954,0.9979095172767425]],"translation":[-0.1615400803107798,-2.0036122270211347,21.33637899050431]}],"scale":{"linear":[[0.24390243902439027,0.0,0.0],[0.0,0.24390243902439027,0.0],[0.0,0.0,0.24390243902439027]]},"k":[0.0,0.0,0.0],"files":["/tmp/jl_4sp79P/220.449 extrinsic.png","/tmp/jl_4sp79P/intrinsic0001.png","/tmp/jl_4sp79P/intrinsic0002.png","/tmp/jl_4sp79P/intrinsic0003.png","/tmp/jl_4sp79P/intrinsic0004.png","/tmp/jl_4sp79P/intrinsic0005.png","/tmp/jl_4sp79P/intrinsic0006.png","/tmp/jl_4sp79P/intrinsic0008.png","/tmp/jl_4sp79P/intrinsic0009.png","/tmp/jl_4sp79P/intrinsic0010.png","/tmp/jl_4sp79P/intrinsic0011.png","/tmp/jl_4sp79P/intrinsic0012.png","/tmp/jl_4sp79P/intrinsic0014.png","/tmp/jl_4sp79P/intrinsic0015.png","/tmp/jl_4sp79P/intrinsic0017.png","/tmp/jl_4sp79P/intrinsic0019.png","/tmp/jl_4sp79P/intrinsic0020.png"]}