{"intrinsic":{"linear":[[1101.3776454368951,0.0],[0.0,1101.3776454368951]],"translation":[539.7651278016093,959.0126824701581]},"extrinsics":[{"linear":[[0.9626803364477312,0.24781525894506498,-0.10878495875291486],[-0.24878916374331164,0.9685460486594306,0.004743799121783299],[0.1065388277614629,0.022497756781389537,0.9940539870243561]],"translation":[-6.997804749466954,-5.8749320330757016,31.359640629429798]},{"linear":[[0.3077260944686699,-0.9487289773029531,-0.07223557578334797],[0.9450216210509242,0.3135841083937467,-0.09273156263744492],[0.11062904921105796,-0.03972825931992863,0.99306740903227]],"translation":[-2.7145620351810753,-7.188105962080425,31.20144270640154]},{"linear":[[0.3077339659177002,-0.9486418863911429,-0.07333742294911624],[0.945100532379879,0.3136691378996149,-0.09163326701903299],[0.10993084151334748,-0.0411125688028155,0.9930885996579565]],"translation":[-2.7146231585845757,-7.189789137593397,31.206149429182123]},{"linear":[[0.30961931888091554,-0.9497584602080218,-0.045768380340638175],[0.943244583515805,0.31286330634188886,-0.11138315497828671],[0.1201063405645742,-0.008684400273413627,0.9927230470519346]],"translation":[-2.7192997435906796,-7.1209313083968455,30.9753115672527]},{"linear":[[0.30888838729930757,-0.9498088874881135,-0.04950799370026171],[0.9432682579055721,0.31259569880825433,-0.11193267045133176],[0.12179063108228103,-0.012124616908229184,0.9924817559257242]],"translation":[-2.7201464491204512,-7.118109943794146,30.980597962256006]},{"linear":[[0.3099516813067993,-0.9496204470867805,-0.04637846191705378],[0.9435330659043019,0.31323195028689366,-0.1078475723634868],[0.11694147596262341,-0.01033207598560422,0.9930850615156341]],"translation":[-2.72001555618033,-7.120858410906364,30.963018877099582]},{"linear":[[0.3097891986330514,-0.9498144395077249,-0.04339565546132839],[0.9440105882202116,0.31270152026001047,-0.10517494262041885],[0.11346656661070725,-0.008383897047593548,0.9935064411124235]],"translation":[-2.7209289257103886,-7.125903491466349,30.974905660217072]},{"linear":[[0.30768051693983517,-0.9485845740163047,-0.07429673905321438],[0.9440687216802138,0.31408203488108694,-0.10043268447095502],[0.1186041662030575,-0.03924004718729774,0.9921659490508714]],"translation":[-2.713706071655773,-7.179885231661484,31.19748188297553]},{"linear":[[0.31115915461529164,-0.9493525207312864,-0.04370093683491821],[0.9419721584635748,0.3141824785641445,-0.11822784292528082],[0.12596996935210764,-0.004377390140648377,0.9920243975210417]],"translation":[-2.7204070002036835,-7.110573866053716,30.921374651632313]},{"linear":[[0.9625884835859186,0.2484945699552545,-0.10804563836876838],[-0.24912556798986277,0.9684394982530553,0.0078351513768968],[0.1065826563822174,0.019374904544893518,0.9941150589506158]],"translation":[-7.006157589495353,-5.876593445647671,31.40460930526569]},{"linear":[[0.04980084123959222,0.998311310796238,-0.02990657031701259],[-0.9913193509133904,0.05305576104231474,0.1202955972796817],[0.12167917125162998,0.023656139932759224,0.9922875421605364]],"translation":[2.999783336638768,1.7748873725332535,30.30540028040653]},{"linear":[[0.4677233670887616,-0.6960947614330674,-0.5446897603081895],[0.8556803215282539,0.5110128702411852,0.08171311888044486],[0.22146340381303592,-0.504299444331745,0.8346472495720797]],"translation":[-5.847937820182796,0.17986074294177365,27.421408564617565]},{"linear":[[0.8573544693920716,-0.5127506943690244,0.04505595673740437],[0.4180151704251298,0.7446708676573435,0.5203158811307886],[-0.3003441877378173,-0.4272610727489021,0.8527844655043666]],"translation":[-7.983371670691821,-3.5759423621507707,25.5329700624894]},{"linear":[[0.4870699555082464,-0.87335390718097,0.003976336621628218],[0.6969826069569556,0.38595595488801127,-0.6043618506209415],[0.5262870927931643,0.29713793715750425,0.7967000327984818]],"translation":[-7.19813956173632,-1.932574690063676,29.198647725104593]},{"linear":[[0.22426133971850426,-0.9739873344863036,0.03248882527773414],[0.9080051754768818,0.22094264288613097,0.35596481548277903],[-0.35388338872410907,-0.05032912491547145,0.9339344336570872]],"translation":[-2.409120897372295,-1.821527789938937,25.2528891485996]},{"linear":[[0.1555040821823192,-0.7660194219853297,-0.623724879707308],[0.9624901371218012,0.2596021554215217,-0.07886353304130206],[0.22233132115806561,-0.5880654436725232,0.7776553334159984]],"translation":[-2.1800561336091944,-6.6521390658043655,29.396723564804336]}],"scale":{"linear":[[0.24390243902439027,0.0,0.0],[0.0,0.24390243902439027,0.0],[0.0,0.0,0.24390243902439027]]},"k":[-0.08399538483445249,0.0,0.0],"files":["/tmp/jl_Nzkf8p/30.5 extrinsic.png","/tmp/jl_Nzkf8p/intrinsic0001.png","/tmp/jl_Nzkf8p/intrinsic0002.png","/tmp/jl_Nzkf8p/intrinsic0003.png","/tmp/jl_Nzkf8p/intrinsic0004.png","/tmp/jl_Nzkf8p/intrinsic0005.png","/tmp/jl_Nzkf8p/intrinsic0006.png","/tmp/jl_Nzkf8p/intrinsic0007.png","/tmp/jl_Nzkf8p/intrinsic0008.png","/tmp/jl_Nzkf8p/intrinsic0009.png","/tmp/jl_Nzkf8p/intrinsic0010.png","/tmp/jl_Nzkf8p/intrinsic0011.png","/tmp/jl_Nzkf8p/intrinsic0012.png","/tmp/jl_Nzkf8p/intrinsic0013.png","/tmp/jl_Nzkf8p/intrinsic0014.png","/tmp/jl_Nzkf8p/intrinsic0016.png"]}