{"intrinsic":{"linear":[[2165.9879248383577,0.0],[0.0,2165.9879248383577]],"translation":[539.5003927182174,959.5027407003739]},"extrinsics":[{"linear":[[0.9847541019305583,0.11157613498215693,0.13345457966433114],[-0.09833648885760415,0.9899114187533369,-0.10200646048615829],[-0.14348969889890392,0.08732782560100404,0.9857913355196943]],"translation":[2.2262790006317217,-1.6573872529929177,79.3165814582179]},{"linear":[[0.9527255528571617,0.2357769260333538,-0.19163314453214583],[-0.27321362232201957,0.9407507662297743,-0.20085395792907246],[0.132922298771488,0.2437154836861113,0.9606947618785835]],"translation":[-1.8497628585347468,-1.9964039800907383,62.603336140878724]},{"linear":[[0.9371250526306034,0.11735704173582248,0.32866998720160834],[-0.14077413574126127,0.9888631322506904,0.048294392859364474],[-0.31934194594257403,-0.09152611884249277,0.9432092509784031]],"translation":[2.5559278305557767,-1.750442436848269,74.7063318116045]},{"linear":[[0.9894779356732065,0.10410297723248865,0.10047877859140983],[-0.09444857051692362,0.9908429132927762,-0.09648724633231746],[-0.10960329531177113,0.08598192431444852,0.9902495778075268]],"translation":[2.249757917613708,-1.636497442826884,79.06233151067981]},{"linear":[[0.984659394966,0.11137142394916882,0.13432156130988468],[-0.0977635912010949,0.9897623162722912,-0.10398479467102001],[-0.1445273542989555,0.08925784679703794,0.9854668338632714]],"translation":[2.22280069481917,-1.6573283354210036,79.27700939008602]},{"linear":[[0.9850110474954324,0.1065582857235871,0.135641321342729],[-0.09052710557083789,0.988719031165992,-0.11932946227629042],[-0.14682669876053694,0.10526162241687433,0.9835455817486295]],"translation":[2.24776102218829,-1.5135638876634534,79.18454812405298]},{"linear":[[0.9923141538387967,0.08741633521222579,0.0875842704442783],[-0.08134736415093251,0.9941805534186168,-0.0706231799761823],[-0.09324819803560971,0.06295563153774593,0.9936505230818304]],"translation":[2.158186882283182,-1.638989251834084,79.41491585243568]}],"scale":{"linear":[[0.24390243902439027,0.0,0.0],[0.0,0.24390243902439027,0.0],[0.0,0.0,0.24390243902439027]]},"k":[0.0,0.0,0.0],"files":["/tmp/jl_rXAgOO/240.79 extrinsic.png","/tmp/jl_rXAgOO/intrinsic0003.png","/tmp/jl_rXAgOO/intrinsic0004.png","/tmp/jl_rXAgOO/intrinsic0005.png","/tmp/jl_rXAgOO/intrinsic0006.png","/tmp/jl_rXAgOO/intrinsic0007.png","/tmp/jl_rXAgOO/intrinsic0008.png"]}