{"intrinsic":{"linear":[[1012.0802028804202,0.0],[0.0,1012.0802028804202]],"translation":[539.5486675660562,959.4768879678636]},"extrinsics":[{"linear":[[0.649209775711374,-0.7421026720609493,-0.16676417853000314],[0.7477116640636096,0.6628779730993621,-0.038987949457615176],[0.1394773621202221,-0.09938016351204478,0.9852256840725906]],"translation":[-3.068267214536257,3.95640388876832,34.65984949278121]},{"linear":[[0.6495306998904413,-0.741854635712053,-0.1666180343551398],[0.7477001523804154,0.6629957025632511,-0.037164237015771893],[0.1380375022598457,-0.10044101679691475,0.985320886876283]],"translation":[-3.0685485050256394,3.9550554601136128,34.67296041069886]},{"linear":[[0.6499742483401546,-0.7419226525753249,-0.16457294458763466],[0.7476610226270106,0.6630809248603168,-0.03642365070554582],[0.1361487118520901,-0.09937034105798781,0.9856921748593906]],"translation":[-3.0696630819013446,3.9562604023574135,34.6804708608044]},{"linear":[[0.649250076275065,-0.7421215946539,-0.16652290294483352],[0.7477779373265624,0.662832916527472,-0.03847962077927708],[0.13893341896193961,-0.09953925615573772,0.9852864769088778]],"translation":[-3.068177859393789,3.9564257428163208,34.68581875802167]},{"linear":[[0.649440000108917,-0.7421514590595821,-0.16564690783187974],[0.7477483906571174,0.6628786223775706,-0.03826586291337416],[0.13820286005803545,-0.09901082673398642,0.9854424517247223]],"translation":[-3.0680937408080173,3.9559500331422703,34.68239003127436]},{"linear":[[0.649394202144072,-0.7419911981448506,-0.1665419829869723],[0.747683380199055,0.662954598160211,-0.03821993919865001],[0.13876863188696256,-0.0997008658628507,0.9852933594368829]],"translation":[-3.068278365839889,3.955030342100993,34.682337842966305]},{"linear":[[0.6493792382745566,-0.7420202218318686,-0.16647100435373466],[0.7477745129691253,0.6628798516252891,-0.03773035996411975],[0.13834696473628885,-0.09998146179077017,0.9853242231095493]],"translation":[-3.068788181942854,3.9549509422511546,34.67902537033915]},{"linear":[[0.6494189076247168,-0.7420861173761304,-0.1660219166771058],[0.7476455593381117,0.6629637693976098,-0.03879636668703646],[0.1388567608059535,-0.09893045468273698,0.985358597219685]],"translation":[-3.068397042575389,3.954665489842894,34.68091717361289]},{"linear":[[0.6498572523696788,-0.7420337126095778,-0.16453425446811393],[0.7476107877654207,0.6630732962259975,-0.03757544209663631],[0.1369805152541726,-0.09858891003980681,0.985655398837679]],"translation":[-3.0685164371395386,3.9565830664677577,34.68624945346062]},{"linear":[[0.6494440852916415,-0.7420880514160223,-0.16591474926984148],[0.7476997268944775,0.6629288072486174,-0.038347293540084565],[0.138446735178649,-0.09914998974027589,0.9853942262124721]],"translation":[-3.0673317858120193,3.9554068520170507,34.68253543331944]},{"linear":[[0.6495248051398583,-0.7421120499063957,-0.16549088461832703],[0.7477102492524378,0.6629290782653814,-0.03813686344036961],[0.13801054550608308,-0.09896839179222426,0.9854736661906163]],"translation":[-3.067159482192106,3.954500325492618,34.68243525311047]},{"linear":[[0.649838166386649,-0.7421532704674345,-0.1640697432244246],[0.7476333688715737,0.6630264630325045,-0.037950692593788596],[0.1369478121657259,-0.09800220636851965,0.9857184508214925]],"translation":[-3.066778839173431,3.953536877866692,34.68016493236656]},{"linear":[[0.6494322295025882,-0.7423602940254318,-0.16473910627951144],[0.7477486125308718,0.6628282507777897,-0.03912444797069624],[0.13823817034905372,-0.09777476067641323,0.9855609085354472]],"translation":[-3.06952613008862,3.954524884016398,34.68755233095698]},{"linear":[[0.6497063916917629,-0.7422072790107062,-0.16434707048923508],[0.7477337446267798,0.6629202908751932,-0.03782770271061856],[0.13702500407328372,-0.09831095020125238,0.985676978187704]],"translation":[-3.0711745931341956,3.955989540890978,34.68893760478862]},{"linear":[[0.6497104865344395,-0.7422287108799303,-0.16423405381558037],[0.7473538533134406,0.6631837172267562,-0.04061496205654115],[0.13906294123429952,-0.09635298620602782,0.9855849026970974]],"translation":[-3.070438302984011,3.9540361150644823,34.68947868527763]},{"linear":[[0.649621944271277,-0.7420580025914983,-0.1653518984200719],[0.7476142091941774,0.6630264147400664,-0.038327112699734746],[0.1380736170749883,-0.09872129530577198,0.9854896154303099]],"translation":[-3.069379956625381,3.9535025847646086,34.68448141526574]},{"linear":[[0.6494605395656379,-0.7424522221258947,-0.16421237897135382],[0.7473664078372191,0.6630755613113894,-0.04212187588506769],[0.1401586957116887,-0.09537031955439193,0.9855252620630743]],"translation":[-3.0681704728029855,3.953731424568415,34.67831051947031]},{"linear":[[0.6496895170194095,-0.741873067139798,-0.16591529081936818],[0.7476650185638913,0.6630429271296541,-0.0370283242828542],[0.13747927658720982,-0.09999214487113074,0.9854445796051283]],"translation":[-3.0680605901996914,3.9538943734578984,34.66667902955303]},{"linear":[[0.9167008274025026,-0.3770692169849816,-0.13220589488332188],[0.38506794094067603,0.9220066275484136,0.04032938899250631],[0.1066877401545046,-0.08787823598100812,0.9904015053207418]],"translation":[-7.294764903148729,2.1967950639555,35.074805231063024]},{"linear":[[0.18050981288473916,-0.9730013546454932,-0.14382131730154413],[0.9541575966450544,0.20872238430428275,-0.2145186403436043],[0.23874565591199748,-0.09850548283405447,0.966073072616549]],"translation":[4.962938700913328,3.877048237266255,34.85142542008005]},{"linear":[[0.8486051891444312,-0.5153181990991529,-0.11965110377405735],[0.5185468057903757,0.8550357869489823,-0.004797211808241473],[0.10477806622448566,-0.05797375883743157,0.992804411817613]],"translation":[-2.5220961079550266,-4.864846802008907,33.875659936250564]},{"linear":[[0.22334152212466135,-0.7957043596081232,-0.5630036736964208],[0.9081987913267746,0.37962094000434715,-0.176246694558512],[0.3539682470612653,-0.4719560509314849,0.8074428562205085]],"translation":[2.688261954822674,0.11047202985847826,27.897399723712592]},{"linear":[[0.5443248071719249,-0.8092779886254288,-0.22086113606433191],[0.5653142533735519,0.5483966574407118,-0.6161825225049462],[0.6197824612151837,0.2105474845117728,0.7560022867265774]],"translation":[0.10497390216130742,-1.828450889710477,28.73957190573109]}],"scale":{"linear":[[0.25641025641025644,0.0,0.0],[0.0,0.25641025641025644,0.0],[0.0,0.0,0.25641025641025644]]},"k":[0.0,0.0,0.0],"files":["/tmp/jl_LUEQ4o/350.0 extrinsic.png","/tmp/jl_LUEQ4o/intrinsic0003.png","/tmp/jl_LUEQ4o/intrinsic0004.png","/tmp/jl_LUEQ4o/intrinsic0005.png","/tmp/jl_LUEQ4o/intrinsic0006.png","/tmp/jl_LUEQ4o/intrinsic0007.png","/tmp/jl_LUEQ4o/intrinsic0008.png","/tmp/jl_LUEQ4o/intrinsic0009.png","/tmp/jl_LUEQ4o/intrinsic0010.png","/tmp/jl_LUEQ4o/intrinsic0011.png","/tmp/jl_LUEQ4o/intrinsic0012.png","/tmp/jl_LUEQ4o/intrinsic0013.png","/tmp/jl_LUEQ4o/intrinsic0014.png","/tmp/jl_LUEQ4o/intrinsic0015.png","/tmp/jl_LUEQ4o/intrinsic0016.png","/tmp/jl_LUEQ4o/intrinsic0017.png","/tmp/jl_LUEQ4o/intrinsic0018.png","/tmp/jl_LUEQ4o/intrinsic0019.png","/tmp/jl_LUEQ4o/intrinsic0020.png","/tmp/jl_LUEQ4o/intrinsic0021.png","/tmp/jl_LUEQ4o/intrinsic0022.png","/tmp/jl_LUEQ4o/intrinsic0024.png","/tmp/jl_LUEQ4o/intrinsic0025.png"]}