{"intrinsic":{"linear":[[1002.0446345682194,0.0],[0.0,1002.0446345682194]],"translation":[539.4804080264677,959.5058828463182]},"extrinsics":[{"linear":[[0.9225643687361335,0.33519112375004356,-0.19110702786052364],[-0.12198138465704067,0.7232675885956762,0.6797091562456304],[0.36605399510953446,-0.6037639487798016,0.7081479836998551]],"translation":[-9.656209221109172,-3.2136449394566,35.28657215765103]},{"linear":[[0.9298759125708655,0.31070579026190764,-0.19695862285826343],[-0.25713784637327736,0.9318464900091386,0.2560122009205059],[0.2630796745912025,-0.18741406285381082,0.9463958230368597]],"translation":[-8.526850682717074,-5.48114390199199,38.76605512783998]},{"linear":[[0.9264493918099033,0.3067354514788629,-0.2181854422758736],[-0.25478592675805195,0.9376672198582676,0.2363563333809945],[0.2770842037018729,-0.16338160119586714,0.9468531018323665]],"translation":[-8.576931289742584,-5.5052904528633215,39.114556201255304]},{"linear":[[0.9225995767454337,0.3335341280137669,-0.19381694053730825],[-0.12398766560503642,0.7321601033548609,0.6697526721359258],[0.3652904047014649,-0.5938826218247976,0.716844719397126]],"translation":[-9.60678620676046,-3.2872608692985135,35.25494482795417]},{"linear":[[0.915279959105068,0.35639237766467446,-0.18774202939977222],[-0.3449366760664965,0.934140559518388,0.09165208435638422],[0.20804154865031596,-0.01912820444246971,0.9779329352414639]],"translation":[-8.098167464306286,-4.68090939269907,39.883836503767604]},{"linear":[[0.9297972964590644,0.30240841286233,-0.20982406756018532],[-0.30393330200596724,0.9523455176570668,0.025740297788545242],[0.20760909283835374,0.03983926240004966,0.9774002750880808]],"translation":[-8.489343589277162,-4.459356513861513,40.25780223055674]},{"linear":[[0.9171217285423443,0.3327526710209032,-0.21946160248197683],[-0.33045947663468345,0.9425887728322964,0.04819688405734354],[0.2228996844722616,0.028320756680577142,0.9744299181589233]],"translation":[-7.274615878662191,-0.3155091592098343,39.606287663461366]}],"scale":{"linear":[[0.24390243902439027,0.0,0.0],[0.0,0.24390243902439027,0.0],[0.0,0.0,0.24390243902439027]]},"k":[0.0,0.0,0.0],"files":["/tmp/jl_7nbeSb/254.542 extrinsic.png","/tmp/jl_7nbeSb/intrinsic0001.png","/tmp/jl_7nbeSb/intrinsic0002.png","/tmp/jl_7nbeSb/intrinsic0003.png","/tmp/jl_7nbeSb/intrinsic0004.png","/tmp/jl_7nbeSb/intrinsic0005.png","/tmp/jl_7nbeSb/intrinsic0006.png"]}