{"intrinsic":{"linear":[[858.4241082564971,0.0],[0.0,858.4241082564971]],"translation":[539.7756160222049,959.4916774051748]},"extrinsics":[{"linear":[[0.3662798001137388,-0.9300688012333631,-0.028480396784010376],[0.8925001036299478,0.3598132859026019,-0.27198890475257453],[0.263216019742667,0.07420528458477643,0.9618788399224303]],"translation":[-4.137133756567813,8.394393097190113,28.596631645092888]},{"linear":[[0.313354928173281,-0.9494989416197326,0.01613842782075285],[0.9388640197839926,0.30720325598409154,-0.1554365203799142],[0.142629034016783,0.0638585888959386,0.9877140473232415]],"translation":[-3.520096944839384,8.435441735042142,29.058408412535012]},{"linear":[[0.3785941529481025,-0.8760353057296986,-0.2987115840883685],[0.9197342868484644,0.39224074451039836,0.015363591418511707],[0.10370780563128007,-0.2805518516442229,0.954219759589028]],"translation":[-1.5041103078256797,-1.2535648062012872,25.59497367172799]},{"linear":[[0.3628841099204174,0.8849203287166664,-0.2919437181911158],[-0.9069419815845557,0.4073400854895761,0.10737921955771579],[0.21394243339446678,0.2258098017742629,0.9503886408285414]],"translation":[1.43667273838857,-4.47579070292462,28.51030196290146]},{"linear":[[0.8159947737571511,0.5453992138227638,-0.1915521515476316],[-0.547293540728217,0.8355805495096376,0.04769617970386393],[0.18607071096276007,0.06591542188807645,0.9803228282964391]],"translation":[4.194259098394578,-2.5920396487821664,21.71088977259846]},{"linear":[[0.7481321867971708,0.5701115840595978,0.3395158505860061],[-0.5512808416054256,0.8188023804574963,-0.160162715498804],[-0.36930700610318334,-0.06734570125994203,0.9268640093157733]],"translation":[2.8492752260380967,-0.6299560938308781,21.06129692352232]},{"linear":[[0.8891626067509416,0.4538488891056203,-0.058404148940505385],[-0.4529253497333979,0.8910783783526405,0.02894738677856264],[0.065180413658933,0.0007137856981053597,0.9978732405397127]],"translation":[-0.4955609922972702,-1.7906495154828928,11.005707735564757]}],"scale":{"linear":[[0.25641025641025644,0.0,0.0],[0.0,0.25641025641025644,0.0],[0.0,0.0,0.25641025641025644]]},"k":[0.0,0.0,0.0],"files":["/tmp/jl_VkuXrE/268.4 extrinsic.png","/tmp/jl_VkuXrE/intrinsic0003.png","/tmp/jl_VkuXrE/intrinsic0004.png","/tmp/jl_VkuXrE/intrinsic0005.png","/tmp/jl_VkuXrE/intrinsic0006.png","/tmp/jl_VkuXrE/intrinsic0007.png","/tmp/jl_VkuXrE/intrinsic0008.png"]}