{"intrinsic":{"linear":[[871.9590528306401,0.0],[0.0,871.9590528306401]],"translation":[555.4869004745009,982.0214068601376]},"extrinsics":[{"linear":[[0.9825421610821492,0.181768202125242,-0.03963864770873577],[-0.18397861205101887,0.9809741259635818,-0.06198092043336772],[0.027618327317214482,0.06819153089749436,0.9972898992319412]],"translation":[-3.0126865278890245,-2.120410532918065,28.863382784544836]},{"linear":[[0.9804208915094765,-0.006208567094567619,-0.19681546988586948],[0.008479281314475508,0.9999068368686335,0.01069669910552638],[0.19673072276630646,-0.012156121009451761,0.980382196616121]],"translation":[-2.714915423692458,1.246393966269718,28.903798499589474]},{"linear":[[0.9791365339412493,-0.006724238898586223,-0.20309217737951213],[0.009631764547900518,0.999864743602033,0.013331302011974577],[0.2029750650035868,-0.0150093008789687,0.9790688657463856]],"translation":[-2.714622688029792,1.24673156946859,28.901688411706562]},{"linear":[[0.9829048642226604,0.1580430589050648,-0.09444797202356486],[-0.16133270455600032,0.9864963798544996,-0.028225006193326442],[0.08871181616943807,0.042980042646526447,0.9951296044264902]],"translation":[-3.3263172210584755,-2.1285274325037835,28.150361612832793]},{"linear":[[0.18281925692527184,0.5665257554452653,-0.8035083619443315],[-0.9675943849324625,0.24847429157714812,-0.04496256968194484],[0.17417871725460826,0.7856902028423198,0.5935930252396278]],"translation":[2.1342453905818735,3.7677409165040694,25.575042483107904]},{"linear":[[0.5677496670337293,0.22088581729494366,0.7930130965507659],[0.014674443980538257,0.9604596077444053,-0.27803237686522253],[-0.8230704564476553,0.1694898156509938,0.5420592459442423]],"translation":[-2.196099163452532,0.8855662640519527,22.362935732126548]},{"linear":[[0.9940161793772689,0.10673243494355877,-0.02323838349017378],[-0.08388992990949995,0.6096678104280407,-0.7882053289515735],[-0.06995937961414878,0.7854383160114472,0.6149734440974713]],"translation":[-1.6708725054065654,3.250707109722,25.123373211098876]},{"linear":[[0.5841320521359668,0.1547764425741251,-0.7967647071071376],[-0.3668570275982059,0.9260032905027931,-0.08907203421843027],[0.7240204879485342,0.3443285622804163,0.5976890280310221]],"translation":[0.2281071147740364,1.3137614263605069,24.712697539384457]},{"linear":[[0.992435930899227,0.11989710812420357,0.02637435352075331],[-0.07341667651121322,0.7518372109104294,-0.6552486550161506],[-0.0983916392293192,0.6483559915307943,0.7549527094963551]],"translation":[-2.8764737043640296,2.802843535940002,24.41995368696097]},{"linear":[[0.9471981506364288,0.2573160634971601,-0.19132199794392368],[-0.20690339711921812,0.9463066231869613,0.24838429735596718],[0.24496254344584273,-0.195683975784467,0.9495794510886005]],"translation":[-1.3150769953087862,-0.8314393901211334,21.656975381235423]},{"linear":[[0.9029144747662929,0.11186072564582344,0.4150091918445897],[-0.043165988775229515,0.9842587275405925,-0.17138102191675275],[-0.4276472245561362,0.1368281232720947,0.8935300308390706]],"translation":[-4.892573194374317,-0.6892443687585221,23.799443689743608]},{"linear":[[0.6984681322145952,0.3485502670378272,0.6250239832426542],[-0.10600632995175378,0.9141323791441046,-0.3913114506508833],[-0.7077463714430575,0.207062079454926,0.6754408700700508]],"translation":[-8.393481451181493,0.29739471159409486,23.26060253934438]}],"scale":{"linear":[[0.25641025641025644,0.0,0.0],[0.0,0.25641025641025644,0.0],[0.0,0.0,0.25641025641025644]]},"k":[0.0,0.0,0.0],"files":["/tmp/jl_uJN5pG/183.005 extrinsic.png","/tmp/jl_uJN5pG/intrinsic0001.png","/tmp/jl_uJN5pG/intrinsic0002.png","/tmp/jl_uJN5pG/intrinsic0006.png","/tmp/jl_uJN5pG/intrinsic0007.png","/tmp/jl_uJN5pG/intrinsic0008.png","/tmp/jl_uJN5pG/intrinsic0009.png","/tmp/jl_uJN5pG/intrinsic0010.png","/tmp/jl_uJN5pG/intrinsic0011.png","/tmp/jl_uJN5pG/intrinsic0012.png","/tmp/jl_uJN5pG/intrinsic0013.png","/tmp/jl_uJN5pG/intrinsic0014.png"]}