{"intrinsic":{"linear":[[840.6481324022286,0.0],[0.0,840.6481324022286]],"translation":[539.3015507201051,959.4522313191645]},"extrinsics":[{"linear":[[0.9590373958574663,-0.2689503744486102,-0.08895487300244984],[0.2690183855873936,0.9630669789183028,-0.011449992712907241],[0.08874898063010092,-0.012949525131277154,0.9959698430354167]],"translation":[-8.628016205024034,-6.590389745031133,28.298236406956107]},{"linear":[[0.9588881994234296,-0.26889760559667897,-0.09070556052892186],[0.2689853762732053,0.9630757674840736,-0.011486228106948186],[0.09044494655676015,-0.013384460741305707,0.9958115122115275]],"translation":[-8.627298827580418,-6.58904834825769,28.305205584481346]},{"linear":[[0.7848409726664205,-0.6068704195715025,-0.12543102277002952],[0.6130372313897556,0.7899306504081396,0.01396139232874214],[0.09060905337774147,-0.08785135966439178,0.9920041018317955]],"translation":[-13.396590919230945,2.86224533797672,28.963129378632345]},{"linear":[[0.35105054040086925,-0.9205216137482095,-0.17147441997758642],[0.9328918916265336,0.3595759404582579,-0.020441662873331157],[0.08047506832383058,-0.152791039220078,0.9849764777456989]],"translation":[-4.330525992348381,-8.780736237318441,27.140531417167416]},{"linear":[[0.9161469558081217,-0.17536883781730267,-0.36044490020822906],[0.3245464616136683,0.8522735458221797,0.410243095427256],[0.2352537983063384,-0.4928240799862539,0.8377231503116904]],"translation":[-13.146298580937042,3.024439786603764,23.454457807881944]},{"linear":[[0.9205427177412081,-0.2549666545345004,-0.2959613317464216],[0.3825838648018578,0.4353425282292346,0.8149272786624903],[-0.0789347275089013,-0.8634054019928662,0.4982975221718774]],"translation":[-6.485336103695916,-4.7751538994352,15.523025161296706]}],"scale":{"linear":[[0.25641025641025644,0.0,0.0],[0.0,0.25641025641025644,0.0],[0.0,0.0,0.25641025641025644]]},"k":[0.0,0.0,0.0],"files":["/tmp/jl_NMGcVl/165.907 extrinsic.png","/tmp/jl_NMGcVl/intrinsic0003.png","/tmp/jl_NMGcVl/intrinsic0004.png","/tmp/jl_NMGcVl/intrinsic0005.png","/tmp/jl_NMGcVl/intrinsic0006.png","/tmp/jl_NMGcVl/intrinsic0007.png"]}