{"intrinsic":{"linear":[[967.1206986940866,0.0],[0.0,967.1206986940866]],"translation":[539.598176489735,959.3977391527419]},"extrinsics":[{"linear":[[0.9697674058719895,-0.21358637470719238,-0.11803405884637913],[0.21278160364520843,0.9769046439028567,-0.019527054852328966],[0.11947873308034829,-0.006178774997622342,0.9928175336289361]],"translation":[-10.835410987099266,-3.0687760708388017,38.339353287125604]},{"linear":[[0.8752619622209156,-0.2559405691081764,0.41037899869970856],[0.31640781040030164,0.9447507895804675,-0.08562735021457729],[-0.3657903703036473,0.20479348298143146,0.9078860249620845]],"translation":[-13.912920443672462,-3.605518269694431,28.774994152275358]},{"linear":[[0.8796564704360462,-0.2553689211564717,0.40123709714753064],[0.3104884995700562,0.9473937319787803,-0.0777303559882132],[-0.360279593725113,0.19295551485951068,0.9126701395523843]],"translation":[-13.94139962271047,-3.6143314102890662,28.845269855622817]},{"linear":[[0.9693027784682766,-0.21385426969610477,-0.12131972216595469],[0.21283450116481495,0.9768526574368148,-0.021456019494701058],[0.12309995437693358,-0.005023643237561664,0.9923815618203606]],"translation":[-10.813862657544172,-3.0667520846836465,38.25396387715203]},{"linear":[[0.9708372322184459,-0.19336625604480892,-0.1417200040983655],[0.19195047719183797,0.9811177843024742,-0.023725674515788043],[0.14363176126558158,-0.004169454234887106,0.9896224193131086]],"translation":[-10.752432343313751,-3.2058055772818106,38.54152057229224]}],"scale":{"linear":[[0.24390243902439027,0.0,0.0],[0.0,0.24390243902439027,0.0],[0.0,0.0,0.24390243902439027]]},"k":[0.0,0.0,0.0],"files":["/tmp/jl_aNSj5G/283.472 extrinsic.png","/tmp/jl_aNSj5G/intrinsic0001.png","/tmp/jl_aNSj5G/intrinsic0002.png","/tmp/jl_aNSj5G/intrinsic0003.png","/tmp/jl_aNSj5G/intrinsic0004.png"]}