{"intrinsic":{"linear":[[886.747884554357,0.0],[0.0,886.747884554357]],"translation":[539.6040617189187,959.9136848160022]},"extrinsics":[{"linear":[[0.1877530488700368,-0.9822097087289905,-0.00358897179106811],[0.9737591374195258,0.18661366911229244,-0.13026312138294882],[0.12861545370594707,0.020962504119482833,0.9914729640736828]],"translation":[-6.666588690115988,-0.5723872439081023,30.35129076775686]},{"linear":[[0.1876449993391524,-0.9822293691249314,-0.003849759920938056],[0.9734588429948788,0.1864894410894164,-0.1326633685582771],[0.13102379638096895,0.02114603486700324,0.9911536762739277]],"translation":[-6.662090476258818,-0.5721441250859431,30.34560849772581]},{"linear":[[0.18766251850187798,-0.9822279245787872,-0.003329163135162419],[0.9735378667852633,0.18645008101961602,-0.13213776607381125],[0.13041012646543548,0.02155623959383727,0.9912257701703694]],"translation":[-6.663195570305069,-0.5723989738975842,30.350071604484352]},{"linear":[[0.18789611198709216,-0.9821875097982825,-0.0016573160179276514],[0.9735804773276574,0.18647193783042898,-0.13179252849921297],[0.1297540183061215,0.023149773174133373,0.9912759367277113]],"translation":[-6.664781799499051,-0.5719985757875389,30.340134939821446]},{"linear":[[0.1874729733776197,-0.9822521528957615,-0.005881529103540686],[0.9729676032068304,0.18651635507503994,-0.1361825701016005],[0.13486262403983523,0.019808014064089982,0.9906662986172119]],"translation":[-6.662244958021705,-0.5698117712211692,30.344468926253576]},{"linear":[[0.2335809293649777,-0.9722964255130301,-0.008922464434131125],[0.9681009637863379,0.23340909947981764,-0.09110826634276609],[0.0906668260884718,0.012643307107143543,0.9958010210039139]],"translation":[-5.612480917763491,9.159394971882156,29.854052031250763]},{"linear":[[0.8436126384386238,0.5297720452067969,-0.08751740617746366],[-0.5258976924609458,0.7822934586907953,-0.33383912525922604],[-0.108394341784413,0.32765610723287336,0.9385585448239888]],"translation":[-1.4470621630846388,-7.912971807736837,28.86788286927117]},{"linear":[[0.7971804353520281,0.4087867541460698,0.4442935326185514],[-0.42616646173800465,0.9022698913046653,-0.06550717620824115],[-0.4276511433185477,-0.1371219635207591,0.893483109375074]],"translation":[-3.8581586587596544,2.0182545904904354,27.494645167875422]},{"linear":[[0.6574437872532014,0.14908919097215942,0.7386068505892932],[0.03283408166693435,0.9736305768018897,-0.22575522806240544],[-0.75278787827864,0.17267284978156405,0.6352121671261163]],"translation":[-2.9875075874068906,0.027903545228722664,22.71132837880541]},{"linear":[[0.9305367150842976,0.03850963664737169,-0.3641681339236211],[-0.06430741844978305,0.9961858421659902,-0.0589773159813287],[0.3605079441738413,0.07829927045205719,0.9294639565008567]],"translation":[-2.994694769902389,-0.6874726883280166,20.02533769250713]},{"linear":[[0.7571649201566506,0.1545619671053924,0.6346746268826922],[0.44186928175317164,0.5943914449002821,-0.671900549242439],[-0.48109543910445574,0.7891827472479784,0.3817561655285013]],"translation":[-4.949454038025299,6.876671968421796,22.261697857391667]},{"linear":[[0.8670348220641759,-0.49359783224309023,0.06791021523353494],[0.49824622498702836,0.8592551447551697,-0.1158934661572771],[-0.001147438154475891,0.13431967918624071,0.9909373881174266]],"translation":[-4.885687593250851,6.524487064965086,18.94450939823841]},{"linear":[[0.5762619727059018,0.4146374383979518,0.7042712073426595],[-0.5373928183559868,0.8414900292263953,-0.05570897137777717],[-0.6157362240379495,-0.3463673272572708,0.7077418858709316]],"translation":[-1.9334199187093475,-5.439507926074378,19.18279762240349]},{"linear":[[0.8974406557258523,0.44101899242971987,-0.010125105758808123],[-0.3082289397074036,0.6104723225915292,-0.7296015789981226],[-0.3155870564158202,0.6578949700871551,0.683797497916466]],"translation":[-1.8926404207269791,-0.9833306349775714,21.934986529812203]},{"linear":[[0.761353970621082,-0.570683989852222,-0.3076685150382818],[0.5941573156804152,0.8040708192280589,-0.021147148492448614],[0.25945561401317957,-0.16670303354248556,0.9512585783922144]],"translation":[-4.376442250111614,-1.4053580744008671,20.298637235189357]},{"linear":[[0.9576092560161517,-0.0084524369976188,-0.28794629551531653],[-0.007665711965816541,0.9984677750403453,-0.05480272863681081],[0.28796831362538805,0.054686913560595754,0.9560771892650543]],"translation":[-1.681296140233957,-0.15187386010791246,10.367437394597443]}],"scale":{"linear":[[0.25641025641025644,0.0,0.0],[0.0,0.25641025641025644,0.0],[0.0,0.0,0.25641025641025644]]},"k":[0.0,0.0,0.0],"files":["/tmp/jl_oDiO80/356.0 extrinsic.png","/tmp/jl_oDiO80/intrinsic0001.png","/tmp/jl_oDiO80/intrinsic0002.png","/tmp/jl_oDiO80/intrinsic0003.png","/tmp/jl_oDiO80/intrinsic0004.png","/tmp/jl_oDiO80/intrinsic0005.png","/tmp/jl_oDiO80/intrinsic0006.png","/tmp/jl_oDiO80/intrinsic0007.png","/tmp/jl_oDiO80/intrinsic0008.png","/tmp/jl_oDiO80/intrinsic0009.png","/tmp/jl_oDiO80/intrinsic0010.png","/tmp/jl_oDiO80/intrinsic0011.png","/tmp/jl_oDiO80/intrinsic0012.png","/tmp/jl_oDiO80/intrinsic0013.png","/tmp/jl_oDiO80/intrinsic0017.png","/tmp/jl_oDiO80/intrinsic0019.png"]}