{"intrinsic":{"linear":[[1197.2930697597515,0.0],[0.0,1197.2930697597515]],"translation":[539.4916645336289,959.5005774755925]},"extrinsics":[{"linear":[[0.9727174894558489,0.14910239819935717,-0.17773339741846772],[-0.1463787013914829,0.9888204276106444,0.028415448594837488],[0.17998322556742263,-0.0016238199109204089,0.9836683392908626]],"translation":[-7.162902466490493,-2.2804758345644003,47.62738144132278]},{"linear":[[0.9720917151082213,0.14973912164791064,-0.18059870671206016],[-0.1466433777929977,0.9887206271066193,0.030450636830011056],[0.18312131816753793,-0.0031172074049195947,0.9830853807531561]],"translation":[-7.159884586299102,-2.280869647810831,47.61874990611516]},{"linear":[[0.984164447938306,0.026988525662526592,-0.17519120667674076],[-0.02734087974523901,0.9996260872434108,0.0004024887391134062],[0.1751365630273865,0.004393766606441152,0.9845343463312808]],"translation":[-6.981562517378484,-1.70216507745336,47.66067595742592]},{"linear":[[0.9846915523364363,0.031906985890339065,-0.17136070438887985],[-0.03255460191835245,0.9994694879862216,-0.0009697827064207715],[0.17123885263338157,0.006533516354442954,0.9852078808621303]],"translation":[-6.893648424235889,-1.8825647590409378,47.6331115564786]}],"scale":{"linear":[[0.24390243902439027,0.0,0.0],[0.0,0.24390243902439027,0.0],[0.0,0.0,0.24390243902439027]]},"k":[0.0,0.0,0.0],"files":["/tmp/jl_heDU6s/185.613 extrinsic.png","/tmp/jl_heDU6s/intrinsic0003.png","/tmp/jl_heDU6s/intrinsic0004.png","/tmp/jl_heDU6s/intrinsic0005.png"]}