{"intrinsic":{"linear":[[861.0295248347599,0.0],[0.0,861.0295248347599]],"translation":[539.253112230464,959.563082476365]},"extrinsics":[{"linear":[[0.9871290024641349,-0.12177142018994735,-0.10367282054176619],[0.11787719140208511,0.99210028862254,-0.04291835344266187],[0.10808006403272608,0.030145290511062187,0.9936850412573824]],"translation":[-5.885567842587245,-7.5609963889099525,29.47355396070799]},{"linear":[[0.9623477678142661,0.26576929948424766,-0.057039050084583966],[-0.260227714572855,0.9614204520194577,0.0891753946270527],[0.07853859147634434,-0.07097460031838257,0.9943813633403221]],"translation":[5.596265111229821,-0.067413728536575,22.243779164563446]},{"linear":[[0.9622983113583531,0.26620268994772817,-0.05583984080793982],[-0.26010017773913,0.9606607626257565,0.09735911200998687],[0.07956040156343697,-0.07916455656348925,0.9936815966330318]],"translation":[5.596947999384187,-0.06483819160657397,22.213688132749]},{"linear":[[0.918452144631053,0.38746331203571055,-0.07948484037184037],[-0.39470155397303236,0.9108427874604406,-0.12073151959023895],[0.02561915911759698,0.14225891310428476,0.9894978829328009]],"translation":[5.770909117720636,-1.0190234652899213,27.983029437127286]},{"linear":[[0.9869349566399507,-0.12193919231753272,-0.10531013597487483],[0.11800269620464812,0.9920879624617102,-0.04285835305988805],[0.10970303118206161,0.029871526836106964,0.993515443681651]],"translation":[-5.888322851674089,-7.561397768478537,29.474529230849477]},{"linear":[[0.32044120922425073,-0.9470053883028251,-0.02232097570259528],[0.9381004907892359,0.32052217962883817,-0.1312745274109724],[0.13147205258873593,0.021126450042414806,0.9910947343703882]],"translation":[-13.37608499995548,8.353413135577762,29.741157504699157]},{"linear":[[0.413918817345131,-0.910276065644292,-0.008288363092716633],[0.9012051750404239,0.41104494556739907,-0.13737279644767036],[0.1284540584332281,0.04939166972924284,0.9904847388190241]],"translation":[-9.19015046980268,0.5764420936571039,29.453034279959557]},{"linear":[[0.41571261529544745,-0.6986650524451524,0.5822801438964167],[0.8884676222676074,0.4488373261479449,-0.0957618861473977],[-0.19444357964808995,0.5571464790772492,0.8073286166025958]],"translation":[-7.66789977000573,-0.9634783857282201,26.50704473741957]},{"linear":[[0.5268260539078073,-0.8493213563052202,-0.033279763337336815],[0.7212276502060126,0.46740308337530156,-0.5112387252835745],[0.44976103155146896,0.24533159473480345,0.8587941680767497]],"translation":[-7.8120983791753,0.03455103282133325,28.20887665379998]},{"linear":[[0.1849582652111631,-0.8641419762548179,-0.468026799451158],[0.9614649204594676,0.2576878728921218,-0.09582362386281831],[0.2034100461037908,-0.43226797827129304,0.8785036984016074]],"translation":[-8.112146230593844,1.4971419076549008,26.520775915075014]},{"linear":[[0.3814769103253877,-0.8824371867782699,0.2752816344754025],[0.9208378118449405,0.38881334775678283,-0.029696883385050263],[-0.08082753964595414,0.2648184132514506,0.960904842759035]],"translation":[-6.982659001293418,1.855695461060411,22.56054090399042]},{"linear":[[0.27144280641445434,-0.9511581672336742,0.14702701707687366],[0.9596032632357534,0.2557120277703893,-0.11735815285206772],[0.07402958890294309,0.17294363173656854,0.9821456715826975]],"translation":[-7.785903405821517,2.5761128931519175,21.754174989231522]},{"linear":[[0.2984516896598563,-0.95334283874553,0.0454314951524957],[0.9352154094742984,0.28261126923251595,-0.2133143417227419],[0.1905222475749151,0.10615226005790315,0.9759267241261518]],"translation":[-7.46754561964383,2.713105170248171,20.366293212221134]},{"linear":[[0.667443081762891,-0.7444805195328267,0.016385623057646292],[0.6931304351888771,0.6130625944290532,-0.3791100831246725],[0.2721946590617321,0.2643917762489045,0.9252064938327101]],"translation":[-4.170118793963982,1.9035040860308339,20.149246154622748]},{"linear":[[0.4545934840964458,-0.8837508626903098,0.11103682682420318],[0.8508894550318572,0.394034943872487,-0.3474530159935232],[0.26330951280317216,0.25242994216522674,0.9311000079292324]],"translation":[-6.505086628438777,3.9070123760397055,19.832357135319956]},{"linear":[[0.5658127475327364,-0.8192905471395682,0.09283821463816991],[0.8082101679526501,0.5287909333059728,-0.25918424580083405],[0.16325519638714356,0.22168253927890952,0.9613556015499416]],"translation":[-5.770964951711983,2.8013993480322426,18.55081636038764]},{"linear":[[0.6093739053066486,-0.7797680678230039,0.14361477617189305],[0.7830035790035346,0.5633228772506277,-0.2637664331065075],[0.12477515297117124,0.2731832651713012,0.9538354495568758]],"translation":[-5.500337193440151,2.7155616838911723,18.314612841531645]},{"linear":[[0.6367028410422972,-0.760986716327147,0.12453397039480295],[0.7592477161187362,0.5904614166081632,-0.27367539360630205],[0.1347308345448449,0.26880203323395385,0.9537258878483599]],"translation":[-5.106531523794249,2.465901109326987,18.632624309997684]},{"linear":[[0.6342533735833946,-0.7728920746718055,0.01898681141200812],[0.7639670219474977,0.6227823082434194,-0.16880931821339193],[0.11864673394052858,0.12157317733986721,0.9854658365852844]],"translation":[-5.367121881214041,2.363162352154093,17.77189310019114]},{"linear":[[0.6360192969375575,-0.7700428146924584,0.0501349924062162],[0.7641756531618228,0.6194745633669427,-0.17968538186518457],[0.10730808468031015,0.1525953108121345,0.9824457471435213]],"translation":[-5.388906778831473,2.2964273227395258,17.965779418671538]},{"linear":[[0.512936388080327,-0.854926293365067,0.07744220229419774],[0.8452464903904728,0.4872534538728943,-0.2194138604817929],[0.14984869791124794,0.1780031027875713,0.9725534757185852]],"translation":[-5.83141613845766,3.2817116548056835,17.78333356892167]},{"linear":[[0.9953835980777175,0.027878301743872087,0.09183840683360467],[-0.02789652686042825,0.9996102267819034,-0.0010854962724055283],[-0.09183287247485222,-0.0014814873977256255,0.995773332002875]],"translation":[-2.8708509983280983,-2.3626188934671846,17.83193360430962]},{"linear":[[0.980812762108471,0.04068382077680585,0.190659781842298],[-0.02735172445123865,0.9970263410010545,-0.0720441428541743],[-0.19302385566218347,0.06544694092965615,0.9790089320676574]],"translation":[-2.7005176979863856,-7.589345932975825,17.657713926550638]},{"linear":[[0.759131928515122,-0.09856045304749123,0.6434318551361791],[0.004951505799069264,0.9893162908780827,0.14570092379101243],[-0.6509179654144088,-0.10742026670189339,0.7515096064605299]],"translation":[-2.8058781846987113,1.1527905457540226,16.44384209883678]},{"linear":[[0.9772938633835307,-0.05007434060682689,0.20588653429907536],[0.06357586529038257,0.99620233133082,-0.05948969997922499],[-0.20212573795900404,0.07122833329392568,0.9767659446309017]],"translation":[-6.184139423338346,-2.5077223341331534,18.277783106771544]},{"linear":[[0.9965561296311038,0.03957308059704646,-0.07286872982791764],[-0.04404917724503917,0.9971726199589865,-0.06088050581397859],[0.07025347307222266,0.06388064883977324,0.9954816483617868]],"translation":[-3.820503681865946,-3.5349603785827206,16.19904450112973]}],"scale":{"linear":[[0.25641025641025644,0.0,0.0],[0.0,0.25641025641025644,0.0],[0.0,0.0,0.25641025641025644]]},"k":[0.0,0.0,0.0],"files":["/tmp/jl_3kTpLW/7.541 extrinsic.png","/tmp/jl_3kTpLW/intrinsic0001.png","/tmp/jl_3kTpLW/intrinsic0002.png","/tmp/jl_3kTpLW/intrinsic0003.png","/tmp/jl_3kTpLW/intrinsic0004.png","/tmp/jl_3kTpLW/intrinsic0005.png","/tmp/jl_3kTpLW/intrinsic0006.png","/tmp/jl_3kTpLW/intrinsic0007.png","/tmp/jl_3kTpLW/intrinsic0008.png","/tmp/jl_3kTpLW/intrinsic0009.png","/tmp/jl_3kTpLW/intrinsic0010.png","/tmp/jl_3kTpLW/intrinsic0011.png","/tmp/jl_3kTpLW/intrinsic0012.png","/tmp/jl_3kTpLW/intrinsic0013.png","/tmp/jl_3kTpLW/intrinsic0014.png","/tmp/jl_3kTpLW/intrinsic0015.png","/tmp/jl_3kTpLW/intrinsic0016.png","/tmp/jl_3kTpLW/intrinsic0017.png","/tmp/jl_3kTpLW/intrinsic0018.png","/tmp/jl_3kTpLW/intrinsic0019.png","/tmp/jl_3kTpLW/intrinsic0020.png","/tmp/jl_3kTpLW/intrinsic0021.png","/tmp/jl_3kTpLW/intrinsic0022.png","/tmp/jl_3kTpLW/intrinsic0023.png","/tmp/jl_3kTpLW/intrinsic0024.png","/tmp/jl_3kTpLW/intrinsic0025.png"]}