{"intrinsic":{"linear":[[901.5118334648672,0.0],[0.0,901.5118334648672]],"translation":[539.4095765924031,959.4109500556799]},"extrinsics":[{"linear":[[0.516372249069813,0.8549010239794643,-0.050039380386315294],[-0.8489663444135929,0.5187007450127934,0.10102318138028482],[0.11232028509402896,-0.009683817534233995,0.9936248674597268]],"translation":[-4.235334448355343,6.722078765776436,30.149564268062974]},{"linear":[[0.7728823912691688,0.59858467661883,0.2105924836815939],[-0.6344482798392846,0.734882933380545,0.23962982793253892],[-0.011322079094599632,-0.31881571345079,0.9477490972730279]],"translation":[-4.395590651146407,-5.258744854643187,21.768943304635314]},{"linear":[[0.7730447361971127,0.6001975746667649,0.20534046654780386],[-0.6343346203318152,0.7290420001076092,0.2571329452395955],[0.004628745664686795,-0.3290298367066887,0.9443081813001206]],"translation":[-4.37938779914965,-5.239724421379196,21.63587692360026]},{"linear":[[0.7976830300575202,0.6006493785701317,-0.054056522100186064],[-0.5773331923557468,0.7864675046534362,0.21944304301690534],[0.17432202546601955,-0.1438373670070184,0.9741266053701194]],"translation":[-1.075413882182601,-5.197855235512061,28.991376003234816]},{"linear":[[0.7465387007872609,0.6477986881363754,-0.1517788782263843],[-0.6471152013494731,0.7599722498712039,0.06069675121562336],[0.15466701138025352,0.05290594554954477,0.9865490745605153]],"translation":[-4.853483341679135,2.7085415361231298,26.832665530544038]},{"linear":[[0.7893750226810186,0.6130130980413104,-0.03319661424205893],[-0.6138138460479443,0.7871315861899713,-0.06046840846169494],[-0.010937822780242582,0.06810879276462369,0.9976179410881572]],"translation":[-4.020339246633093,0.5135111973776323,28.536681599611455]},{"linear":[[0.6110812353628623,0.7803869835785728,-0.13257405345139847],[-0.7774580609287332,0.6231926365721034,0.08479328522497773],[0.14879074999586592,0.051255181040031544,0.9875394772525405]],"translation":[0.7963348625347234,-8.091073782995743,30.333608911728174]},{"linear":[[0.7729646453066188,0.0643850387236804,0.6311736875809725],[-0.15503326358776887,0.9838467294474749,0.08950028009359669],[-0.6152156892402357,-0.167033468933795,0.7704605609430015]],"translation":[-2.3915432491839415,-3.3301733436728633,23.571671398310315]},{"linear":[[0.7381421008706622,0.20809943910831935,-0.6417482858294581],[0.02692836264633512,0.9413920144573412,0.3362379193385786],[0.6741076339928458,-0.26547259474143825,0.6892773021315989]],"translation":[-2.795791797302644,-3.6422871663005454,24.123466172624045]},{"linear":[[0.929328486136352,0.1802052551938429,0.3222958747114804],[-0.11259755162956493,0.9695579268875973,-0.21743784807721944],[-0.3516679630312431,0.16578145978952674,0.9213284709415581]],"translation":[-2.762760764017985,-3.7968137531150097,24.109751925333697]},{"linear":[[0.6532263448901925,0.18154426558561304,-0.735076201474636],[0.009509630863968194,0.9687862310422259,0.24771517003169213],[0.7571029713732672,-0.16880437842656654,0.6311102697324693]],"translation":[-3.9153188358127307,-3.8688056742913894,24.103097218600197]}],"scale":{"linear":[[0.25641025641025644,0.0,0.0],[0.0,0.25641025641025644,0.0],[0.0,0.0,0.25641025641025644]]},"k":[0.0,0.0,0.0],"files":["/tmp/jl_ZOqepK/386.997 extrinsic.png","/tmp/jl_ZOqepK/intrinsic0001.png","/tmp/jl_ZOqepK/intrinsic0002.png","/tmp/jl_ZOqepK/intrinsic0003.png","/tmp/jl_ZOqepK/intrinsic0004.png","/tmp/jl_ZOqepK/intrinsic0005.png","/tmp/jl_ZOqepK/intrinsic0006.png","/tmp/jl_ZOqepK/intrinsic0007.png","/tmp/jl_ZOqepK/intrinsic0008.png","/tmp/jl_ZOqepK/intrinsic0009.png","/tmp/jl_ZOqepK/intrinsic0011.png"]}