{"intrinsic":{"linear":[[914.5929836587544,0.0],[0.0,914.5929836587544]],"translation":[539.4585664081554,959.4895891402663]},"extrinsics":[{"linear":[[0.7460511714963883,0.6608688299068369,0.08160906301652417],[-0.6658881161106419,0.7402762867786169,0.09265007315638324],[0.0008162913002871669,-0.12346420084717372,0.9923486911250913]],"translation":[-10.08785117787996,3.445273061169725,31.109633345402607]},{"linear":[[0.917319213707039,-0.396873817507959,0.031884685047201426],[0.39249791880905427,0.9148355915890816,0.09498012472310394],[-0.0668643693940284,-0.07461242080588545,0.9949684129493883]],"translation":[-4.958887852745499,7.9124156995838995,31.709110072451224]},{"linear":[[0.9135500987758188,0.4028716716648393,0.05586262790694506],[-0.404969030338432,0.9137362549214872,0.03295665196595387],[-0.03776640694376439,-0.052730186914449605,0.9978943961635046]],"translation":[-8.309572608243842,1.681324919834381,27.961849967835043]},{"linear":[[0.670213637458233,-0.3228775786374525,0.6682542550393672],[0.3221954143725989,0.9377142284593012,0.12993129223649905],[-0.6685834242054415,0.12822673261918863,0.7324985391927643]],"translation":[-7.60352959879361,0.5853603520950944,22.83096055649879]},{"linear":[[0.9986040644307684,0.03513245093166527,-0.03944151865590361],[0.013975774135648846,0.5443604496396409,0.8387349871118036],[0.050937218609374314,-0.838115392866437,0.5431095543264534]],"translation":[-7.514502643183436,1.2686944439553303,22.12173441866535]}],"scale":{"linear":[[0.25641025641025644,0.0,0.0],[0.0,0.25641025641025644,0.0],[0.0,0.0,0.25641025641025644]]},"k":[0.0,0.0,0.0],"files":["/tmp/jl_PBFa2f/555.445 extrinsic.png","/tmp/jl_PBFa2f/intrinsic0003.png","/tmp/jl_PBFa2f/intrinsic0004.png","/tmp/jl_PBFa2f/intrinsic0005.png","/tmp/jl_PBFa2f/intrinsic0006.png"]}