{"intrinsic":{"linear":[[952.5899159803828,0.0],[0.0,952.5899159803828]],"translation":[539.8142112769093,959.2517737100611]},"extrinsics":[{"linear":[[0.3680284555196853,0.9202272152837667,-0.13318005923890694],[-0.9287447354018519,0.3569457921010961,-0.10011452424431147],[-0.044590048117699364,0.16053527261136366,0.9860223901395222]],"translation":[3.0724783939914135,-9.640592793995879,31.284877422949975]},{"linear":[[0.6337372545214396,-0.7660080085349928,0.10774424853272893],[0.7732728229948372,0.6310536124985694,-0.06181002645283698],[-0.0206454219918894,0.12248701569047912,0.9922553590371871]],"translation":[-7.680526428581867,3.7331363219198317,26.016151929550446]},{"linear":[[0.6348723144469193,-0.7670322227589293,0.09272924888247738],[0.7722798945125998,0.6335535154197884,-0.04683703268606703],[-0.02282342832310342,0.10134846988842161,0.994589150740574]],"translation":[-7.664366689217098,3.726521289908158,25.997849919301494]},{"linear":[[0.6895539945127321,-0.6090208412373839,0.39192971766637485],[0.6961007312169354,0.7067005422407894,-0.12656269432902567],[-0.19989762542557343,0.3600943744840841,0.9112480347381461]],"translation":[-6.832505668361342,2.213557394658063,30.00742971497596]},{"linear":[[0.3570588007491285,0.931878713205792,-0.06411767838522667],[-0.9288868091521876,0.36146492772545985,0.0806994535761886],[0.09837839493842943,0.030743615570475526,0.9946740780330978]],"translation":[3.059661337498249,-9.670653556083264,31.742770910680708]},{"linear":[[0.8891392685337381,0.430106109371254,-0.1563332844688297],[-0.4334670499063456,0.9010653350998957,0.013695931030878968],[0.1467572069670817,0.05558773752218885,0.9876093993276823]],"translation":[-6.6456523396052285,-4.085159634329416,32.73047208344829]},{"linear":[[-0.05841888065949624,0.9758096491041186,0.2106721697277273],[-0.9539193137700084,0.007652631715482416,-0.2999656314386425],[-0.294321554085065,-0.21848790800207685,0.9303966126646357]],"translation":[0.9035463466633156,3.557692493214183,25.972539060849574]},{"linear":[[0.8500694044996813,0.2705895815904589,-0.4518443159632061],[-0.47767469013002645,0.7574668527066517,-0.44505152225316874],[0.22183078673335793,0.594159276108166,0.7731531909472273]],"translation":[-0.5670695568085252,-0.3461373889608032,24.710488853171746]},{"linear":[[0.899751251508865,0.4363530265632335,0.006612232401939311],[-0.3816630746259406,0.7941481453811412,-0.4729291920095097],[-0.2116151763822833,0.42299498743696723,0.8810756254305843]],"translation":[-1.0231107219039226,-0.9443814664448941,22.97709206101584]},{"linear":[[0.0077803638871747904,0.9105598157138863,-0.4133041107282588],[-0.9565567810257256,-0.11368445186523118,-0.2684678194454678],[-0.291442259481163,0.39743762707020536,0.8701176598468274]],"translation":[-0.055485439974992015,7.016051384381079,22.00559771280402]},{"linear":[[0.3339263216071915,-0.7805043457857099,-0.528494255359045],[0.9327868298305375,0.19293437414371173,0.3044422069432391],[-0.1356537571635462,-0.5946337473465454,0.7924700402438054]],"translation":[-5.67458107205216,9.38344156672259,19.71765382238871]},{"linear":[[0.932725717438591,0.3520110347554999,-0.07817267706192409],[-0.35474606594112446,0.8569333913510837,-0.37392564967761427],[-0.06463717759897185,0.37650151951604754,0.9241583419924024]],"translation":[-0.8340456522897219,-2.344749665785752,13.891253010395163]},{"linear":[[0.87120620573261,0.4866261707539149,-0.0647666351632623],[-0.4839987648435887,0.8734915670817676,0.052513596971817844],[0.0821276002502812,-0.014403200145094608,0.9965177394821982]],"translation":[-1.0741840739173076,-2.4460225819664942,8.306674376039245]}],"scale":{"linear":[[0.25641025641025644,0.0,0.0],[0.0,0.25641025641025644,0.0],[0.0,0.0,0.25641025641025644]]},"k":[0.0,0.0,0.0],"files":["/tmp/jl_sDNub9/212.345 extrinsic.png","/tmp/jl_sDNub9/intrinsic0001.png","/tmp/jl_sDNub9/intrinsic0002.png","/tmp/jl_sDNub9/intrinsic0003.png","/tmp/jl_sDNub9/intrinsic0004.png","/tmp/jl_sDNub9/intrinsic0005.png","/tmp/jl_sDNub9/intrinsic0006.png","/tmp/jl_sDNub9/intrinsic0007.png","/tmp/jl_sDNub9/intrinsic0008.png","/tmp/jl_sDNub9/intrinsic0009.png","/tmp/jl_sDNub9/intrinsic0010.png","/tmp/jl_sDNub9/intrinsic0011.png","/tmp/jl_sDNub9/intrinsic0012.png"]}