{"intrinsic":{"linear":[[993.0023817511283,0.0],[0.0,993.0023817511283]],"translation":[539.4401399047765,959.5069820628538]},"extrinsics":[{"linear":[[0.9717420885270531,0.20760597643201545,-0.11232574030377193],[-0.20855729813881296,0.9780044317288641,0.003344385106422359],[0.11054938614989793,0.020176473141043007,0.9936658105990512]],"translation":[-4.519157716411173,0.06292621946509615,33.453040739822335]},{"linear":[[0.0040302838689557086,-0.9999296537357932,-0.01115546465875164],[0.9961651041904224,0.004989619614010066,-0.08735095242407406],[0.08740046913616081,-0.010760635479585237,0.9961151372802519]],"translation":[-9.330372931966531,-0.8432225031053977,33.84819962773026]},{"linear":[[0.0039727252300009175,-0.9999337581011715,-0.010802632267876228],[0.9961857965683071,0.004899020054332737,-0.0871197929179984],[0.08716694424960987,-0.010415325831451001,0.9961392697901283]],"translation":[-9.330529334479792,-0.8433947621595284,33.84819939891111]},{"linear":[[-0.003723968544911138,0.9999222077881298,0.01190421901632771],[-0.9963685871417791,-0.004722834675796539,0.08501372471383631],[0.08506333296651009,-0.011544401445604681,0.9963086651133228]],"translation":[-4.339326306555082,-3.81690689417049,33.403422589553124]},{"linear":[[0.3409495849183315,0.9400808239017665,-0.001193765552092635],[-0.8750255464603153,0.31689057477365923,-0.36593805030557647],[-0.3436330507763248,0.12581100171207513,0.9306384465851172]],"translation":[-4.009821761968961,-3.2423768668453654,31.95471950552183]},{"linear":[[0.975977982214332,0.2106280339272062,-0.05570286847911001],[-0.2146753949989808,0.9733254904977962,-0.08094420503813797],[0.03716790301958032,0.09095779719839427,0.9951609046349956]],"translation":[-4.507354773786019,0.015236905014196007,33.145739763098995]},{"linear":[[0.5178731332953412,-0.8550772366606326,-0.025501708877686362],[0.8517953301795814,0.5181824225460749,-0.07701748144764939],[0.07907043249612183,0.018163047902197586,0.996703551912894]],"translation":[-5.852763460099312,-3.9201358683879124,33.547452675899144]},{"linear":[[0.03560364924835541,-0.8078878174426738,0.5882598529458838],[0.9981398467819165,0.057896420136446525,0.01910106807370543],[-0.049489659792449014,0.586485531759392,0.8084463461544809]],"translation":[-7.2121081879323405,4.885838454629438,26.874502660915795]},{"linear":[[0.9142066050581288,0.040238093288149056,0.4032458048345012],[0.0352093419291287,0.9834087465168593,-0.1779537566758762],[-0.40371597133257947,0.1768845191718978,0.8976220147524894]],"translation":[-4.875586083317964,1.456792708722797,27.685127073146422]},{"linear":[[0.9682788256134152,0.1456127050833368,-0.20305924255502122],[-0.21802092968999587,0.8893667210583032,-0.4018627995860184],[0.12207780341165891,0.43338640448486115,0.8929015815429318]],"translation":[-2.9674994255561544,2.1504783265226806,27.0694191283169]}],"scale":{"linear":[[0.25641025641025644,0.0,0.0],[0.0,0.25641025641025644,0.0],[0.0,0.0,0.25641025641025644]]},"k":[0.0,0.0,0.0],"files":["/tmp/jl_QRmyPd/303.858 extrinsic.png","/tmp/jl_QRmyPd/intrinsic0001.png","/tmp/jl_QRmyPd/intrinsic0002.png","/tmp/jl_QRmyPd/intrinsic0003.png","/tmp/jl_QRmyPd/intrinsic0004.png","/tmp/jl_QRmyPd/intrinsic0005.png","/tmp/jl_QRmyPd/intrinsic0007.png","/tmp/jl_QRmyPd/intrinsic0008.png","/tmp/jl_QRmyPd/intrinsic0009.png","/tmp/jl_QRmyPd/intrinsic0010.png"]}