{"intrinsic":{"linear":[[912.5387094076775,0.0],[0.0,912.5387094076775]],"translation":[516.9035870276501,1012.8360433366047]},"extrinsics":[{"linear":[[0.9967216352064072,-0.022727637225610123,-0.07764944570057679],[0.022830852995851823,0.9997392445494979,0.0004416549345150918],[0.07761916041125132,-0.002213010108526108,0.9969806259518348]],"translation":[-11.624069705866038,-2.1062510884553265,31.764952183204073]},{"linear":[[0.9726500471520555,0.22897448204707657,-0.039020153079878876],[-0.22852389901700118,0.9132702431176575,-0.33721549580925547],[-0.0415777988014232,0.33690970542133025,0.9406184864437551]],"translation":[-7.2492849227298235,-0.01220423168489567,21.837538563680564]},{"linear":[[0.973294562550755,0.22512664258461837,-0.04489642867436252],[-0.22677074694746788,0.9125081613528401,-0.34044659462733196],[-0.035675241246866336,0.34153601605546213,0.9391913686245956]],"translation":[-7.224673906174492,-0.02085066615605,21.759882817503268]},{"linear":[[0.9500579897741381,0.3109974007910723,-0.02589271649558667],[-0.30012958513680066,0.9332809195855325,0.1972535354897216],[0.08551051509572156,-0.17963112714332127,0.9800105152340379]],"translation":[-8.126391076607376,-5.137164653377756,27.196119420682162]},{"linear":[[0.305217126827056,0.9500142389232398,0.06569209491661593],[-0.9386147035955781,0.3117654893524919,-0.14766420637035205],[-0.16076362674940337,-0.016589921395175733,0.9868535001825143]],"translation":[-0.08948256228897436,5.710952127338399,32.347108644412586]},{"linear":[[0.9963077072393747,0.014400346353850055,-0.08463794964618272],[-0.006435053430755878,0.995585344623388,0.09363979740726322],[0.08561274778188073,-0.09274940213294713,0.9920020190610588]],"translation":[-9.176107304058533,-4.4374003644543105,29.178430701193484]},{"linear":[[0.9389452966165751,-0.11429441784657533,0.3245281436342986],[0.1382499729520871,0.9890489301454869,-0.05166390187369353],[-0.3150693176752676,0.09337558474879763,0.9444640412596242]],"translation":[-2.990223721329388,0.180940013759803,15.70016816413725]},{"linear":[[0.931397350817009,0.06377125333502963,-0.3583743882298746],[-0.10493177388464646,0.9897780320043186,-0.09658555891581208],[0.3485517145567912,0.12756439397315322,0.9285682676409868]],"translation":[-1.9263009056940785,0.4959515564770946,16.362208245819573]},{"linear":[[0.9964129961213181,-0.006872747577574877,0.08434397726733871],[-0.010708605226863331,0.978443619289093,0.2062362956575674],[-0.08394323638408042,-0.20639973162093816,0.9748603406909994]],"translation":[-2.824476749746975,-0.9072670324256297,13.188286974421407]},{"linear":[[0.9948575953172383,0.09146185744677499,0.043509696298504576],[-0.0884563028940478,0.9938506608000603,-0.06660590443496622],[-0.049334040154023116,0.06241468304549172,0.9968302562735605]],"translation":[-1.6836470379295545,-1.4298147095207776,7.633712382663814]}],"scale":{"linear":[[0.25641025641025644,0.0,0.0],[0.0,0.25641025641025644,0.0],[0.0,0.0,0.25641025641025644]]},"k":[0.0,0.0,0.0],"files":["/tmp/jl_8M3Cm0/197.766 extrinsic.png","/tmp/jl_8M3Cm0/intrinsic0001.png","/tmp/jl_8M3Cm0/intrinsic0002.png","/tmp/jl_8M3Cm0/intrinsic0003.png","/tmp/jl_8M3Cm0/intrinsic0004.png","/tmp/jl_8M3Cm0/intrinsic0005.png","/tmp/jl_8M3Cm0/intrinsic0006.png","/tmp/jl_8M3Cm0/intrinsic0007.png","/tmp/jl_8M3Cm0/intrinsic0008.png","/tmp/jl_8M3Cm0/intrinsic0009.png"]}