{"intrinsic":{"linear":[[795.3334060174021,0.0],[0.0,795.3334060174021]],"translation":[571.633351289927,1000.5165990788403]},"extrinsics":[{"linear":[[0.3920700147688439,0.9197923591152293,-0.016220962745762697],[-0.9177347575411419,0.3922902174394001,0.06221977259882541],[0.0635925964248984,-0.009507965849169159,0.9979306490259485]],"translation":[-4.546403672792378,-6.992983046882258,26.219464187983835]},{"linear":[[0.8338452734856027,0.10089102444487541,0.5426997890843371],[0.414638237266315,0.534521334131897,-0.736452357966583],[-0.3643860481445516,0.839111401748493,0.403874811511285]],"translation":[-8.407020480043046,9.530392195212904,18.588598428020926]},{"linear":[[0.8375814753262838,0.09827920598832507,0.5373997300525468],[0.41351650154265274,0.5287914208378852,-0.7412042472896224],[-0.35701733171118044,0.8430426032642447,0.4022658249705959]],"translation":[-8.394461697112622,9.515832850156682,18.5592616751963]},{"linear":[[0.9976408497737119,-0.06456400482640452,0.02332861212249949],[0.068071330943742,0.9743761309433809,-0.21437688623392886],[-0.008889812502722949,0.21545914863050802,0.9764723890131677]],"translation":[-5.396025641033188,3.056455692547596,25.6686129313029]},{"linear":[[0.4545272487981885,0.8876141520561124,-0.07447212343997148],[-0.8907133619559254,0.4534787502482075,-0.03141225726522011],[0.0058895613692517,0.08061104231451507,0.9967282342363165]],"translation":[-4.755627881503065,-6.664127343943335,24.65832455645822]},{"linear":[[0.9462677068036383,0.31486619011059575,-0.07373404495768511],[-0.30930481611178645,0.9477745698387534,0.07780678310417209],[0.09438197810301345,-0.050819751004938005,0.9942380978000986]],"translation":[-9.511080433671768,-2.357480196613507,26.625733004496176]},{"linear":[[0.9966171321598339,-0.0813028169299167,-0.012005992036006236],[0.07076546233230138,0.9232231211011742,-0.3776920941787133],[0.0417916406282863,0.3755648021626452,0.9258534107244673]],"translation":[-6.150201684586696,3.419092991454383,26.02989748445744]},{"linear":[[0.911610549063482,0.2149524997036528,-0.350373557374594],[-0.26443618504278305,0.9592547056423262,-0.09951840906622794],[0.3147057528489045,0.18337347838279455,0.9313079278893737]],"translation":[-0.8925931056473595,-0.22913383601543347,15.600082135790899]},{"linear":[[0.9947600990980202,-0.019537118824907197,-0.10035260948534769],[0.05177579186696222,0.9426601477955704,0.3297136835719477],[0.08815675027498601,-0.3331818523660239,0.9387322518348343]],"translation":[-3.191938608597146,0.6496058050003345,11.086899609584389]},{"linear":[[0.9984914953959072,-0.05490425431522361,-0.0005064386777527902],[0.05486690937228057,0.9973768458528722,0.047212811953006306],[-0.00208707402336971,-0.04716937793383791,0.9988847250345536]],"translation":[-1.851289496190576,0.1018502849137328,5.469559942728114]}],"scale":{"linear":[[0.25641025641025644,0.0,0.0],[0.0,0.25641025641025644,0.0],[0.0,0.0,0.25641025641025644]]},"k":[0.0,0.0,0.0],"files":["/tmp/jl_pamP3G/194.345 extrinsic.png","/tmp/jl_pamP3G/intrinsic0001.png","/tmp/jl_pamP3G/intrinsic0002.png","/tmp/jl_pamP3G/intrinsic0003.png","/tmp/jl_pamP3G/intrinsic0004.png","/tmp/jl_pamP3G/intrinsic0005.png","/tmp/jl_pamP3G/intrinsic0006.png","/tmp/jl_pamP3G/intrinsic0007.png","/tmp/jl_pamP3G/intrinsic0008.png","/tmp/jl_pamP3G/intrinsic0009.png"]}