{"intrinsic":{"linear":[[963.3432679051816,0.0],[0.0,963.3432679051816]],"translation":[534.3622520806429,934.62251386628]},"extrinsics":[{"linear":[[0.9747702095537687,-0.1958755501260543,-0.10703180569025951],[0.1910178969679906,0.9801003731218607,-0.05399464458921209],[0.11547814340570255,0.03218738058936754,0.9927883817442502]],"translation":[-0.3595983010569244,0.9603980888617238,37.76858999028768]},{"linear":[[0.982879408096438,-0.18424387314813528,0.0015047748568181708],[0.18417646562953016,0.9822235332300646,-0.03627616679395708],[0.005205636196506717,0.035932241461149136,0.9993406703298768]],"translation":[-5.829771534822678,-1.8174424188559357,11.419434362865314]},{"linear":[[0.9828368090815541,-0.18447550408760371,-0.0007714311464075115],[0.1843046498665531,0.9820901520508459,-0.039124535553969574],[0.007975133350384023,0.038310855333326475,0.9992340444618931]],"translation":[-5.835275020401893,-1.817226096584885,11.437142153407928]},{"linear":[[0.9647365030785117,-0.2433966620436049,-0.10020750737283117],[0.2530459277087394,0.9624259159134606,0.09850946577948723],[0.07246542691427597,-0.12039277920277323,0.9900779467385202]],"translation":[-4.497534232167559,-2.591355846756348,16.142652969753758]},{"linear":[[0.9650368632504899,-0.24435836368940564,-0.09483059982248035],[0.25572272735155754,0.9571347858505211,0.13601061881617238],[0.057530333594862836,-0.15550560057410584,0.9861583386589349]],"translation":[-3.0752933723984928,-2.293988230676511,16.433813994546224]},{"linear":[[0.623615245877681,-0.7641448693496364,0.16488372798898848],[-0.06698478538676061,0.15791141731764496,0.9851786755748535],[-0.7788562535125525,-0.6254171431351716,0.04728988725965662]],"translation":[-7.706308302446871,-4.106136118559991,18.788791674937823]},{"linear":[[0.9488570646363319,-0.26487397076984454,-0.17179071714833433],[0.31080978314815977,0.6882729280206819,0.6554980207851363],[-0.05538546369867632,-0.6753681634208505,0.7353980515669252]],"translation":[-7.99656734736732,-2.1555254675806674,19.229645746874247]},{"linear":[[0.9175277342872541,0.047979984875144814,0.394766738549588],[-0.07753251345381543,0.9952280971539591,0.05924309236395172],[-0.39004046735080167,-0.08496443777658193,0.9168693899035334]],"translation":[1.120110568658612,0.31916148498792285,32.037311972377495]}],"scale":{"linear":[[0.24390243902439027,0.0,0.0],[0.0,0.24390243902439027,0.0],[0.0,0.0,0.24390243902439027]]},"k":[0.0,0.0,0.0],"files":["/tmp/jl_lnMNi3/198.478 extrinsic.png","/tmp/jl_lnMNi3/intrinsic0001.png","/tmp/jl_lnMNi3/intrinsic0002.png","/tmp/jl_lnMNi3/intrinsic0003.png","/tmp/jl_lnMNi3/intrinsic0004.png","/tmp/jl_lnMNi3/intrinsic0006.png","/tmp/jl_lnMNi3/intrinsic0007.png","/tmp/jl_lnMNi3/intrinsic0009.png"]}