{"intrinsic":{"linear":[[913.6357337166653,0.0],[0.0,913.6357337166653]],"translation":[539.1839884983804,959.5665292520637]},"extrinsics":[{"linear":[[0.9636064228135032,0.2635765137814054,-0.04461034964450148],[-0.2620463788278589,0.9643325526559442,0.037341976799264695],[0.05286168041001262,-0.02429298810173801,0.9983063124478971]],"translation":[-8.040682883971405,5.4243730771881635,31.394942997436594]},{"linear":[[0.3957225492619566,0.8561906855000291,0.3321764200972256],[-0.8351805737962331,0.4859379242987655,-0.25756114396702384],[-0.3819385724943384,-0.17550454065692292,0.9073704221814757]],"translation":[-7.844468380261769,-2.613430954160274,29.199329913937785]},{"linear":[[0.40028481368135066,0.8587294606503407,0.3199309008946481],[-0.8332272981164602,0.48637990788645263,-0.26299592178950076],[-0.381450308178706,-0.16130188658394728,0.9102073191173699]],"translation":[-7.866080643573525,-2.6175853134970533,29.265897281904877]},{"linear":[[0.9668644316627211,0.2435931069097066,0.07639089639216984],[-0.2441679541527445,0.969731163574491,-0.0018656251839332368],[-0.07453308627976055,-0.016848402254811115,0.9970762008949334]],"translation":[-7.968167412189015,5.51907124941295,31.00939771030074]},{"linear":[[0.8863125868170757,-0.05848491986257267,-0.4593794864796339],[0.06433535907907949,0.9979240572093903,-0.0029219197311713303],[0.4585967291878449,-0.026964609980824075,0.888235300912316]],"translation":[-9.657866081133657,1.6962828231574714,20.727839255063095]}],"scale":{"linear":[[0.25641025641025644,0.0,0.0],[0.0,0.25641025641025644,0.0],[0.0,0.0,0.25641025641025644]]},"k":[0.0,0.0,0.0],"files":["/tmp/jl_fAdRdR/2.055 extrinsic.png","/tmp/jl_fAdRdR/intrinsic0001.png","/tmp/jl_fAdRdR/intrinsic0002.png","/tmp/jl_fAdRdR/intrinsic0003.png","/tmp/jl_fAdRdR/intrinsic0004.png"]}