{"intrinsic":{"linear":[[3490.769700448609,0.0],[0.0,3490.769700448609]],"translation":[539.5049959010496,959.4916353905486]},"extrinsics":[{"linear":[[0.9816902679013653,-0.14740457575277283,0.1206487005934603],[0.13436047381923705,0.9848135196150984,0.10995269282010389],[-0.13502400150645624,-0.09172907189363172,0.9865871965450987]],"translation":[-9.877446886190864,-1.0817063053421805,115.04865992124249]},{"linear":[[0.982125965917092,-0.14709919543058256,0.11743259247370043],[0.1342839428783071,0.9847645817730741,0.11048321669085209],[-0.1318954500976985,-0.0927391243703406,0.986915926031467]],"translation":[-9.878852323414101,-1.082183706327989,115.06582765695408]},{"linear":[[0.4835640863093599,0.8735685941559714,-0.055169608809142776],[-0.8751094370241044,0.48114692876146903,-0.05177939913479935],[-0.01868816906893686,0.0733181031380759,0.997133495620865]],"translation":[-6.1950662905247205,-6.668188127776814,117.0111378758601]}],"scale":{"linear":[[0.25641025641025644,0.0,0.0],[0.0,0.25641025641025644,0.0],[0.0,0.0,0.25641025641025644]]},"k":[0.0,0.0,0.0],"files":["/tmp/jl_iu2W0Z/390.513 extrinsic.png","/tmp/jl_iu2W0Z/intrinsic0005.png","/tmp/jl_iu2W0Z/intrinsic0007.png"]}