{"intrinsic":{"linear":[[996.5104721085123,0.0],[0.0,996.5104721085123]],"translation":[539.4696357217889,959.437570145569]},"extrinsics":[{"linear":[[0.9670649278941283,-0.12012979712551124,-0.22439754249926178],[0.11988614684140568,0.9926778942766776,-0.01476177529777996],[0.22452780904076317,-0.012626561566980167,0.9743858747489877]],"translation":[-3.5085519079533807,-1.1055900641133782,40.267693761871556]},{"linear":[[0.9669334048385212,-0.12022717363573494,-0.22491157668503295],[0.11973997245135755,0.9926786499780689,-0.015856761178339545],[0.22517133388762603,-0.0115984739203741,0.9742501453928483]],"translation":[-3.5082304742726445,-1.1051361386715604,40.2699351921058]},{"linear":[[0.9672531809914401,-0.12016142200889689,-0.2235677000882285],[0.11982283584615926,0.9926799779968146,-0.01513107048518209],[0.2237493505503975,-0.0121529397695771,0.974570948768345]],"translation":[-3.508143870212956,-1.1049720373912573,40.27533541895013]},{"linear":[[0.9671857496418977,-0.12013368096495458,-0.2238741262125898],[0.11978914553646103,0.9926834369134604,-0.01517084998686566],[0.2240586670970008,-0.012144660369476526,0.9744999850811827]],"translation":[-3.5083979099731746,-1.1053595994881331,40.27980150810525]},{"linear":[[0.9669841294595527,-0.1203458143479646,-0.22462986965734622],[0.11996469645190899,0.9926587726873961,-0.01539586346892561],[0.22483363844974896,-0.012060098493698261,0.974322528245021]],"translation":[-3.5079641936362607,-1.1042393752010238,40.28107398551721]},{"linear":[[0.967250484263547,-0.12028425719416569,-0.22351330645664366],[0.11967760913430758,0.9926788338081429,-0.016309591693270082],[0.22383871551594822,-0.010974077662978698,0.9745644150365933]],"translation":[-3.5080543241117983,-1.1050908944805213,40.27846954050406]},{"linear":[[0.7272188731500718,-0.14589394237606215,-0.6707217516320088],[0.1808261952288869,0.9833532702483775,-0.017839086604019512],[0.6621590425671042,-0.10831114194666902,0.7414945036052688]],"translation":[-4.300678645771496,-1.127806869716225,39.23367368289052]},{"linear":[[0.9595322068299914,0.038094903656929295,0.2790102549572968],[-0.055616270911905734,0.9969278724398527,0.055151133826987865],[-0.2760521227337692,-0.06843679907709077,0.9587030979746867]],"translation":[-2.249237083010151,-1.8036732316685593,37.318356551414716]},{"linear":[[0.9523702021448982,-0.1272222454058754,-0.2771380492468926],[0.02479210694815763,0.9381098321243712,-0.34544940918266914],[0.3039347783646304,0.3221248874978015,0.896581957968691]],"translation":[-3.8381204881517577,-1.941166777086537,37.45502591426382]},{"linear":[[0.9630564850122808,-0.11135805529257753,-0.2451970436144076],[-0.008397433476611676,0.8976388346223424,-0.44065179642076646],[0.2691685155934779,0.4264315960377444,0.863541779020509]],"translation":[-3.0651870408796396,-2.717877876658571,38.665011738882306]},{"linear":[[0.17347041872390434,0.9760733718207404,-0.13110601302092828],[-0.9290759610890267,0.20635146003118565,0.30698034704114063],[0.3266892596248834,0.06855543571073325,0.9426421801936601]],"translation":[-9.6744733551869,-1.1817739468254698,34.96717944415819]},{"linear":[[0.9745995416657931,-0.03571273688263994,-0.22108897260871502],[0.033929817138323354,0.9993538686884971,-0.011858020336212603],[0.22136960246110066,0.004055312772822978,0.9751815490176836]],"translation":[-11.26387134973806,-0.5714522245051256,42.062894027626406]},{"linear":[[0.9634287102524951,0.026447537368427067,-0.26665642318976596],[0.13106095635483628,0.8214628295638343,0.5549971579786107],[0.2337266479898465,-0.5696484419465438,0.7879546348663137]],"translation":[-11.970122966679979,0.9123820923344388,37.87265396272357]},{"linear":[[0.9331687045141079,0.23284877121162553,0.27382041315558997],[-0.2523980744306373,0.966878721131389,0.037957221276543406],[-0.25591283855869446,-0.10453223602585976,0.9610315451077898]],"translation":[-12.021936798868282,-1.7584361887753766,33.224027495635724]},{"linear":[[0.8127169558459331,-0.5819671956336109,-0.028378387672137427],[0.5662346784498539,0.8003532724190616,-0.19700996992256417],[0.13736607514706864,0.14404451580830716,0.9799906830497116]],"translation":[3.772284065967922,-1.6677066613451104,32.213203515443844]},{"linear":[[0.7162930121717483,-0.16807386505468372,-0.6772558575601273],[0.20774499803929306,0.9779133270697349,-0.022968250457007212],[0.6661578915719437,-0.12424451949676357,0.7353889874559183]],"translation":[4.882959605395302,-2.165619562812033,37.30266726226971]},{"linear":[[0.993528715785738,-0.03209902200942679,-0.10895110690204314],[0.029471796914340112,0.999236724923646,-0.025639437406182637],[0.10969094810321402,0.022262532423423874,0.9937163959371476]],"translation":[-5.397050017499817,-3.3663885827783884,28.353997206262836]}],"scale":{"linear":[[0.24390243902439027,0.0,0.0],[0.0,0.24390243902439027,0.0],[0.0,0.0,0.24390243902439027]]},"k":[0.0,0.0,0.0],"files":["/tmp/jl_w3ECi2/455.487 extrinsic.png","/tmp/jl_w3ECi2/intrinsic0003.png","/tmp/jl_w3ECi2/intrinsic0004.png","/tmp/jl_w3ECi2/intrinsic0005.png","/tmp/jl_w3ECi2/intrinsic0006.png","/tmp/jl_w3ECi2/intrinsic0007.png","/tmp/jl_w3ECi2/intrinsic0008.png","/tmp/jl_w3ECi2/intrinsic0011.png","/tmp/jl_w3ECi2/intrinsic0012.png","/tmp/jl_w3ECi2/intrinsic0013.png","/tmp/jl_w3ECi2/intrinsic0016.png","/tmp/jl_w3ECi2/intrinsic0017.png","/tmp/jl_w3ECi2/intrinsic0018.png","/tmp/jl_w3ECi2/intrinsic0019.png","/tmp/jl_w3ECi2/intrinsic0020.png","/tmp/jl_w3ECi2/intrinsic0021.png","/tmp/jl_w3ECi2/intrinsic0022.png"]}