{"intrinsic":{"linear":[[1465.563758239413,0.0],[0.0,1465.563758239413]],"translation":[539.3052433189844,959.1543062388185]},"extrinsics":[{"linear":[[0.9641312801933524,-0.16232194218012577,-0.21000586096487678],[0.16389168359090947,0.9864273805803332,-0.010026908354993726],[0.2087831185763458,-0.024750958128810594,0.9776487096443391]],"translation":[-7.194996707685079,-0.06148660987734972,59.42445787461963]},{"linear":[[0.8872933957672369,0.04119238589959308,-0.4593621851782584],[-0.07039868009521662,0.9964285629303611,-0.04662772584404169],[0.45580089476513413,0.07371096472326737,0.887024372839252]],"translation":[-8.527284902202501,7.187579578311407,29.68998575945281]},{"linear":[[0.8895129798768012,0.04098775856620937,-0.4550677557006333],[-0.07062750319406959,0.9963319738761022,-0.04831514901893113],[0.45141822562150147,0.07511725154628571,0.8891450860781199]],"translation":[-8.554461415794282,7.215356770640249,29.77392629317677]},{"linear":[[0.9638833819437244,-0.162870325782606,-0.21071801772083026],[0.16300524560066978,0.9864813153053092,-0.016849464685038156],[0.2106136650822868,-0.018107223226514296,0.9774016638760298]],"translation":[-7.1932656903331536,-0.060026597816778916,59.4898289255817]},{"linear":[[0.9392007387963841,-0.1855166791001125,-0.2889386336577232],[0.0643088638694652,0.9216291232915497,-0.38270632230036117],[0.33729266560680604,0.3408567453880226,0.8775251203534518]],"translation":[-7.307199397619156,-0.4274471199258535,57.819255477967346]}],"scale":{"linear":[[0.24390243902439027,0.0,0.0],[0.0,0.24390243902439027,0.0],[0.0,0.0,0.24390243902439027]]},"k":[0.0,0.0,0.0],"files":["/tmp/jl_ABefGY/185.426 extrinsic.png","/tmp/jl_ABefGY/intrinsic0001.png","/tmp/jl_ABefGY/intrinsic0002.png","/tmp/jl_ABefGY/intrinsic0003.png","/tmp/jl_ABefGY/intrinsic0004.png"]}