{"intrinsic":{"linear":[[1652.1965655408483,0.0],[0.0,1652.1965655408483]],"translation":[539.485074221528,959.5049329341067]},"extrinsics":[{"linear":[[0.9598197282136048,-0.12193579756178292,-0.25274048074048916],[0.11812782217711833,0.9925376471993467,-0.03024626455739925],[0.2545425444982681,-0.000824721138912167,0.9670612249880511]],"translation":[-5.199104538545894,1.3946278366307814,63.58652110146367]},{"linear":[[0.982548249649064,-0.1779214562792532,-0.05424843322189607],[0.1858911740889872,0.9289132810547899,0.3202570649897406],[-0.006588513290460927,-0.3247523235875224,0.9457761467795255]],"translation":[-5.870350675119328,0.78839212782077,55.02015206859193]},{"linear":[[0.9816946186960556,-0.17808551502755057,-0.06753684150578834],[0.19044188210620358,0.9229290198984852,0.3345652608521515],[0.00275048414879437,-0.3413027593890699,0.9399493929304672]],"translation":[-5.868245470687213,0.7996410040029612,54.85742062337538]},{"linear":[[0.9599205740072554,-0.12171531009854582,-0.25246361101195586],[0.11808989093880452,0.9925639574868514,-0.029522329787826644],[0.2541796003924048,-0.0014743085344565924,0.9671559115048114]],"translation":[-5.199610362875431,1.3965381389316347,63.60093403851477]},{"linear":[[0.9568792446257268,-0.18693734505404222,-0.2223432936444104],[0.19898632686837078,0.9794506333708972,0.032877020984000194],[0.21162833676975412,-0.07570261431083107,0.9744139578549629]],"translation":[-5.286409088045362,2.4876683126619623,62.83092773948117]},{"linear":[[0.9538846368817948,-0.15638272071969794,-0.25621971856434356],[0.14867328402323038,0.98765601389819,-0.04931381985291933],[0.2607687752370562,0.008946668153187388,0.9653598308352809]],"translation":[-6.459629045754451,-1.9462681316432806,64.09967968776475]}],"scale":{"linear":[[0.24390243902439027,0.0,0.0],[0.0,0.24390243902439027,0.0],[0.0,0.0,0.24390243902439027]]},"k":[0.0,0.0,0.0],"files":["/tmp/jl_UtbdMP/170.669 extrinsic.png","/tmp/jl_UtbdMP/intrinsic0001.png","/tmp/jl_UtbdMP/intrinsic0002.png","/tmp/jl_UtbdMP/intrinsic0003.png","/tmp/jl_UtbdMP/intrinsic0004.png","/tmp/jl_UtbdMP/intrinsic0005.png"]}