{"intrinsic":{"linear":[[857.793353284657,0.0],[0.0,857.793353284657]],"translation":[539.4948250261018,959.3324662895184]},"extrinsics":[{"linear":[[0.787783558939964,0.6140165865213963,-0.04879237379444401],[-0.6128854825123665,0.7892929270147075,0.03725668651583469],[0.061387699007762975,0.0005539324581767431,0.9981138429905498]],"translation":[-3.430326075765731,-7.057799865682538,28.87104059141984]},{"linear":[[0.9000698571315269,0.4204847277330933,0.11431030586285534],[-0.4356254181329212,0.8744691176581056,0.21338757540862538],[-0.010234615759798525,-0.2418601993000928,0.9702571291336997]],"translation":[-5.067395146380343,-12.339511983700588,22.355499298671123]},{"linear":[[0.8980410692780801,0.42921240498500673,0.09643105981409242],[-0.43971969933698946,0.8693428253175638,0.2255873180918284],[0.012993225345161306,-0.24498931298295992,0.9694387100891254]],"translation":[-5.03739061968639,-12.32047051591702,22.30498617150299]},{"linear":[[0.7880322443502698,0.6145888735450464,-0.03585663646952482],[-0.6129264117616093,0.7886910744754946,0.04782889093140319],[0.057674913344666706,-0.015713228736351614,0.9982117504885245]],"translation":[-3.4316331164673484,-7.056137809969858,28.81174476874623]},{"linear":[[0.8046577434642798,0.5766801691793568,0.14130073728838788],[-0.5925364850072634,0.7950946318209279,0.12932532770026328],[-0.03776810583297281,-0.18778846856186843,0.9814830927005201]],"translation":[-1.4452607577448733,1.061457260921585,27.404003408721714]},{"linear":[[0.169542771388296,-0.9851871058618343,-0.02572188005490853],[0.9829355447590203,0.1709300366507911,-0.06797527064931155],[0.07136500206168292,-0.01375823441224392,0.9973553767171428]],"translation":[-4.516003643915017,-7.02831472984471,28.73908050491541]},{"linear":[[0.18374720568638098,-0.9829325079077794,0.008980495563706614],[0.9813762717812359,0.1829203621006808,-0.05865794331305568],[0.05601408382905741,0.019591478430142445,0.998237745422258]],"translation":[-5.363112474449318,-4.299704782789875,26.219677766068965]},{"linear":[[0.12097127889791437,0.9822881405350103,0.14309422995381427],[-0.991350502927367,0.11215965410088613,0.06814977870562908],[0.05089332006717236,-0.15010070271734788,0.9873599389363025]],"translation":[2.663351039833479,1.8994727726217642,26.578408567501505]},{"linear":[[0.7806959594828033,0.20849151066275293,0.5891053461213778],[-0.4655380459442101,0.8229173582842413,0.32570131902240157],[-0.41687905515349605,-0.5285246554476422,0.7395089870706639]],"translation":[-1.6966340959132746,-4.607482878564351,20.894316466546474]},{"linear":[[0.2281842010812709,-0.9479193980467209,0.22221787773184334],[0.9730520930515711,0.22981276304409604,-0.01886049177499366],[-0.03319027846913289,0.2205332372881251,0.9748145960470438]],"translation":[-4.2700593497782915,-0.8136352835609868,23.42549792380169]},{"linear":[[0.23720329297087073,0.8601907069725303,0.4514493830341049],[-0.9691537191083941,0.24153861270861365,0.048991502417935345],[-0.06690042258568701,-0.4491447942578173,0.8909507771190055]],"translation":[0.032483235252973704,1.7352857738672507,24.292639381692045]},{"linear":[[0.5317553410299385,-0.6130638589923391,0.5842850007347058],[0.7434984756862332,0.6682869087391068,0.02454840646918835],[-0.4055197577657364,0.42136126115881867,0.8111771777215311]],"translation":[-5.31405064336364,-8.12196044563532,21.72555431913532]}],"scale":{"linear":[[0.25641025641025644,0.0,0.0],[0.0,0.25641025641025644,0.0],[0.0,0.0,0.25641025641025644]]},"k":[0.0,0.0,0.0],"files":["/tmp/jl_0BJAbJ/586.591 extrinsic.png","/tmp/jl_0BJAbJ/intrinsic0001.png","/tmp/jl_0BJAbJ/intrinsic0002.png","/tmp/jl_0BJAbJ/intrinsic0003.png","/tmp/jl_0BJAbJ/intrinsic0004.png","/tmp/jl_0BJAbJ/intrinsic0005.png","/tmp/jl_0BJAbJ/intrinsic0006.png","/tmp/jl_0BJAbJ/intrinsic0007.png","/tmp/jl_0BJAbJ/intrinsic0008.png","/tmp/jl_0BJAbJ/intrinsic0010.png","/tmp/jl_0BJAbJ/intrinsic0011.png","/tmp/jl_0BJAbJ/intrinsic0013.png"]}