{"intrinsic":{"linear":[[1420.4839864651797,0.0],[0.0,1420.4839864651797]],"translation":[539.5662546252526,959.4773299477569]},"extrinsics":[{"linear":[[0.8984035191194869,0.4308963021148728,-0.08484983003783608],[-0.43466908174352886,0.9000331958754525,-0.03167073883660661],[0.06272085944850292,0.06533470093256229,0.9958902904658192]],"translation":[-8.585747288494774,-5.1862516265290175,48.668591211968035]},{"linear":[[0.09753636206981514,-0.9929573301274268,0.06724878155326158],[0.992990854638997,0.09256220349949446,-0.07349422485224627],[0.06675193388584519,0.07394578439323354,0.9950257284577968]],"translation":[-11.375442561903295,-5.953998285715129,48.915631084670075]},{"linear":[[0.8983648936389965,0.430915603059014,-0.08516020735813763],[-0.43470702351681056,0.9000158802281029,-0.03164204548363532],[0.06301048787424053,0.06544584308815672,0.9958647097072628]],"translation":[-8.584255112449995,-5.186167641642441,48.658882977046275]},{"linear":[[0.7258305517669708,0.6878423938717516,-0.006546091538700463],[-0.686952836255129,0.7253184265552441,0.044821656154797114],[0.03557823608174899,-0.02803607126904984,0.9989735571200613]],"translation":[-2.914625449446649,6.200547679593144,47.70926271340559]},{"linear":[[0.9794872989014097,-0.015905811002695044,0.20087716761037572],[0.014018509805508587,0.999843252811638,0.010814397342234404],[-0.20101769243938028,-0.007776566298142916,0.9795567427887765]],"translation":[-5.54532941338728,-1.4769211541810694,39.69411256796296]}],"scale":{"linear":[[0.25641025641025644,0.0,0.0],[0.0,0.25641025641025644,0.0],[0.0,0.0,0.25641025641025644]]},"k":[0.0,0.0,0.0],"files":["/tmp/jl_AWAJfz/32.105 extrinsic.png","/tmp/jl_AWAJfz/intrinsic0003.png","/tmp/jl_AWAJfz/intrinsic0004.png","/tmp/jl_AWAJfz/intrinsic0005.png","/tmp/jl_AWAJfz/intrinsic0006.png"]}