{"intrinsic":{"linear":[[893.252435295431,0.0],[0.0,893.252435295431]],"translation":[539.5465137329483,959.6285176119746]},"extrinsics":[{"linear":[[0.9840272729210275,-0.17470590279351342,-0.03417855580198102],[0.1613690461884316,0.9564743075467979,-0.24313973335329092],[0.0751688571141102,0.2337407678005209,0.9693889293715816]],"translation":[0.12294116012119043,-4.444934340337252,29.247964468500136]},{"linear":[[0.9967804239202774,0.021535460671270358,-0.0772334799357651],[-0.027125030042146114,0.997030696624205,-0.07206956871152495],[0.07545209894048496,0.07393249571554253,0.9944048304602843]],"translation":[-1.3448917820493809,-6.194451721512362,29.88768573106573]},{"linear":[[0.9967619948687565,0.021454473877603946,-0.07749342640438812],[-0.027051318311681356,0.9970441119636715,-0.07191150795368957],[0.07572154094349375,0.07377495746666803,0.9943960498151299]],"translation":[-1.3449959289341888,-6.194562673765671,29.889048969573754]},{"linear":[[0.9980253169380923,0.017013284674348306,-0.060464989003637615],[-0.02221149627720839,0.9960158225610521,-0.08636625869607985],[0.058754712013148275,0.0875387305860681,0.9944268974960561]],"translation":[-1.3414783205840926,-6.184977309202512,29.861280719079332]},{"linear":[[0.9678769867208713,-0.24458367483418317,-0.058249159485204295],[0.24042448554621773,0.9681285130312697,-0.07016586781120174],[0.07355409795492537,0.05390740450503109,0.9958332121462751]],"translation":[0.20225774631588742,-3.784697904426602,29.60209425586055]},{"linear":[[0.9958582483430353,-0.09071159625499069,0.006144551408606552],[0.09065777843559224,0.9958455337377189,0.008534643739544105],[-0.006893215234164353,-0.007942243984506686,0.9999447006431036]],"translation":[-9.056080384205025,-5.495996136207576,29.794094625716312]},{"linear":[[0.8710175233817763,0.3191708392296518,0.37344135998482614],[-0.31037680905837134,0.9467819609078867,-0.08526520332562584],[-0.3807817095930686,-0.04164005145117868,0.9237269053971109]],"translation":[-7.337685040927155,-2.3525078664086707,23.260339831430493]},{"linear":[[0.13848654707075142,-0.9900449966245229,-0.02514718551188161],[0.9841607956523631,0.14041230379225328,-0.1082215932458018],[0.11067522117135481,-0.009761639334684512,0.99380868672807]],"translation":[-6.244287694350366,10.075268416218671,30.489346224536785]},{"linear":[[0.1377774772296816,0.9903926943786051,-0.01181853162248006],[-0.9844801601050254,0.13824502128351757,0.10810702312941237],[0.10870225907407857,-0.0032596030136757964,0.9940690086007031]],"translation":[-1.8043750522043875,7.380601326570878,29.97256816139274]},{"linear":[[0.9727792749223428,-0.19934314773357356,-0.11816425742681896],[0.19844889545379843,0.9799190857038794,-0.019406735079354306],[0.11966001075851634,-0.004571096689366249,0.992804405157596]],"translation":[-14.061467312372105,0.5742273224942108,31.225290113232305]},{"linear":[[0.9714276383594255,-0.23549473324830061,-0.029505491755618674],[0.23459072642115752,0.9715963124406907,-0.031109431509512432],[0.035993534261347215,0.023298846837625904,0.9990803917740624]],"translation":[5.460757008254483,-2.4653187017005327,28.99669872103082]},{"linear":[[0.9514050598237596,-0.29964110183533443,0.07101846402630188],[0.30730601034515936,0.9386625996481264,-0.15644660439767258],[-0.019784543145830183,0.1706684918569558,0.9851298583129957]],"translation":[5.795002473100433,-2.524292599959645,28.535622460148417]},{"linear":[[0.931636640981795,-0.1835221045979925,0.3136443946638952],[0.21064686772291524,0.9760367664238639,-0.05459054595231871],[-0.2961098888903955,0.11692676217517989,0.9479699710373458]],"translation":[0.18628239826344734,-1.4159059558701472,27.593387992340148]},{"linear":[[0.8379829657400261,0.16742853354184845,-0.5193767758434877],[-0.29392013259257443,0.9403963458547996,-0.17107211450059154],[0.459777668864326,0.29601080868604474,0.8372467356488885]],"translation":[0.720465364502744,-0.3882244690302498,27.54870652478639]},{"linear":[[0.760174727354908,-0.639798004998264,-0.11310568814667454],[0.6250818660523941,0.672698366170599,0.39591611344306726],[-0.17722032790667153,-0.371665738199862,0.9112944279567408]],"translation":[-4.767149829076781,1.097929849494585,25.906481616179583]},{"linear":[[0.9970105566261076,0.01810683953835878,-0.07511386248910124],[-0.024095076685174105,0.9965357719751742,-0.0795982565976117],[0.07341237808186751,0.08117017639364708,0.993992970401999]],"translation":[2.8695763338750906,-1.1907568620541342,21.118578208072222]},{"linear":[[0.8377607610133163,-0.10444036736570084,0.53595626404671],[0.03375444411913311,0.9895657996199617,0.14007200193012975],[-0.5449931603319419,-0.09925592116858016,0.8325447239063971]],"translation":[-0.15011117002278299,-0.9633694395031752,17.088291190293713]},{"linear":[[0.9794995963445353,-0.0015451986285432324,-0.2014401973839656],[-0.051490832094690395,0.9648321629385871,-0.257774303547589],[0.1947542938450628,0.2628621496534762,0.9449731505754354]],"translation":[0.9410409692412603,-1.7682708635285926,19.38005729354115]},{"linear":[[0.9001236223296126,-0.0302250195462012,0.4345847589569249],[-0.013602796948814446,0.9951536622624514,0.09738661304717385],[-0.43542212672231767,-0.09357155913557495,0.8953501744465967]],"translation":[1.9562617846480541,-2.2355057627740353,21.703803013992943]},{"linear":[[0.8908525471523688,0.17617140125363087,-0.4187426138004925],[-0.1630708922914347,0.9843234628233329,0.06719527232445599],[0.4240160649308131,0.00842365216605524,0.9056154916766684]],"translation":[1.9637696896912167,-1.261200196089821,22.370809316725705]}],"scale":{"linear":[[0.25641025641025644,0.0,0.0],[0.0,0.25641025641025644,0.0],[0.0,0.0,0.25641025641025644]]},"k":[0.0,0.0,0.0],"files":["/tmp/jl_47MFgv/420.0 extrinsic.png","/tmp/jl_47MFgv/intrinsic0001.png","/tmp/jl_47MFgv/intrinsic0002.png","/tmp/jl_47MFgv/intrinsic0003.png","/tmp/jl_47MFgv/intrinsic0004.png","/tmp/jl_47MFgv/intrinsic0005.png","/tmp/jl_47MFgv/intrinsic0006.png","/tmp/jl_47MFgv/intrinsic0007.png","/tmp/jl_47MFgv/intrinsic0008.png","/tmp/jl_47MFgv/intrinsic0009.png","/tmp/jl_47MFgv/intrinsic0010.png","/tmp/jl_47MFgv/intrinsic0011.png","/tmp/jl_47MFgv/intrinsic0012.png","/tmp/jl_47MFgv/intrinsic0013.png","/tmp/jl_47MFgv/intrinsic0014.png","/tmp/jl_47MFgv/intrinsic0015.png","/tmp/jl_47MFgv/intrinsic0016.png","/tmp/jl_47MFgv/intrinsic0017.png","/tmp/jl_47MFgv/intrinsic0018.png","/tmp/jl_47MFgv/intrinsic0019.png"]}