{"intrinsic":{"linear":[[821.4851704392225,0.0],[0.0,821.4851704392225]],"translation":[539.457452039832,959.6027926445768]},"extrinsics":[{"linear":[[0.038158580886676396,0.998782124228938,-0.03127604555319115],[-0.9957694812826711,0.04062434918758945,0.08241845909215409],[0.08358865264349728,0.02799876021925115,0.9961069252722972]],"translation":[-1.1251799686905852,1.0604952740234554,27.78631903079819]},{"linear":[[0.9358779188034178,0.34467941789688,-0.07299739703887848],[-0.3447987626298223,0.9386078827244014,0.0113602718523833],[0.07243158416828399,0.014537584595953617,0.9972674286514066]],"translation":[2.041264195988065,0.7209560524616894,27.49250809582399]},{"linear":[[0.9357737744523812,0.3446235324270243,-0.07457924607197233],[-0.34469982310113073,0.9386329694789605,0.01225481787535643],[0.07422583782749265,0.014239715749575764,0.9971397873388556]],"translation":[2.0413714805496044,0.7213742071213368,27.49545603840135]},{"linear":[[0.9631429401794247,0.10064078767025475,-0.24945362021755416],[-0.11703614274629015,0.9917784538971397,-0.05174977948232134],[0.24219458720954737,0.07903752426860036,0.9670030256849702]],"translation":[-2.3001192104478747,0.11525771750809244,23.43921104793544]},{"linear":[[0.9814331297236941,-0.13798065103760088,-0.13323044629511127],[0.1135615613009055,0.9777970084683795,-0.1761158199174304],[0.1545729073144948,0.15771604284132892,0.9753116764167323]],"translation":[-10.772177669541794,-2.334775809115987,27.731389968572344]},{"linear":[[0.8836765408547677,-0.46531349734938315,-0.050981568507036445],[0.46054933741023435,0.8837347440451592,-0.08310962626814751],[0.08372621425781848,0.04996249945631902,0.995235484543297]],"translation":[-12.315156994423656,-1.431777954372287,28.65594729895627]},{"linear":[[0.830525658869855,0.5561138278817951,-0.031057050688220993],[-0.5560096449144164,0.8310789175442946,0.012692815903032522],[0.03286951050651933,0.006726310434466925,0.9994370175388748]],"translation":[5.23151174571055,-2.613568193661383,27.132022648053148]},{"linear":[[0.03791759430597752,0.9987794179781286,-0.031653282062341415],[-0.9960083346945059,0.040335919546125476,0.07962669661266743],[0.08080626993695841,0.02850767997644386,0.9963220658608523]],"translation":[-1.1254291280421256,1.0620588370213433,27.795871290118683]},{"linear":[[0.03808765688373833,0.9987609366826301,-0.03203001326790607],[-0.9957455986844849,0.040625033189065685,0.08270616288321311],[0.083904905062719,0.028743660783256724,0.9960591191647179]],"translation":[-1.1251572967329393,1.0606112640083323,27.784942916566106]},{"linear":[[0.1546285103136783,-0.8438086090851467,0.5138842817521889],[0.9878345244466851,0.12334842263495904,-0.0947001528227866],[0.016521988662515058,0.5222759786427651,0.8526164589212303]],"translation":[-3.3964758189456448,2.121610080643338,24.460132467024803]},{"linear":[[0.09633778594535991,-0.9950662899938317,0.02370884891886474],[0.9550558525093445,0.09912036350898357,0.27936261762357517],[-0.28033435320487377,-0.004269901141533777,0.9598929202559244]],"translation":[-2.7370447504700004,3.289878066076209,25.252403564753603]},{"linear":[[0.07696723408082706,0.832254737089628,0.5490246783795981],[-0.9963242587901957,0.043432987205072604,0.07383459195127323],[0.037603407081196694,-0.5526894500660546,0.8325385009484954]],"translation":[1.9392190655205312,1.2771750850352244,24.628030988295023]},{"linear":[[0.16594246529150009,-0.9850950368123674,0.04528649534485557],[0.8465868099105702,0.11875869136901668,-0.518832484054114],[0.5057211400548953,0.12443529110328375,0.853675574694285]],"translation":[-3.006187997799311,3.1625675139941247,26.9304414096638]},{"linear":[[0.06663733604163796,-0.9383076635633848,-0.3393201938339301],[0.9858879088735376,0.11426156092690426,-0.1223492003713574],[0.15357244734078135,-0.32637865155792495,0.9326802663426486]],"translation":[-2.046371830356374,2.5039223814958684,22.24860596935908]},{"linear":[[0.526792497095176,-0.8498633143023283,0.01490006735860605],[0.8485375018894555,0.524783322570478,-0.06772423671841285],[0.04973703742113257,0.0483198857092137,0.9975928105963962]],"translation":[-1.2252695666677,-4.971160214200373,18.158422666187636]}],"scale":{"linear":[[0.25641025641025644,0.0,0.0],[0.0,0.25641025641025644,0.0],[0.0,0.0,0.25641025641025644]]},"k":[0.0,0.0,0.0],"files":["/tmp/jl_RHPFIP/301.061 extrinsic.png","/tmp/jl_RHPFIP/intrinsic0001.png","/tmp/jl_RHPFIP/intrinsic0002.png","/tmp/jl_RHPFIP/intrinsic0003.png","/tmp/jl_RHPFIP/intrinsic0004.png","/tmp/jl_RHPFIP/intrinsic0005.png","/tmp/jl_RHPFIP/intrinsic0006.png","/tmp/jl_RHPFIP/intrinsic0009.png","/tmp/jl_RHPFIP/intrinsic0010.png","/tmp/jl_RHPFIP/intrinsic0011.png","/tmp/jl_RHPFIP/intrinsic0012.png","/tmp/jl_RHPFIP/intrinsic0013.png","/tmp/jl_RHPFIP/intrinsic0014.png","/tmp/jl_RHPFIP/intrinsic0015.png","/tmp/jl_RHPFIP/intrinsic0016.png"]}