{"intrinsic":{"linear":[[894.5557715850687,0.0],[0.0,894.5557715850687]],"translation":[539.4508924859525,959.5192405614515]},"extrinsics":[{"linear":[[0.9688932380761379,-0.17172551244973697,-0.1782028102590185],[0.1668516027863017,0.9850827769893706,-0.04210065470455483],[0.18277427570087293,0.011057615149081074,0.9830927185618028]],"translation":[-6.821885782890842,-6.901712158472569,34.945114346195]},{"linear":[[0.6610631349141757,-0.1758607190065117,0.7294302839668472],[-0.5021812574234287,0.6186166661862648,0.6042577306160144],[-0.5575029294542466,-0.7657587269023478,0.3206307156571699]],"translation":[-10.392217309265968,-8.87293544589717,19.496792063585204]},{"linear":[[0.6590143514693355,-0.17594361833472572,0.7312618735615412],[-0.50136859320962,0.6219715827844094,0.6014822390990967],[-0.5606510664401322,-0.763017164535596,0.32167559485233205]],"translation":[-10.411758061402791,-8.891356171967306,19.52705327421501]},{"linear":[[0.9685281041499947,-0.17145721904602737,-0.18043207450068155],[0.1663546719518024,0.9851210973896454,-0.043157231116335855],[0.18514706206533532,0.011783272670323877,0.9826401782411258]],"translation":[-6.8179474497450725,-6.902525570150569,34.92787611934697]}],"scale":{"linear":[[0.24390243902439027,0.0,0.0],[0.0,0.24390243902439027,0.0],[0.0,0.0,0.24390243902439027]]},"k":[0.0,0.0,0.0],"files":["/tmp/jl_czLXzk/267.896 extrinsic.png","/tmp/jl_czLXzk/intrinsic0001.png","/tmp/jl_czLXzk/intrinsic0002.png","/tmp/jl_czLXzk/intrinsic0003.png"]}