{"intrinsic":{"linear":[[792.7899516466747,0.0],[0.0,792.7899516466747]],"translation":[409.5198391382553,949.6813738493299]},"extrinsics":[{"linear":[[0.9825872249211857,-0.14266585217491096,-0.11903276878611999],[0.1475294271686679,0.9885051598548965,0.033054758500559764],[0.11294872084697621,-0.05004001961882176,0.9923399532899903]],"translation":[-2.9339185969025676,-7.431213800817899,31.18412710241643]},{"linear":[[0.9476565388845375,-0.10132714700779248,0.3027868781645601],[-0.066970176604298,0.8641354100161096,0.49878350875092003],[-0.312189173026497,-0.492953144259727,0.8121176748535157]],"translation":[-9.093794783604384,-6.703987223356855,19.5669998321914]},{"linear":[[0.947077095835008,-0.10254881593488718,0.30418532984856395],[-0.05939318389573922,0.8752596101076063,0.47999277559251635],[-0.3154638239980203,-0.4726566991640269,0.8228476289592822]],"translation":[-9.178786355352647,-6.78418824830461,19.831238327110952]},{"linear":[[0.9744064037323633,-0.19100814991703566,-0.11852445752094229],[0.19496864909190778,0.980547610283402,0.022662961827311038],[0.11189006317202146,-0.04519148849928331,0.9926924715794817]],"translation":[-3.3208142750134533,-7.358345469593615,31.19612998561783]},{"linear":[[0.9828739136750803,-0.14270261414302277,-0.11659688560925777],[0.14740103484605993,0.9885369318440705,0.03267520935850206],[0.11059748976962094,-0.0493021125009758,0.9926416760138573]],"translation":[-2.9373445850232276,-7.431990336691127,31.16674793285473]}],"scale":{"linear":[[0.24390243902439027,0.0,0.0],[0.0,0.24390243902439027,0.0],[0.0,0.0,0.24390243902439027]]},"k":[0.0,0.0,0.0],"files":["/tmp/jl_MNp6BD/369.161 extrinsic.png","/tmp/jl_MNp6BD/intrinsic0001.png","/tmp/jl_MNp6BD/intrinsic0002.png","/tmp/jl_MNp6BD/intrinsic0003.png","/tmp/jl_MNp6BD/intrinsic0004.png"]}