{"intrinsic":{"linear":[[861.6877569491407,0.0],[0.0,861.6877569491407]],"translation":[521.2692858525577,982.5999654284326]},"extrinsics":[{"linear":[[0.8792303679026321,-0.4687216264818218,-0.08517039994057478],[0.4631136439214121,0.8828678706129125,-0.07791069152082303],[0.11171263568474905,0.02905787169867812,0.9933156231131721]],"translation":[3.2770226605837736,-4.939303606314601,29.15027164169916]},{"linear":[[0.9247727836621297,-0.2721645969936149,-0.26593557629828124],[0.365217520272954,0.4386422011919714,0.8211024188364913],[-0.10682444235038255,-0.8564575012671471,0.5050436486480793]],"translation":[-3.359366454617773,-12.502024594203265,15.198624665735617]},{"linear":[[0.9223378833617325,-0.2862213251908416,-0.2595576658891007],[0.36854957991423637,0.4499663307504049,0.8134503723866978],[-0.11603463302324607,-0.8459359634139075,0.5205077422499543]],"translation":[-3.3657105897058988,-12.545258237254115,15.250149948354371]},{"linear":[[0.8791357134809306,-0.46870347243908383,-0.08624066445662537],[0.46304436516362735,0.882888732710434,-0.07808586007195581],[0.11274002471433384,0.02871481458252348,0.9932095178012053]],"translation":[3.2769195770545694,-4.939783570688598,29.155260317254353]},{"linear":[[0.879387876264372,-0.46874765354441084,-0.08338225456202612],[0.46318955633914627,0.882825268588907,-0.07794215829234413],[0.11014716509099269,0.029919599555023386,0.9934648557371742]],"translation":[3.2782631240221654,-4.938459428623309,29.153977511491448]},{"linear":[[0.27776370206622925,-0.9587341165281963,-0.06063183668141517],[0.9496943118864069,0.2835532693235264,-0.13295960825206926],[0.1446652680675881,-0.02065035740219527,0.9892651428985529]],"translation":[-1.5482452774052435,-0.5642097224258805,28.03052617373777]},{"linear":[[0.7522494295593289,-0.656842001123657,-0.051762740340266816],[0.642912852495597,0.7489424019626492,-0.16046290112793066],[0.14416608416558585,0.087429194793771,0.9856836592305231]],"translation":[-2.5620949448668973,6.1010651302288625,29.643127323963746]},{"linear":[[0.7424718943487834,0.6411629475301678,-0.194024639715053],[-0.6446291911622509,0.762631363996402,0.05335361797000602],[0.18217763859384892,0.08546038476051013,0.979544705785782]],"translation":[-2.6871193889848546,-5.083861157268426,30.141195753183073]},{"linear":[[0.7303826295282932,0.16743264128926588,0.6621990071830642],[-0.06106887613253842,0.9816150977882655,-0.18083802742244873],[-0.6803027317681772,0.09164120484276525,0.7271795395387041]],"translation":[-1.7295596638424775,-1.8826054131366854,21.790621031028692]},{"linear":[[0.7198068097938709,0.13242695003591612,-0.6814259016786457],[-0.4082644711637028,0.8746738027695128,-0.26127736284290265],[0.5614252204521921,0.46627121040538694,0.6836613783060318]],"translation":[-0.21209325629706519,-0.3858427483776139,24.451073851918878]},{"linear":[[0.9216212552668681,0.10239246946504713,0.3743394769953761],[-0.2080669270826417,0.944589530350926,0.2538873234444833],[-0.3276010007535218,-0.31187561839340117,0.8918582751519573]],"translation":[-0.5813674903662699,0.30521112315898535,19.92474897226061]}],"scale":{"linear":[[0.25641025641025644,0.0,0.0],[0.0,0.25641025641025644,0.0],[0.0,0.0,0.25641025641025644]]},"k":[0.0,0.0,0.0],"files":["/tmp/jl_Rsb1je/564.0 extrinsic.png","/tmp/jl_Rsb1je/intrinsic0001.png","/tmp/jl_Rsb1je/intrinsic0002.png","/tmp/jl_Rsb1je/intrinsic0004.png","/tmp/jl_Rsb1je/intrinsic0005.png","/tmp/jl_Rsb1je/intrinsic0006.png","/tmp/jl_Rsb1je/intrinsic0007.png","/tmp/jl_Rsb1je/intrinsic0008.png","/tmp/jl_Rsb1je/intrinsic0009.png","/tmp/jl_Rsb1je/intrinsic0010.png","/tmp/jl_Rsb1je/intrinsic0011.png"]}