{"intrinsic":{"linear":[[1291.9595033095186,0.0],[0.0,1291.9595033095186]],"translation":[539.5194460975772,959.4307823403351]},"extrinsics":[{"linear":[[0.9715702381335011,-0.07352174579568863,-0.22504627361581958],[0.06899029387274958,0.9972258661806305,-0.027944787915511228],[0.22647651473069752,0.011624315697940821,0.9739472591264843]],"translation":[-9.660950447876077,-3.5976746051761808,53.40671870494505]},{"linear":[[0.9737113966996797,-0.07955634315447022,-0.2134406339033114],[0.07221001582185127,0.9965043494894185,-0.04200946397752626],[0.21603663937435982,0.025492542292977892,0.9760524067565602]],"translation":[-9.661358457643756,-3.59388343748206,53.397047938093934]},{"linear":[[0.9735381220753513,-0.07600807521671767,-0.21551403055914445],[0.06983436698643906,0.9969041295019491,-0.03612918168965776],[0.21759293658940634,0.020122849793474642,0.9758321499431076]],"translation":[-9.358351342693936,-4.011523762683365,53.484695072259846]},{"linear":[[0.9645844928135867,-0.1337915668672027,-0.22732481795610157],[0.1287835380322647,0.9909900220076313,-0.03679098548838797],[0.23019894994427778,0.006212319738501473,0.9731237591015947]],"translation":[-9.134704302048974,-4.0079926327158395,53.43237552178905]}],"scale":{"linear":[[0.24390243902439027,0.0,0.0],[0.0,0.24390243902439027,0.0],[0.0,0.0,0.24390243902439027]]},"k":[0.0,0.0,0.0],"files":["/tmp/jl_mxFrFZ/220.714 extrinsic.png","/tmp/jl_mxFrFZ/intrinsic0003.png","/tmp/jl_mxFrFZ/intrinsic0004.png","/tmp/jl_mxFrFZ/intrinsic0005.png"]}