{"intrinsic":{"linear":[[928.4456873084464,0.0],[0.0,928.4456873084464]],"translation":[544.9868804142931,931.6907202654553]},"extrinsics":[{"linear":[[0.058870344672707686,-0.9962029574152432,0.06414008228276452],[0.9982134556384589,0.05808868801949996,-0.013985753697957036],[0.010206835966317409,0.06484883932111979,0.9978428977240157]],"translation":[-7.633504074660557,-2.0974965241623997,30.467087692365137]},{"linear":[[0.2041795944981054,0.9634292295818812,-0.17353620019423077],[-0.8843020684390448,0.10548203508259174,-0.4548443602258486],[-0.4199053999950655,0.2463283578114744,0.8734997396638915]],"translation":[-3.662027705819331,-0.12533646119449535,20.56518385326145]},{"linear":[[0.2074759138769704,0.9628790703270288,-0.17267785349335493],[-0.8808119747946824,0.10708368033221621,-0.46119773467006475],[-0.4255866659321079,0.247784142617449,0.8703326998614542]],"translation":[-3.665608456118076,-0.12997180201420452,20.5485604500847]},{"linear":[[0.030125444721550543,-0.9971411255172198,0.06929670542371433],[0.9995445000137932,0.030177952524440665,-0.0002892639086797058],[-0.0018027957469046035,0.06927385497924052,0.997596051988885]],"translation":[-7.5081706315706604,-2.08962808118288,30.742727322759645]},{"linear":[[0.9823506665236773,0.1846216278060083,0.030033689862331903],[-0.18703343176604095,0.9674833941178523,0.170277354654159],[0.002379786188860011,-0.17288937692195055,0.9849383736890521]],"translation":[-3.04220037619196,2.3421981347117393,28.46280781898449]},{"linear":[[0.9232743709967012,-0.37221008339538525,0.09499520871836728],[0.3742235806074557,0.927331232059695,-0.0036739303182360336],[-0.08672455003043195,0.03894149285079508,0.9954709501319315]],"translation":[-7.372216142632798,-0.0664383435386168,30.098732399338473]},{"linear":[[0.9709611834476269,-0.10173363331406496,-0.2165286311107685],[0.050328580457311284,0.971686344702888,-0.23085207711236355],[0.23388333465028208,0.21325082736219353,0.9485898325420762]],"translation":[-4.323811314132224,1.2537258447402349,18.575564877449423]},{"linear":[[0.9823744023754636,0.1353897877833346,0.1288803279070715],[-0.14529206990475335,0.9868543120004861,0.0707727441098572],[-0.11760420052125228,-0.08825062181101437,0.9891314774941328]],"translation":[-4.018677247542885,2.35719820801845,16.434169810073573]}],"scale":{"linear":[[0.25641025641025644,0.0,0.0],[0.0,0.25641025641025644,0.0],[0.0,0.0,0.25641025641025644]]},"k":[0.0,0.0,0.0],"files":["/tmp/jl_5AeY9U/448.64 extrinsic.png","/tmp/jl_5AeY9U/intrinsic0001.png","/tmp/jl_5AeY9U/intrinsic0002.png","/tmp/jl_5AeY9U/intrinsic0003.png","/tmp/jl_5AeY9U/intrinsic0004.png","/tmp/jl_5AeY9U/intrinsic0005.png","/tmp/jl_5AeY9U/intrinsic0006.png","/tmp/jl_5AeY9U/intrinsic0007.png"]}