{"intrinsic":{"linear":[[701.4904429131047,0.0],[0.0,701.4904429131047]],"translation":[429.76685791303356,993.4330003093216]},"extrinsics":[{"linear":[[0.7754921561924448,0.6313545741025218,-0.0018213851365964095],[-0.6278698346730854,0.7709026384942748,-0.10718485280186633],[-0.0662675364834474,0.08426460539507995,0.9942374414022168]],"translation":[4.434078181713128,2.0140694238540258,23.7712551495801]},{"linear":[[0.774380494495885,0.6327140437861275,0.0027907956060628097],[-0.6287076047107522,0.7699579942789212,-0.10904785566369053],[-0.07114490511046616,0.08268993797183953,0.9940325832864012]],"translation":[4.444044786777774,2.0253506158222994,23.803284127660206]},{"linear":[[0.9830929541185649,-0.18121877505881612,0.026229737486588533],[0.18188261915075604,0.9829865327344749,-0.025616192408627052],[-0.021141343696514808,0.029953831621964216,0.9993276797716897]],"translation":[0.34864946550146214,-3.5954801339475195,23.112978077370506]},{"linear":[[0.6810999173112011,-0.7315074947695521,0.03161783886745934],[0.7215133174433668,0.6631940391205078,-0.19897788627607352],[0.12458505283757967,0.15833651370104165,0.9794938044921251]],"translation":[-8.026992818696753,-5.379020809552326,22.076438628998794]},{"linear":[[0.8602908292618341,0.5016020757448804,0.0910771469492389],[-0.504807705563516,0.8631053016244217,0.01477899561928821],[-0.07119599350865514,-0.05869067997769094,0.995734168637429]],"translation":[6.186729752517073,-0.7477521612806345,22.60919031611598]},{"linear":[[0.9167812462492814,-0.09523172496126332,0.38786990742582356],[0.11120992783310922,0.9936171735677614,-0.018901437579401957],[-0.383594184623502,0.06046346791340771,0.9215203039385055]],"translation":[0.1642038695962276,-2.088087492970616,18.120583054601788]},{"linear":[[0.9807571307565376,-0.19522047045860372,-0.002101995272484834],[0.19271163090390328,0.966316521182368,0.1705714167273169],[-0.031267839461048025,-0.16769421219567382,0.9853430739653629]],"translation":[-1.3385267600020685,-1.0173989175869758,18.570828839629513]},{"linear":[[0.9073314327125335,-0.09432316000392577,0.4096984411719129],[0.15339821245620414,0.9815977455643776,-0.11373150099322882],[-0.3914315516499185,0.16603917426259795,0.9051034929681423]],"translation":[-1.6848979185487856,-2.5885094955660777,9.339109415322245]}],"scale":{"linear":[[0.25641025641025644,0.0,0.0],[0.0,0.25641025641025644,0.0],[0.0,0.0,0.25641025641025644]]},"k":[0.0,0.0,0.0],"files":["/tmp/jl_ki5kDo/265.782 extrinsic.png","/tmp/jl_ki5kDo/intrinsic0003.png","/tmp/jl_ki5kDo/intrinsic0004.png","/tmp/jl_ki5kDo/intrinsic0005.png","/tmp/jl_ki5kDo/intrinsic0006.png","/tmp/jl_ki5kDo/intrinsic0007.png","/tmp/jl_ki5kDo/intrinsic0008.png","/tmp/jl_ki5kDo/intrinsic0009.png"]}