{"intrinsic":{"linear":[[879.7698734749833,0.0],[0.0,879.7698734749833]],"translation":[539.2633072482632,959.313780413251]},"extrinsics":[{"linear":[[0.9859664630859268,-0.046091193376418815,-0.1604547773142492],[0.04537864664904903,0.9989369843571654,-0.008104302049711383],[0.16065774832895077,0.0007093493848387964,0.9870099212902177]],"translation":[-5.782219000260998,-6.833332490707287,29.725892856974532]},{"linear":[[0.9853383991469105,-0.04542458960317914,-0.16445317213719668],[0.04453379404719079,0.9989664171514725,-0.009101570815660593],[0.16469663127813539,0.001644403518860119,0.9863428995956229]],"translation":[-5.77833065560607,-6.830129418819901,29.71669726841704]},{"linear":[[0.986182082092665,-0.04653276196278854,-0.1589956069314205],[0.04592396001965839,0.9989167595473538,-0.007503158769944154],[0.15917251915921016,9.77728419954884e-5,0.9872507784676507]],"translation":[-5.780360266272568,-6.82744918119038,29.70136019100118]},{"linear":[[0.9861074554600919,-0.04586106065151495,-0.15965227653228325],[0.0451811793191126,0.9989476682900531,-0.00788777872408637],[0.15984601127759418,0.0005649192721314204,0.9871418001203571]],"translation":[-5.783611866019506,-6.833698226337831,29.717972318999365]},{"linear":[[0.428020713493999,-0.9001899261247842,-0.0803515135112168],[0.8901405685124936,0.43527854177091546,-0.1348419792276864],[0.1563586809497392,-0.013808981759736515,0.9876038046273499]],"translation":[-8.478272172394744,4.241413558870974,30.42097570440319]},{"linear":[[0.31142130513475774,-0.9264573156502081,-0.2114086398101429],[0.9470372752525673,0.320923818576215,-0.01132704518635437],[0.07834009184547318,-0.19668437901539432,0.9773321262810158]],"translation":[-4.147353649833776,-12.857634685377338,29.05506035461594]},{"linear":[[0.9733515066199242,-0.2140478274703323,-0.08228227096984218],[0.20984275261824842,0.9760812908648414,-0.056844813283373735],[0.09248169404979704,0.03806364642090783,0.9949865803551442]],"translation":[-12.914038449942153,-3.7689770999770893,28.85933618173218]},{"linear":[[0.8666666830433252,-0.13595088750238862,0.48000647567506166],[-0.07059498383938442,0.9190522069796001,0.3877620263804124],[-0.4938676024598068,-0.36994647860635116,0.7869144770604763]],"translation":[-7.025502266806971,-4.9422942783764965,18.08313669303898]},{"linear":[[0.9631664254480685,-0.007530620597826207,-0.26880053318957864],[0.1992452035003291,0.6912853483521686,0.6945688706210015],[0.18058733557949913,-0.7225426332798867,0.6673232779704787]],"translation":[-6.379075782453378,-4.53104180953145,18.823390133603578]},{"linear":[[0.9906143987541386,0.020735697473434466,0.1351041962015488],[0.016992252934118244,0.9620765441055209,-0.2722498606467972],[-0.13562586892329698,0.27199035668984245,0.952694531078316]],"translation":[-5.731096661991527,-8.46896871021667,21.72043337419581]},{"linear":[[0.9935404346904742,0.10890222314709264,0.03190157407847696],[-0.11217208286923172,0.985031461570693,0.1308833203302959],[-0.0171705695840856,-0.13361633698588463,0.9908843757122385]],"translation":[-9.102507427941708,-4.420570299064448,18.302581922296536]},{"linear":[[0.7148946621153803,-0.413961767871265,0.5635257552409058],[0.3130124373228927,0.9101224083919636,0.2714782050625689],[-0.625259015256972,-0.017687749537715375,0.7802168335508871]],"translation":[-9.310092984244912,-0.6285931284510259,17.7727991741878]},{"linear":[[0.8638767591237028,-0.49529044238658354,0.09167509327200263],[0.4995530657886054,0.8657648056818691,-0.029967243847919097],[-0.0645265798499601,0.07168457939569534,0.9953379534458279]],"translation":[-3.226524434204423,-3.163421731301141,8.155927259362654]}],"scale":{"linear":[[0.25641025641025644,0.0,0.0],[0.0,0.25641025641025644,0.0],[0.0,0.0,0.25641025641025644]]},"k":[0.0,0.0,0.0],"files":["/tmp/jl_bnGkXu/200.0 extrinsic.png","/tmp/jl_bnGkXu/intrinsic0001.png","/tmp/jl_bnGkXu/intrinsic0002.png","/tmp/jl_bnGkXu/intrinsic0003.png","/tmp/jl_bnGkXu/intrinsic0004.png","/tmp/jl_bnGkXu/intrinsic0005.png","/tmp/jl_bnGkXu/intrinsic0006.png","/tmp/jl_bnGkXu/intrinsic0007.png","/tmp/jl_bnGkXu/intrinsic0008.png","/tmp/jl_bnGkXu/intrinsic0009.png","/tmp/jl_bnGkXu/intrinsic0010.png","/tmp/jl_bnGkXu/intrinsic0011.png","/tmp/jl_bnGkXu/intrinsic0012.png"]}