{"intrinsic":{"linear":[[844.2169572849897,0.0],[0.0,844.2169572849897]],"translation":[539.1188181436028,959.3671100527889]},"extrinsics":[{"linear":[[0.794684288290184,-0.595192158609277,-0.11926095871974601],[0.599636390045194,0.8002707002883814,0.0017337801220150897],[0.09440911861833887,-0.07289101858235264,0.9928614292698329]],"translation":[-8.682018754127212,3.6454827279866184,28.760800218535138]},{"linear":[[0.1921735981708133,-0.979822242598448,-0.05493342402791537],[0.9714952429825576,0.19786069724734917,-0.13056851591043617],[0.13880310165246235,-0.02827573861353193,0.9899162497795029]],"translation":[-7.437983916472439,-4.315559070220697,24.38690649484572]},{"linear":[[0.788973505740007,-0.6039938039752205,-0.11274880043648294],[0.6075004202683009,0.7943090590584684,-0.0040445112793048195],[0.0920002533374818,-0.06530393140687206,0.9936152927208023]],"translation":[-8.746088407668092,3.693143137570487,28.78769887767485]},{"linear":[[0.9943777079858478,0.10543063022537885,0.009866918013818393],[-0.10496537723989582,0.9690985240220162,0.22322706000670198],[0.013972953936027401,-0.2230076970613992,0.9747165350037275]],"translation":[-6.924819998257019,-7.237006542591982,21.36228726306003]},{"linear":[[0.9887527391571181,0.09964766157947781,-0.11152741524413459],[0.004126902211387798,0.7272442059409446,0.6863663989469926],[0.14950247318166146,-0.6791069197608477,0.7186534645053205]],"translation":[-7.459868059393313,-5.423186227009018,17.260411852159482]}],"scale":{"linear":[[0.25641025641025644,0.0,0.0],[0.0,0.25641025641025644,0.0],[0.0,0.0,0.25641025641025644]]},"k":[0.0,0.0,0.0],"files":["/tmp/jl_gJrrGv/298.186 extrinsic.png","/tmp/jl_gJrrGv/intrinsic0003.png","/tmp/jl_gJrrGv/intrinsic0004.png","/tmp/jl_gJrrGv/intrinsic0005.png","/tmp/jl_gJrrGv/intrinsic0006.png"]}