{"intrinsic":{"linear":[[887.6784330946813,0.0],[0.0,887.6784330946813]],"translation":[502.1505817408138,966.7399924158439]},"extrinsics":[{"linear":[[0.9996590947495213,-0.011498089093924614,-0.023441165324191483],[0.012503802616210487,0.9989873917758928,0.04321858388394881],[0.022920497479390647,-0.04349695414609216,0.9987906015653681]],"translation":[9.44229472253985,-5.786927460572371,28.65632771667179]},{"linear":[[0.9996542351235677,-0.011865822292596985,-0.023465132874868237],[0.01290254977403416,0.9989244846558344,0.04453535858622713],[0.022911447113687183,-0.04482271986834101,0.9987321910175725]],"translation":[9.44332870256968,-5.787007191550046,28.655505939454926]},{"linear":[[0.9996515683858967,-0.011902373265627519,-0.023560036805194248],[0.012947365660492439,0.9989160784771854,0.04471055672003026],[0.02300233783922698,-0.04500001856007637,0.9987221289145057]],"translation":[9.443182309584008,-5.787028335415485,28.655468538347122]},{"linear":[[0.9998124404182562,-0.018323615207675253,0.006271292579016067],[0.017911352761065244,0.998009956398761,0.06045916283915825],[-0.0073666428689906135,-0.06033549581021296,0.9981509708046055]],"translation":[9.415842090431873,-5.742767163153741,28.51105709094797]},{"linear":[[0.10879832931171379,0.9935771644280891,0.031102119960184138],[-0.9679955652616634,0.09877508125500761,0.23071209105033735],[0.22615815079879914,-0.05520780424998323,0.9725248527298225]],"translation":[2.1076381858487223,-6.568851994938405,24.3357561319795]},{"linear":[[0.06684343963634631,0.9906333708475947,0.11906921995509048],[-0.9725533269669016,0.03803261847296391,0.22955074850172164],[0.22287211755442363,-0.13114512760763003,0.9659860116593745]],"translation":[-0.9105285070470288,-4.675763570408755,24.040625500727792]},{"linear":[[0.7298245858221128,0.03985502132389851,0.6824717219085731],[-0.6132919478488532,0.47923567691084495,0.6278583858479263],[-0.30204148826500743,-0.876780898087473,0.3742007430719287]],"translation":[-6.077601717515752,-4.727051655638068,16.95169325903303]},{"linear":[[0.19382661959913544,0.9785653275020623,0.06957831088459752],[-0.9793707327387935,0.18887996497318743,0.07181452977222944],[0.05713325992319197,-0.08206252885762855,0.9949882069492282]],"translation":[4.500205589240319,5.077676595437251,29.356122348625213]},{"linear":[[0.18788265268845955,0.9782231411751723,0.08820201181450985],[-0.8648539636011361,0.20733292910728135,-0.4572096654175196],[-0.4655402565430329,0.009619905258073574,0.8849744216420456]],"translation":[3.1019380437183703,2.416540858601057,27.675712430858308]},{"linear":[[0.3960111233581881,0.9101307185104625,0.12180831416703455],[-0.8099639242217803,0.2837319435122342,0.5132783121173388],[0.4325894492886295,-0.30192426112255294,0.8495340540024047]],"translation":[0.37686064945716463,1.8315598802202142,23.392628993716865]},{"linear":[[0.4040235535596197,0.9146089517129226,0.015982290688314263],[-0.9096527215559875,0.39986986158833737,0.11241005274933652],[0.09642040414166421,-0.05995464318893523,0.9935333645254423]],"translation":[1.8516227832186798,1.2741466332408886,19.225333594965715]},{"linear":[[0.8188260435313718,0.0951409731701762,0.5661025575450015],[-0.14332851430796467,0.9888201344584183,0.04113002158894329],[-0.5558604567884206,-0.11481697136689847,0.8233080927970412]],"translation":[-4.961452762869645,-1.785018744451411,16.511558688375256]}],"scale":{"linear":[[0.25641025641025644,0.0,0.0],[0.0,0.25641025641025644,0.0],[0.0,0.0,0.25641025641025644]]},"k":[0.0,0.0,0.0],"files":["/tmp/jl_AdnlgA/285.501 extrinsic.png","/tmp/jl_AdnlgA/intrinsic0001.png","/tmp/jl_AdnlgA/intrinsic0002.png","/tmp/jl_AdnlgA/intrinsic0003.png","/tmp/jl_AdnlgA/intrinsic0004.png","/tmp/jl_AdnlgA/intrinsic0005.png","/tmp/jl_AdnlgA/intrinsic0007.png","/tmp/jl_AdnlgA/intrinsic0009.png","/tmp/jl_AdnlgA/intrinsic0010.png","/tmp/jl_AdnlgA/intrinsic0011.png","/tmp/jl_AdnlgA/intrinsic0012.png","/tmp/jl_AdnlgA/intrinsic0013.png"]}