{"intrinsic":{"linear":[[892.3889266774067,0.0],[0.0,892.3889266774067]],"translation":[527.8553271465554,973.557438344517]},"extrinsics":[{"linear":[[0.03691389089494301,0.998164926346129,0.048001504887070674],[-0.9967995472896443,0.03336997922825391,0.07264369903485521],[0.07090858327563013,-0.0505294399210314,0.9962021624746206]],"translation":[1.0224316768684312,1.5137076175280402,30.30574537640401]},{"linear":[[0.010186375226043987,0.9946965930324783,-0.10234708383405364],[-0.9751483282094751,-0.012772104007147678,-0.22118456399463451],[-0.22131871983639387,0.10205665666095068,0.9698466183274388]],"translation":[-1.8977366825344366,2.3332727289425925,20.888696281114452]},{"linear":[[0.036694237589016354,0.9737596870544816,-0.22460099019220553],[-0.9776805657843133,-0.01154436841556472,-0.2097795005369951],[-0.2068676973706292,0.22728572200084216,0.9516023099799253]],"translation":[-1.9210408200599676,2.3535820805674397,21.040311646577845]},{"linear":[[0.03693874294193911,0.9981178757092961,0.04895135809588041],[-0.9968460656172431,0.03336018422445697,0.07200708001254617],[0.07023852741403597,-0.05145681974308225,0.9962021606926154]],"translation":[1.0227011427675787,1.5132400376787185,30.30092861299272]},{"linear":[[0.16348924483862354,-0.9018956073709403,0.39981943452901203],[0.9851034140154189,0.17114473669899305,-0.01675538108782587],[-0.053315387246671814,0.3966028145452761,0.9164407656676465]],"translation":[-5.727499807086836,3.2604820443720106,26.259489871096406]},{"linear":[[0.22151002549530757,-0.9539755790396002,0.202148220870547],[0.9718398005412453,0.19887419664932665,-0.12639800627793638],[0.08037854619872468,0.22445411224378178,0.9711640648252153]],"translation":[-5.444199351659665,-2.846643982621647,29.37679540165582]},{"linear":[[0.9868200321432066,-0.09529811090632996,0.1307841512514632],[0.10225072442564885,0.993623817152248,-0.04750262458249962],[-0.12542333720369103,0.060249315726244694,0.9902721880570051]],"translation":[-3.837798944651441,-9.365314691163071,26.454548381614018]},{"linear":[[0.8086903342087033,-0.06638215692589895,0.5844769906500008],[0.23734439133950835,0.9459633137560945,-0.2209548572158281],[-0.538226330884224,0.3174063929246763,0.7807468209819699]],"translation":[-5.192922328095734,-3.6697973976883804,22.714057542698693]},{"linear":[[0.8759590208887331,0.15844027390683338,-0.4556231703150968],[-0.2899599373819166,0.9277806029963038,-0.23483267961953197],[0.38551138561283393,0.33781627004651854,0.8586391205009998]],"translation":[-1.6735783877577302,-0.9283276812964817,21.05676966019774]},{"linear":[[0.9716999219995489,0.07141471659578394,0.22516482815842778],[-0.08428067004854156,0.9952831823590308,0.04804326768080335],[-0.22067177037908434,-0.06566068204659709,0.9731354708317524]],"translation":[-2.317416534079737,0.49677455669450593,16.954750585124366]},{"linear":[[0.9621444237308784,-0.09270657460999487,0.2562881169848838],[0.07616153856470062,0.9943630411660521,0.07376694657133147],[-0.26168211235587663,-0.051455158993841475,0.9637815305793552]],"translation":[-3.271134660748509,0.2171025925995273,6.943415124196255]}],"scale":{"linear":[[0.25641025641025644,0.0,0.0],[0.0,0.25641025641025644,0.0],[0.0,0.0,0.25641025641025644]]},"k":[0.0,0.0,0.0],"files":["/tmp/jl_RuNGKx/300.0 extrinsic.png","/tmp/jl_RuNGKx/intrinsic0001.png","/tmp/jl_RuNGKx/intrinsic0002.png","/tmp/jl_RuNGKx/intrinsic0003.png","/tmp/jl_RuNGKx/intrinsic0004.png","/tmp/jl_RuNGKx/intrinsic0005.png","/tmp/jl_RuNGKx/intrinsic0006.png","/tmp/jl_RuNGKx/intrinsic0007.png","/tmp/jl_RuNGKx/intrinsic0008.png","/tmp/jl_RuNGKx/intrinsic0009.png","/tmp/jl_RuNGKx/intrinsic0010.png"]}