{"intrinsic":{"linear":[[929.9931458386621,0.0],[0.0,929.9931458386621]],"translation":[539.2038453842581,959.8009565316]},"extrinsics":[{"linear":[[0.17996851205484482,-0.9782839009912855,-0.10281995783911743],[0.977067523286634,0.18987343491961978,-0.09636977560598439],[0.11379977859068094,-0.08311851642743429,0.9900206677739685]],"translation":[-4.511322719898502,-0.17936249749366337,32.19084679852323]},{"linear":[[0.3061935579729309,-0.9488060102215802,0.07754134396103742],[0.9280822541536536,0.2793862520535946,-0.24618418244988494],[0.21191704646146403,0.14734475603445085,0.9661162912859909]],"translation":[-8.788685510162402,6.22875868508938,21.473926363165848]},{"linear":[[0.3088520038662104,-0.9487001057770056,0.06766497621757221],[0.9285383855900281,0.2853511371172382,-0.23746830321489953],[0.2059779264719661,0.13617208908068273,0.9690357351314305]],"translation":[-8.781704979729088,6.207386070461907,21.443650609779425]},{"linear":[[0.1797653807324751,-0.9782396671376048,-0.10359325040086607],[0.9769796894655798,0.189839958249227,-0.09732151161830128],[0.1148699014618177,-0.08371346301784426,0.9898469385959188]],"translation":[-4.510997234733846,-0.17932724590227112,32.19411409783443]},{"linear":[[0.15470908610377254,0.9840962575697944,0.08729063245309061],[-0.9849843482725608,0.14678748039534129,0.09088052188046773],[0.07662200946865312,-0.10003994920186814,0.9920287678432886]],"translation":[2.017471889894395,-10.582642254721279,30.584576170492493]},{"linear":[[0.5408819783475175,-0.7295267900249061,-0.41861360242451795],[0.8232762955694444,0.35728128269687887,0.4410966177470939],[-0.17222899480728737,-0.5832158671284842,0.7938491202219989]],"translation":[-4.924971347941336,-4.583933652837119,24.620081072173054]},{"linear":[[0.9811005399319824,-0.10195442751932851,0.16445979829240498],[0.11502976486296115,0.9907477233845262,-0.07202153708405563],[-0.15559525616401165,0.08957814084688363,0.9837509201732272]],"translation":[-2.729121583586412,-2.579396421123514,17.39968430249786]},{"linear":[[0.9885532789509838,0.06862300080505487,-0.13436256337152935],[-0.12592209729033055,0.8658183377293084,-0.48425430454014756],[0.08310258774107657,0.49563039637633893,0.8645487089219265]],"translation":[-1.7075913283608184,-0.9907536938706188,20.970341836614768]},{"linear":[[0.9580762974725927,0.17131619795795427,0.22965314833121542],[-0.17996092696469557,0.9835254655677452,0.017079910589865292],[-0.22294365428783952,-0.057692450953147324,0.9731226583097339]],"translation":[-2.5159378841430726,-0.8229281943785781,19.43894451853911]},{"linear":[[0.963460592012638,0.26581926198414224,0.032921233222088946],[-0.2676849068496144,0.9512494967767469,0.15319655846950034],[0.009406289575091037,-0.15641136416575283,0.9876472076993068]],"translation":[-1.8806636707262931,0.357874313987028,9.373626908074307]}],"scale":{"linear":[[0.25641025641025644,0.0,0.0],[0.0,0.25641025641025644,0.0],[0.0,0.0,0.25641025641025644]]},"k":[0.0,0.0,0.0],"files":["/tmp/jl_r7iBND/247.347 extrinsic.png","/tmp/jl_r7iBND/intrinsic0001.png","/tmp/jl_r7iBND/intrinsic0002.png","/tmp/jl_r7iBND/intrinsic0004.png","/tmp/jl_r7iBND/intrinsic0005.png","/tmp/jl_r7iBND/intrinsic0006.png","/tmp/jl_r7iBND/intrinsic0008.png","/tmp/jl_r7iBND/intrinsic0009.png","/tmp/jl_r7iBND/intrinsic0010.png","/tmp/jl_r7iBND/intrinsic0011.png"]}