{"intrinsic":{"linear":[[905.4681955827909,0.0],[0.0,905.4681955827909]],"translation":[539.5259075157156,959.7282625004734]},"extrinsics":[{"linear":[[0.4692247567316109,-0.88243556234577,-0.03369875335476611],[0.8825334477973417,0.46993432037161387,-0.017217666967575516],[0.031029682387957343,-0.021661321390307454,0.9992837164522038]],"translation":[-10.05246435187815,7.4332530066988145,32.40933623164868]},{"linear":[[0.44378867030935093,-0.8939412366422637,0.0626153458471531],[0.8909892809826241,0.4326890692810203,-0.13754370395910837],[0.09586301309224889,0.11682993946426899,0.9885145663902228]],"translation":[-10.15864338602641,7.372716996492144,30.273580348285943]},{"linear":[[0.44417121735322584,-0.8931100768779201,0.0711780883001846],[0.8917812660321618,0.4330636722947233,-0.1310802399016835],[0.08624443882957275,0.12169735542617127,0.9888132535788788]],"translation":[-10.154298397848637,7.372116132628867,30.258318100922214]},{"linear":[[0.6261301633914441,-0.7365746853462313,-0.25577089630859884],[0.7780894856603141,0.6114424029514988,0.14392685704122377],[0.05037629200597689,-0.28912959167127367,0.9559635497359359]],"translation":[-11.251134577791367,0.550848816048908,24.87822270748355]},{"linear":[[0.76945648390994,-0.6386978783845156,-0.0013189071500581701],[0.6386743281885334,0.7694065930757068,0.010420990574764581],[-0.005641088713857726,-0.008860850904523435,0.9999448301978315]],"translation":[-14.277330520531356,0.21072594634233,31.406040556105587]},{"linear":[[0.9070320991003238,-0.41773360461433545,-0.05283376550629811],[0.4149735551277495,0.9081128462908392,-0.05592858791519247],[0.07134227180499025,0.02880440899349964,0.9970359001942899]],"translation":[-11.368017704562778,6.233265154522678,26.185540518266848]},{"linear":[[0.017942024394913825,0.7314030209067387,-0.6817093990617328],[-0.9991564882334704,0.03830490918758778,0.014800201116524414],[0.03693772843003795,0.680868823592788,0.7314733414676172]],"translation":[1.8522606549295295,2.4569266378151284,18.535241420370635]},{"linear":[[0.08807084704675416,0.9960955389771136,-0.006099436888837628],[-0.7018265928974132,0.05770512872363087,-0.7100067264617976],[-0.7068825640815283,0.06681164081866942,0.7041684778862521]],"translation":[0.994863234988592,1.6192709165199335,17.73264274495219]}],"scale":{"linear":[[0.25641025641025644,0.0,0.0],[0.0,0.25641025641025644,0.0],[0.0,0.0,0.25641025641025644]]},"k":[0.0,0.0,0.0],"files":["/tmp/jl_7UoVWf/188.134 extrinsic.png","/tmp/jl_7UoVWf/intrinsic0001.png","/tmp/jl_7UoVWf/intrinsic0002.png","/tmp/jl_7UoVWf/intrinsic0003.png","/tmp/jl_7UoVWf/intrinsic0004.png","/tmp/jl_7UoVWf/intrinsic0005.png","/tmp/jl_7UoVWf/intrinsic0006.png","/tmp/jl_7UoVWf/intrinsic0007.png"]}