{"intrinsic":{"linear":[[893.4212991861672,0.0],[0.0,893.4212991861672]],"translation":[539.155277591732,959.5370078056056]},"extrinsics":[{"linear":[[0.5420439112487704,-0.8400813006670365,0.021255741523536598],[0.8388904815337537,0.539439074173712,-0.07258267869592057],[0.04950917359643424,0.05717423829128622,0.9971358724896068]],"translation":[-3.9276182485667923,-5.44852793076686,30.06010508901717]},{"linear":[[0.8371862321601894,-0.22575273405829024,-0.4981514987899086],[0.5466601327209192,0.37336702238004793,0.7495063481336259],[0.016790234512135488,-0.8997959600177496,0.4359877502416367]],"translation":[-6.499856372726942,-7.26408559043583,17.29488058351506]},{"linear":[[0.8387337363942812,-0.2260574765087056,-0.49540260066798647],[0.5443336334762774,0.37320345101531044,0.7512789625809954],[0.01505373377611427,-0.8997873090151799,0.43606901246777335]],"translation":[-6.5103368363020175,-7.283747176292817,17.339074519345324]},{"linear":[[0.031234189885833763,-0.987719809569735,-0.1530816878849396],[0.999251598714983,0.02736119181244795,0.027342414819339744],[-0.022818147333341823,-0.15382113952941842,0.9878352034555891]],"translation":[-10.117103309745655,-2.5810901559095756,29.784090702069374]},{"linear":[[0.6761003712315287,-0.7213620344272679,-0.15008365436496598],[0.735742952198165,0.6719235626941108,0.08485890752998286],[0.03963074956795564,-0.16779612982249242,0.9850248029898919]],"translation":[-10.893015921031873,1.2566244765426273,28.99592129197462]},{"linear":[[0.909630290623714,0.4057019442101268,-0.08932338352268626],[-0.3765145622966178,0.8960111032266095,0.23537393074259672],[0.1755264047327469,-0.18047170237673704,0.967791530177258]],"translation":[-3.6505382889541345,-5.658502209975629,21.772480973097107]},{"linear":[[0.9544054263513438,0.28789270589509763,-0.0789181350736838],[-0.15711639821510553,0.7092483631914223,0.6872271798482656],[0.253820250498304,-0.6434940164466854,0.7221431514833406]],"translation":[-1.3184621109015682,-3.935652868772376,22.169729655450922]}],"scale":{"linear":[[0.25641025641025644,0.0,0.0],[0.0,0.25641025641025644,0.0],[0.0,0.0,0.25641025641025644]]},"k":[0.0,0.0,0.0],"files":["/tmp/jl_8XXvkV/445.846 extrinsic.png","/tmp/jl_8XXvkV/intrinsic0001.png","/tmp/jl_8XXvkV/intrinsic0002.png","/tmp/jl_8XXvkV/intrinsic0003.png","/tmp/jl_8XXvkV/intrinsic0004.png","/tmp/jl_8XXvkV/intrinsic0005.png","/tmp/jl_8XXvkV/intrinsic0006.png"]}