{"intrinsic":{"linear":[[951.5456140483332,0.0],[0.0,951.5456140483332]],"translation":[539.415223207074,959.7576859908434]},"extrinsics":[{"linear":[[0.9364767365111966,0.34806707219374494,-0.04313508117314286],[-0.3451708165687076,0.9364471789143016,0.06264015080391856],[0.062196698968923624,-0.04377207280813164,0.9971035935545758]],"translation":[-0.9203703927692585,-3.1453287878633804,31.770542771037963]},{"linear":[[0.9289489941876335,0.37020449334951033,-0.00154896791970131],[-0.36979899599013166,0.9277186822186573,-0.050860094643722244],[-0.017391629092023065,0.047819240545100096,0.998704586687783]],"translation":[-0.9470432798285154,-3.294605758669659,31.490959690492286]},{"linear":[[0.8028418937644846,0.5894877581849299,-0.0891575939937918],[-0.5647142295756887,0.7998518247619939,0.20330985549068992],[0.19116153517743223,-0.11287710740010298,0.9750466789306003]],"translation":[-2.8899800179954718,-7.703688643067669,25.54090374456503]},{"linear":[[0.06658928724169605,0.8758234402784703,-0.4780158661419388],[-0.9977628314949928,0.0556005214673686,-0.03712026534996121],[-0.00593286707568505,0.4794182761131888,0.8775664747567108]],"translation":[2.0537534544290845,2.2122042401990174,28.65205386825893]},{"linear":[[0.8799788309153467,-0.2338928326907563,0.41343850807194216],[0.2564965966716745,0.9665447496846946,0.0008618310734709797],[-0.39980839540548396,0.10528717715298827,0.9105316344259804]],"translation":[-3.2093670167040567,2.156370213263307,18.96524079792496]},{"linear":[[0.9893635041740368,0.10994644175625229,-0.09524513926500369],[-0.11610565891693195,0.9913171149045418,-0.06172401206014236],[0.0876318011679321,0.07212598451650115,0.9935383786153354]],"translation":[-3.035288420605087,-0.33951628155049135,13.354832447092123]},{"linear":[[0.9717437917632819,-0.08699856483759408,0.21942026543990484],[0.04828354229747997,0.9832051267650233,0.17600107455973615],[-0.23104697079322817,-0.16043356387979815,0.9596240768488979]],"translation":[-3.548276709220932,0.159540039635892,12.166373889048835]},{"linear":[[0.8364960191404247,-0.5475003978757841,0.022753555504152267],[0.5428862391367956,0.8223715536740923,-0.17023383642380133],[0.07449121638239298,0.15475251866615156,0.9851409628313879]],"translation":[-1.5505674427561817,6.117073138139238,27.681320484771806]}],"scale":{"linear":[[0.25641025641025644,0.0,0.0],[0.0,0.25641025641025644,0.0],[0.0,0.0,0.25641025641025644]]},"k":[0.0,0.0,0.0],"files":["/tmp/jl_j6QL6f/252.393 extrinsic.png","/tmp/jl_j6QL6f/intrinsic0003.png","/tmp/jl_j6QL6f/intrinsic0004.png","/tmp/jl_j6QL6f/intrinsic0005.png","/tmp/jl_j6QL6f/intrinsic0006.png","/tmp/jl_j6QL6f/intrinsic0007.png","/tmp/jl_j6QL6f/intrinsic0008.png","/tmp/jl_j6QL6f/intrinsic0009.png"]}