{"intrinsic":{"linear":[[921.3862493339955,0.0],[0.0,921.3862493339955]],"translation":[539.4282296378626,959.6907042971709]},"extrinsics":[{"linear":[[0.9561040122275125,0.2877596511033243,-0.055312756208181595],[-0.2898649780033546,0.9564404177033833,-0.034641332400648726],[0.042934977926713656,0.04915394775875665,0.9978679657600807]],"translation":[8.33268697441849,3.0236576486707913,30.482857559234628]},{"linear":[[0.9110531320410995,0.40133968593625713,-0.09438562968317471],[-0.40760493953933274,0.9111929039960327,-0.05988075626120063],[0.0619709920950103,0.0930265994211488,0.9937331874999935]],"translation":[7.280136873532442,4.259141042990542,27.69036238621547]},{"linear":[[0.9099904962016897,0.40472477566979415,-0.09008414278682633],[-0.41154798882005805,0.9080901821605708,-0.07746272627365205],[0.050453441119193504,0.1075642925073936,0.9929171029127336]],"translation":[7.331271054019107,4.299828487084784,27.86987204027371]},{"linear":[[0.9560231024854442,0.28776784935714206,-0.05665238203704153],[-0.2899601031704785,0.9563945680908046,-0.03510795772711409],[0.04407908895917851,0.04999094920851737,0.9977764974751411]],"translation":[8.335447219467323,3.026431849825112,30.4986733464165]},{"linear":[[0.9497371754506103,-0.29209919546813895,-0.11259377235870005],[0.28420664571662796,0.9553285522569528,-0.08107983579866143],[0.13124740034606364,0.04500463586677225,0.9903275734083645]],"translation":[-5.1663599028281295,3.584965920546643,31.770237852676726]},{"linear":[[0.5690315531279664,0.8195715784566678,0.06712316538141222],[-0.8179351762896884,0.5556973238607703,0.1489380127500526],[0.08476519883024525,-0.1396528268243226,0.9865657347725214]],"translation":[4.2836185003692036,7.597466355968013,26.467219568005312]},{"linear":[[0.4158194410170912,0.9068992739731901,-0.0680286655692631],[-0.9089050872329741,0.4169896712320846,0.0033401328982341563],[0.03139641499046697,0.060442708018907366,0.9976777757237492]],"translation":[6.490573170230713,8.249832424727106,30.226396309197554]},{"linear":[[0.2267931492502409,0.7611407081496381,-0.6076427320808057],[-0.8780376880701782,0.4297600719963864,0.21060887646544593],[0.42144357366263707,0.48576856929522383,0.7657768678298771]],"translation":[5.509877674207968,8.275940781164516,27.27285573735886]},{"linear":[[0.8393445250420984,0.4935139299426943,0.22791395138159437],[-0.5425127670730445,0.7869874804304281,0.2938206990811149],[-0.034360818450713246,-0.3702630235363558,0.9282912406982592]],"translation":[1.0245059983067153,3.9901858833238193,24.656704520441814]},{"linear":[[0.5754492791294588,0.5416989255416556,-0.6127155957019553],[-0.5776911028296674,0.7995450472452807,0.16431891898678053],[0.5789051017747456,0.25940314472372444,0.7730322707666308]],"translation":[1.893683068520903,1.706242299451206,28.177670324700795]},{"linear":[[0.8769147665364264,0.4207814179875523,-0.23230043156815208],[-0.4492069589705414,0.8894058229470688,-0.08467815609875842],[0.17097836191402468,0.1786064959183518,0.9689510407512677]],"translation":[3.3756990099840185,-0.6941129800268191,23.893397816267044]},{"linear":[[0.9866424269323949,0.1326865422437339,-0.09450398343115202],[-0.1324362939602133,0.9911511739201678,0.008943068755017939],[0.09485435898806974,0.003692146269425006,0.9954843136066421]],"translation":[-3.1157170840742645,-1.2267321014108323,22.447930853716777]}],"scale":{"linear":[[0.25641025641025644,0.0,0.0],[0.0,0.25641025641025644,0.0],[0.0,0.0,0.25641025641025644]]},"k":[0.0,0.0,0.0],"files":["/tmp/jl_JxEFgE/495.528 extrinsic.png","/tmp/jl_JxEFgE/intrinsic0001.png","/tmp/jl_JxEFgE/intrinsic0002.png","/tmp/jl_JxEFgE/intrinsic0003.png","/tmp/jl_JxEFgE/intrinsic0004.png","/tmp/jl_JxEFgE/intrinsic0005.png","/tmp/jl_JxEFgE/intrinsic0006.png","/tmp/jl_JxEFgE/intrinsic0007.png","/tmp/jl_JxEFgE/intrinsic0011.png","/tmp/jl_JxEFgE/intrinsic0012.png","/tmp/jl_JxEFgE/intrinsic0013.png","/tmp/jl_JxEFgE/intrinsic0014.png"]}