{"intrinsic":{"linear":[[871.9309790456049,0.0],[0.0,871.9309790456049]],"translation":[539.6803468877733,959.6598139369207]},"extrinsics":[{"linear":[[-0.02311259849148617,-0.9992292561802626,0.031728557868435606],[0.9956516228173832,-0.025871434792189674,-0.0894903058599366],[0.09024219507571207,0.02952223662314216,0.9954821865672356]],"translation":[1.2124050827463113,11.676001872561422,30.156565422788635]},{"linear":[[0.06888277274782068,-0.9817310980194723,0.177367456992689],[0.9949631358356522,0.054626101948639094,-0.08404967170657188],[0.07282528370461547,0.18226365564033373,0.9805490491994595]],"translation":[0.6143794923270559,11.354741734642191,28.984740366973625]},{"linear":[[0.2393603891962926,0.9649331969565663,-0.10775216700827728],[-0.9547713745117318,0.2540857816834912,0.15444105011060835],[0.17640358980694681,0.0659116147387512,0.9821086663632252]],"translation":[-3.532774310344681,7.80036593572312,30.794419137506075]},{"linear":[[0.8707617752284448,-0.490449195560628,0.03512146601354096],[0.49162303543140257,0.869697787181574,-0.043960778026410956],[-0.008984533055276843,0.05554588684507906,0.9984157113248829]],"translation":[5.375945084964465,3.3098992773450906,27.626041686966595]},{"linear":[[0.6816479788900756,-0.7316798532287019,0.000790730232232896],[0.7303893358068183,0.6803807429103765,-0.06011208544376802],[0.043444804231919064,0.04155282247873496,0.9981913203035282]],"translation":[5.545443377440298,4.268434671304469,29.631369075291055]},{"linear":[[0.9742927555187506,-0.04922796297058568,-0.2198413841965313],[-0.0467171475814918,0.9104741692974285,-0.4109188425516732],[0.2203885992185833,0.4106256137942741,0.8847685972222039]],"translation":[3.0678447686784573,3.362548450649,29.430297332804066]},{"linear":[[0.728201096044921,-0.16190906569103106,-0.665964427102554],[0.07368935991245193,0.9845586357462484,-0.15878970688674723],[0.6813905208870084,0.06655634623793114,0.7288876530857056]],"translation":[2.445259763192572,4.90984618936424,29.414130370811616]},{"linear":[[0.9074465892208029,-0.3879970986214514,-0.16124186544712116],[0.4200156573977947,0.8273502066635391,0.3729322767936528],[-0.011293150677739047,-0.4061402307025679,0.9137409795738806]],"translation":[0.19577190039654288,5.709285441972443,24.60698775141848]},{"linear":[[0.9488110630653801,-0.25408246239073057,-0.18761574803359712],[0.24526939645004509,0.9669834906989598,-0.06917985169603239],[0.19899871801037775,0.019622207345693726,0.9798032859758681]],"translation":[-0.11645338568095018,2.633562927049699,22.598219896821355]},{"linear":[[0.9388174054349173,-0.3381337941366855,-0.06547836677238829],[0.32989120835875657,0.9374538927585311,-0.11113950512520623],[0.09896297236870584,0.08273896430706579,0.9916453972491096]],"translation":[-1.5368906930757071,4.069612989200629,20.822306714717314]},{"linear":[[0.855506218127986,-0.23306533217238484,-0.46237394139778965],[0.23315115413868387,0.970714469927155,-0.05791335940732635],[0.462330671779572,-0.05825777899489824,0.8847917162352004]],"translation":[1.4379830577659571,2.092708212679612,20.96492262696718]},{"linear":[[0.9938696288109018,-0.10795284348134597,-0.02386094112922772],[0.10659415857461073,0.9929251436223318,-0.05231963799896364],[0.029340182089605236,0.0494554622550824,0.998345286445569]],"translation":[4.182211685762072,0.5740096769931684,19.480676608259092]},{"linear":[[0.9685912875219366,-0.2177479396827336,-0.12006978179592961],[0.22365223810433965,0.9739300067448887,0.03794757374089925],[0.10867655739632762,-0.06360956473539059,0.9920399332419322]],"translation":[1.4422252283742703,2.6778176931040214,22.795451372098338]}],"scale":{"linear":[[0.25641025641025644,0.0,0.0],[0.0,0.25641025641025644,0.0],[0.0,0.0,0.25641025641025644]]},"k":[0.0,0.0,0.0],"files":["/tmp/jl_2a5NhG/279.835 extrinsic.png","/tmp/jl_2a5NhG/intrinsic0003.png","/tmp/jl_2a5NhG/intrinsic0004.png","/tmp/jl_2a5NhG/intrinsic0005.png","/tmp/jl_2a5NhG/intrinsic0006.png","/tmp/jl_2a5NhG/intrinsic0008.png","/tmp/jl_2a5NhG/intrinsic0009.png","/tmp/jl_2a5NhG/intrinsic0010.png","/tmp/jl_2a5NhG/intrinsic0011.png","/tmp/jl_2a5NhG/intrinsic0012.png","/tmp/jl_2a5NhG/intrinsic0013.png","/tmp/jl_2a5NhG/intrinsic0014.png","/tmp/jl_2a5NhG/intrinsic0015.png"]}