{"intrinsic":{"linear":[[949.4179058826112,0.0],[0.0,949.4179058826112]],"translation":[539.5130677114624,959.4776474695367]},"extrinsics":[{"linear":[[0.23027543080877078,-0.9720340723375548,0.04607589587522149],[0.9651549536846903,0.2341808426639035,0.11677006597209459],[-0.1242945748765337,0.01758110190213734,0.992089594498485]],"translation":[-1.038180235406028,-5.517287638285793,29.959692917885164]},{"linear":[[0.01906739426396903,0.9985585336495503,-0.05017259562392764],[-0.99132709296875,0.02540780902706269,0.12893811688779844],[0.13002703265901913,0.04727893945621144,0.9903825890340492]],"translation":[2.3010322842342648,-7.47999451093968,22.445591802933176]},{"linear":[[0.026584675005558056,0.9979352891046682,-0.05846720289556334],[-0.9938037306507828,0.03269847212149668,0.1062306681966472],[0.10792312078250568,0.05528081656869596,0.992621091514815]],"translation":[2.2932836930246845,-7.500528031146039,22.527862164642826]},{"linear":[[0.13228313299136352,-0.9911736559242551,-0.008715304225090162],[0.9853617349273965,0.13245117853698163,-0.1073263091932067],[0.10753336257580919,0.005609733140822248,0.9941856500811247]],"translation":[-1.1660394106092982,-4.779830835656905,32.048636066622315]},{"linear":[[0.45446350716150336,-0.890415105395069,0.024977204462357183],[0.8756351135807962,0.4517146578512999,0.17092985621777523],[-0.16348109530710994,-0.05581046466901474,0.9849665595900281]],"translation":[-3.8851150139850117,4.674319643727639,27.39638698891874]},{"linear":[[0.760278823913566,-0.37160105906929053,0.5328121271209829],[0.41160643469941194,0.9101269345194221,0.04742474012916274],[-0.5025497515894755,0.18325287435907128,0.8449036224425215]],"translation":[-5.162345781632493,-0.4914272525841554,22.250037797146245]},{"linear":[[0.9293916525773037,-0.3647218083571474,0.056649436257747904],[0.3586193367403091,0.9286212002115123,0.09515691164424749],[-0.08731166838154666,-0.06812245610973368,0.993849084890663]],"translation":[-2.0673666810302325,-2.475322067274391,27.355096505868417]}],"scale":{"linear":[[0.25641025641025644,0.0,0.0],[0.0,0.25641025641025644,0.0],[0.0,0.0,0.25641025641025644]]},"k":[0.0,0.0,0.0],"files":["/tmp/jl_OJauOE/526.148 extrinsic.png","/tmp/jl_OJauOE/intrinsic0001.png","/tmp/jl_OJauOE/intrinsic0002.png","/tmp/jl_OJauOE/intrinsic0003.png","/tmp/jl_OJauOE/intrinsic0005.png","/tmp/jl_OJauOE/intrinsic0007.png","/tmp/jl_OJauOE/intrinsic0009.png"]}