{"intrinsic":{"linear":[[1835.9678114067683,0.0],[0.0,1835.9678114067683]],"translation":[539.5140394425534,959.4641506473338]},"extrinsics":[{"linear":[[0.9855469306196376,0.003948228475326538,-0.1693566031724705],[-0.004535587063080481,0.9999849664288498,-0.0030814552219898166],[0.1693418908486741,0.0038050503542702303,0.9855500218637292]],"translation":[-11.499996441692618,-3.9693051023020423,72.88732075610251]},{"linear":[[0.9991792160027871,-0.033772496858411924,0.022367672297404172],[0.03874743254090264,0.9578541685006908,-0.28462963365984606],[-0.011812314741137923,0.2852627040848462,0.9583765746712812]],"translation":[-13.412370537134695,-2.819801322335394,64.64064483743581]},{"linear":[[0.9782125825379742,0.12828556169714073,-0.1632267074483716],[-0.13237391441032115,0.9910955921033551,-0.014376164195948256],[0.1599290159666974,0.03566990290635777,0.9864838406576029]],"translation":[-13.468224110629103,-7.1287405827613926,73.77745335142008]}],"scale":{"linear":[[0.24390243902439027,0.0,0.0],[0.0,0.24390243902439027,0.0],[0.0,0.0,0.24390243902439027]]},"k":[0.0,0.0,0.0],"files":["/tmp/jl_ORNSD0/246.645 extrinsic.png","/tmp/jl_ORNSD0/intrinsic0002.png","/tmp/jl_ORNSD0/intrinsic0004.png"]}