{"intrinsic":{"linear":[[7780.270331018695,0.0],[0.0,7780.270331018695]],"translation":[539.4995523852509,959.4974979334007]},"extrinsics":[{"linear":[[0.18262664892979863,0.9659414663275319,-0.18331554961238283],[-0.981720500727751,0.16899369179717938,-0.08755564278568218],[-0.053594454484825846,0.19595462679349496,0.9791472916199565]],"translation":[-9.353015646665925,-10.958204601132524,247.5799399664214]},{"linear":[[0.18221297578951146,0.9660637353526355,-0.18308274274339517],[-0.9819276439076713,0.16909731914005488,-0.08499528686683812],[-0.05115206333922995,0.1952612503702661,0.9794164132379954]],"translation":[-9.356983911108845,-10.961092696048375,247.64856763518844]},{"linear":[[0.7637138277855204,-0.6011640816818711,-0.23525079414272143],[0.6179408197270835,0.7862187145078863,-0.0030456973892586114],[0.18678954083194438,-0.1430450273625736,0.9719299293584038]],"translation":[-15.076768912371826,-2.485082522783454,227.3192889717334]}],"scale":{"linear":[[0.25641025641025644,0.0,0.0],[0.0,0.25641025641025644,0.0],[0.0,0.0,0.25641025641025644]]},"k":[0.0,0.0,0.0],"files":["/tmp/jl_GtjbZW/306.374 extrinsic.png","/tmp/jl_GtjbZW/intrinsic0004.png","/tmp/jl_GtjbZW/intrinsic0005.png"]}