{"intrinsic":{"linear":[[916.4836748282089,0.0],[0.0,916.4836748282089]],"translation":[538.9628793631597,959.366660578086]},"extrinsics":[{"linear":[[0.6265630336299565,-0.7792889030745094,0.011294708201366237],[0.7793702307211017,0.6264800996129921,-0.010233682359370343],[0.0008990851811550753,0.015214806401118774,0.9998838439098882]],"translation":[-7.428400620547361,-4.84392253968926,31.100660960006294]},{"linear":[[0.659729242306055,-0.7514798051067395,-0.005952256968189018],[0.6604067212930347,0.5759593400701681,0.4818026577935413],[-0.35863670938327336,-0.3217902128758318,0.876259533232058]],"translation":[-7.862415104273181,-4.376137431127505,21.020465918701298]},{"linear":[[0.6623235975617845,-0.748887203260813,-0.022257783021066152],[0.6705312322691265,0.5792481438360528,0.46352934579607163],[-0.33423841590167624,-0.321930962559809,0.8858019737395333]],"translation":[-7.902780967299196,-4.394185613766788,21.116495773664347]},{"linear":[[0.6560569628826818,-0.7520450256213846,0.06338407442948596],[0.7513223135474365,0.6587536630504107,0.039476481395805556],[-0.07144258267223444,0.021723048952597426,0.9972081360103937]],"translation":[-7.183775270005862,-4.995030853965162,29.975732454853944]},{"linear":[[0.9829379950519636,-0.02248051716201892,-0.182558276260909],[0.022948766776886207,0.9997365399363994,0.0004525697916424325],[0.18250000544286646,-0.00463433534872006,0.9831949302906465]],"translation":[-9.546584717446562,2.9821686697870278,24.505379402113874]},{"linear":[[0.8092678849030075,0.5815924991319539,-0.08267802258194752],[-0.5435589509098187,0.7947375083562176,0.27006658382252413],[0.2227760250799672,-0.17361583385509316,0.9592853511257069]],"translation":[-7.049514008011524,-1.1988113501459128,28.71733422644502]},{"linear":[[0.945737301882272,0.22801498254750546,0.2314954072164309],[-0.3060126680098633,0.8645676494265889,0.3985963203323233],[-0.10925750704608608,-0.44780793572562294,0.8874293492189848]],"translation":[-7.283946563748537,0.021683642831999132,21.369798351551722]},{"linear":[[0.999215020115547,-0.038453715317903286,-0.009521310505205927],[0.03435756933027599,0.7215586253600612,0.6915003308735392],[-0.019720573145884306,-0.6912846461095086,0.7223133925437415]],"translation":[-5.835132272200743,-2.2751699131095853,12.755478871729295]}],"scale":{"linear":[[0.25641025641025644,0.0,0.0],[0.0,0.25641025641025644,0.0],[0.0,0.0,0.25641025641025644]]},"k":[0.0,0.0,0.0],"files":["/tmp/jl_j6LuLS/179.5 extrinsic.png","/tmp/jl_j6LuLS/intrinsic0001.png","/tmp/jl_j6LuLS/intrinsic0002.png","/tmp/jl_j6LuLS/intrinsic0003.png","/tmp/jl_j6LuLS/intrinsic0004.png","/tmp/jl_j6LuLS/intrinsic0005.png","/tmp/jl_j6LuLS/intrinsic0006.png","/tmp/jl_j6LuLS/intrinsic0007.png"]}