{"intrinsic":{"linear":[[963.7965469658842,0.0],[0.0,963.7965469658842]],"translation":[539.4382207101938,959.5082789178081]},"extrinsics":[{"linear":[[0.05071728994252189,-0.9983456269213936,0.02708811008202552],[0.9952646180827925,0.048271575919010434,-0.08436939581867603],[0.0829222315992483,0.031238824645382957,0.9960662826044138]],"translation":[-4.8995473193405825,4.850911831352986,32.28781434217713]},{"linear":[[0.10815771399788132,-0.9939016817353774,-0.021479197991105432],[0.9935678955264555,0.10734203872445014,0.036062774458009275],[-0.03353723127932766,-0.025241508791418156,0.9991186718063325]],"translation":[-5.377520630454168,4.65729046699483,27.931734274306642]},{"linear":[[0.10726801028872068,-0.991833687005217,0.06898921140538011],[0.9938162312443736,0.10896695015578084,0.021342499595347023],[-0.028685754024057063,0.06627323060923553,0.997389084771177]],"translation":[-5.401370281532431,4.672197337358482,28.04791483539219]},{"linear":[[0.060753307274694524,-0.9980727330924942,0.012643382160866662],[0.9774601067432004,0.05692322231513891,-0.20330146700610197],[0.2021899487629354,0.024709638170973672,0.9790345542424442]],"translation":[-5.908397306022092,1.583358854445919,28.517794488883023]},{"linear":[[0.9750998170701587,-0.2162831655693981,-0.04900958111454545],[0.2007641256511893,0.954802394513281,-0.2191943276711742],[0.09420250846583836,0.20389698311398563,0.9744495408566615]],"translation":[-11.625625357085758,-5.105266421517222,29.2447639976699]},{"linear":[[0.9974433617415382,-0.060971901151001665,0.037271535892306654],[0.06411534225891947,0.9938801822514859,-0.08995224407859354],[-0.03155888155116776,0.09211194601019854,0.9952484244636882]],"translation":[-1.7627067250683948,-3.0479806212300615,25.464663121329323]},{"linear":[[0.4245893514300603,0.7086878051638875,0.5634584966651871],[-0.3936753567262711,0.7049389986726405,-0.5899836621948598],[-0.8153180950761759,0.02868105581053132,0.578302516749624]],"translation":[-8.393979896649808,1.6541813162131402,22.581232482094176]},{"linear":[[0.9585262619060694,0.06903239882944773,-0.2765175096593871],[-0.19722477982326414,0.861058139036973,-0.46870168275978047],[0.20574205078214364,0.5037989768846668,0.8389617389547158]],"translation":[-3.7981776321225373,-3.0194957274279517,30.53238277136121]},{"linear":[[0.40845522159974157,0.8605028590107747,0.3044653700869586],[-0.9072201240477692,0.34596334463272027,0.23929273013046554],[0.10057822065763619,-0.37395747593118706,0.9219760450925606]],"translation":[0.08962113295286349,-0.7933895204003196,26.17273119538794]},{"linear":[[0.2663370388787205,0.9622669059280203,-0.05574032182387928],[-0.800832661410844,0.25309619486637014,0.5427792963643596],[0.5364062174685709,-0.09992356028424479,0.8380236583540952]],"translation":[0.03865580206286997,-1.0384648221327053,28.087813184653086]},{"linear":[[0.1791905610019749,0.9806745973021317,-0.07853710622437671],[-0.863010092425217,0.1183589841416735,-0.4911259830686716],[-0.4723392035603392,0.15578345573023014,0.8675408876247456]],"translation":[0.05608498366924385,-0.7871831396477951,23.852041869913915]}],"scale":{"linear":[[0.25641025641025644,0.0,0.0],[0.0,0.25641025641025644,0.0],[0.0,0.0,0.25641025641025644]]},"k":[0.0,0.0,0.0],"files":["/tmp/jl_9SAkOU/350.201 extrinsic.png","/tmp/jl_9SAkOU/intrinsic0001.png","/tmp/jl_9SAkOU/intrinsic0002.png","/tmp/jl_9SAkOU/intrinsic0003.png","/tmp/jl_9SAkOU/intrinsic0004.png","/tmp/jl_9SAkOU/intrinsic0005.png","/tmp/jl_9SAkOU/intrinsic0006.png","/tmp/jl_9SAkOU/intrinsic0007.png","/tmp/jl_9SAkOU/intrinsic0014.png","/tmp/jl_9SAkOU/intrinsic0015.png","/tmp/jl_9SAkOU/intrinsic0016.png"]}