{"intrinsic":{"linear":[[929.6333197687286,0.0],[0.0,929.6333197687286]],"translation":[539.5724689568132,959.5216086681797]},"extrinsics":[{"linear":[[0.42057036914954254,-0.9064648612332321,0.037973937678816426],[0.9071400406923232,0.41946588919355693,-0.03384249364022211],[0.014748259766745027,0.04868082941441855,0.9987054949690508]],"translation":[-0.8645425337690785,13.528766874687577,31.243803402375878]},{"linear":[[0.11684962580890762,-0.9929467041339788,0.020075051626007222],[0.9891470009368222,0.11454197650922487,-0.09202361737646679],[0.08907511148468145,0.030610102365539155,0.995554441578743]],"translation":[-9.01731242282511,5.209561029079231,33.23459347988522]},{"linear":[[0.05418852653775802,-0.9985290506855347,-0.001827164117353397],[0.9887085028444595,0.05391142823251577,-0.1398179327160785],[0.13971077265098156,0.0057699950585200915,0.9901755436094606]],"translation":[-1.2040988702938382,0.515815733587798,32.52986785737554]},{"linear":[[0.4587735496747705,-0.8848018685361437,-0.08156275837512701],[0.8619547516599712,0.46545275256489066,-0.20096701525515126],[0.21577960100437754,0.021894943816214693,0.9761965863624378]],"translation":[-1.7046975165596963,12.54507584659665,28.10657307279677]},{"linear":[[0.2209672624805914,-0.971729053136136,-0.08316319019242824],[0.8981982440312772,0.16953577115957574,0.4055829591051109],[-0.3800176092379978,-0.16431758758111212,0.9102671844467205]],"translation":[-4.486484394916651,4.9486958149364115,26.56413195415934]},{"linear":[[0.20242546925592614,-0.7771224715681274,0.5959065309093053],[0.9699643830159733,0.07529292478386673,-0.23130082394564222],[0.13488152237041254,0.6248292884151124,0.7690223242934524]],"translation":[-4.230569000323408,6.5902966420034845,28.53152415120208]},{"linear":[[0.40590810115652753,-0.9139043103046514,0.0041862897751505646],[0.6805044358598558,0.29918025435047624,-0.6688833143245866],[0.6100428888123863,0.27435394477456243,0.7433556260606862]],"translation":[-4.1833391075984805,5.529110366695398,31.246802432457944]}],"scale":{"linear":[[0.25641025641025644,0.0,0.0],[0.0,0.25641025641025644,0.0],[0.0,0.0,0.25641025641025644]]},"k":[0.0,0.0,0.0],"files":["/tmp/jl_65sc9d/196.414 extrinsic.png","/tmp/jl_65sc9d/intrinsic0007.png","/tmp/jl_65sc9d/intrinsic0008.png","/tmp/jl_65sc9d/intrinsic0009.png","/tmp/jl_65sc9d/intrinsic0010.png","/tmp/jl_65sc9d/intrinsic0011.png","/tmp/jl_65sc9d/intrinsic0012.png"]}