{"intrinsic":{"linear":[[750.9358636230852,0.0],[0.0,750.9358636230852]],"translation":[555.5360332861044,880.8515120894978]},"extrinsics":[{"linear":[[0.980921645511845,-0.16153364857358365,-0.10816471580344655],[0.18054704015682183,0.9632673813774753,0.1987931544716577],[0.0720797589961659,-0.21452932748854495,0.9740542469443718]],"translation":[-1.5678484591750625,2.691634162390442,27.82204964119009]},{"linear":[[0.9784750686469379,-0.16158192771281016,-0.12836596384159737],[0.1998610661112995,0.8969263473240763,0.39443463555923364],[0.051401306298817666,-0.4115998154913373,0.9099140056061739]],"translation":[-1.66684618393276,3.210238248029539,26.570647882177635]},{"linear":[[0.6870484328931408,-0.26979706860184915,-0.6746658377544607],[0.2756785352319171,0.9558746566825504,-0.10151347656543333],[0.6722840144399268,-0.1162462149313484,0.7311094455980383]],"translation":[-2.6785335849531764,2.720887896421297,29.39440586798577]}],"scale":{"linear":[[0.24390243902439027,0.0,0.0],[0.0,0.24390243902439027,0.0],[0.0,0.0,0.24390243902439027]]},"k":[0.0,0.0,0.0],"files":["/tmp/jl_QlFA52/177.059 extrinsic.png","/tmp/jl_QlFA52/intrinsic0003.png","/tmp/jl_QlFA52/intrinsic0004.png"]}