{"intrinsic":{"linear":[[887.3745924325766,0.0],[0.0,887.3745924325766]],"translation":[539.5582945590472,959.3779196873622]},"extrinsics":[{"linear":[[0.9594902291492104,0.24421643843496418,-0.1404878335135711],[-0.2567170465034993,0.9632682169906592,-0.07880799559788558],[0.11608125689238427,0.1116811234442845,0.9869409650351468]],"translation":[-4.9740627839859926,-5.659608281800026,30.239209167388257]},{"linear":[[0.9596473037380526,0.24439964688975077,-0.13908941379001705],[-0.2566850639232998,0.9633169321120545,-0.07831517263538917],[0.11484698684326433,0.11085711933107617,0.9871782355312735]],"translation":[-4.974014293151827,-5.66423837157335,30.26036882500997]},{"linear":[[0.9596785844642427,0.2444075030529146,-0.13885959445478369],[-0.2566942660870657,0.9632953911620622,-0.0785496220484377],[0.11456469036631733,0.11102685178536421,0.987191962033677]],"translation":[-4.973809039486725,-5.664174977683822,30.260594529579492]},{"linear":[[0.9594855489685007,0.24428708866678503,-0.1403969359755446],[-0.25673009627881954,0.9632977439410843,-0.07840353424868862],[0.11609108055868422,0.11127117698992647,0.9869861124585256]],"translation":[-4.974138521615118,-5.660653798279118,30.240763776899357]},{"linear":[[0.9217594667855991,0.3848618935653468,0.04733717643062185],[-0.38372446860464643,0.9229101148994154,-0.03150320635157046],[-0.05581234258844438,0.01087394581757552,0.9983820609952616]],"translation":[-6.739006775180152,-7.2624101287887575,25.910963490939157]},{"linear":[[0.5187525875435802,-0.8538023917259634,0.04378617133142277],[0.8525198530202343,0.512776038110572,-0.10134414115272364],[0.06407537064425138,0.08990111580314056,0.9938873861027476]],"translation":[-7.330748696551998,5.503821330780367,29.193773479695384]},{"linear":[[0.6355109531258405,0.7587655120945709,-0.14283111045199287],[-0.7720890566653202,0.6240419178712531,-0.12020887370416605],[-0.002077747516310749,0.18667239323325768,0.9824200224801134]],"translation":[-2.7836532832587846,-5.357909022595975,29.688001860314884]},{"linear":[[0.9149922686181975,0.38486448571332665,-0.12111348399555126],[-0.3908249611601924,0.7708724676860841,-0.503002473450878],[-0.10022473797949379,0.5075775469819206,0.8557569957042466]],"translation":[-2.1905323599238105,-2.580241287921889,24.361389831599674]},{"linear":[[0.7098578183334656,0.3790130581918729,0.5936758201837906],[-0.2569291365905457,0.9241353599273854,-0.28277421258438407],[-0.6558119368551394,0.04819686973160904,0.7533842082406459]],"translation":[-3.1328878001797777,-3.2906000149097037,21.978135648926592]},{"linear":[[-0.032279466554473335,-0.7215685259523942,0.6915901231176221],[0.9235551392801241,0.24300167519609228,0.296641350052826],[-0.3821046201607997,0.6482970370183577,0.658564356038944]],"translation":[-5.1462287027980915,5.03244044878803,22.945953652776627]},{"linear":[[0.8928045169930541,0.42310141805371704,-0.1545486476088774],[-0.44871771926151205,0.8053826282093983,-0.3873128329906831],[-0.039401812871314695,0.4151433634534649,0.9089023516984638]],"translation":[-2.2479570913984994,-6.979473474012701,25.003701836062]}],"scale":{"linear":[[0.25641025641025644,0.0,0.0],[0.0,0.25641025641025644,0.0],[0.0,0.0,0.25641025641025644]]},"k":[0.0,0.0,0.0],"files":["/tmp/jl_Ip0Kc6/200.0 extrinsic.png","/tmp/jl_Ip0Kc6/intrinsic0001.png","/tmp/jl_Ip0Kc6/intrinsic0002.png","/tmp/jl_Ip0Kc6/intrinsic0003.png","/tmp/jl_Ip0Kc6/intrinsic0004.png","/tmp/jl_Ip0Kc6/intrinsic0005.png","/tmp/jl_Ip0Kc6/intrinsic0006.png","/tmp/jl_Ip0Kc6/intrinsic0007.png","/tmp/jl_Ip0Kc6/intrinsic0008.png","/tmp/jl_Ip0Kc6/intrinsic0009.png","/tmp/jl_Ip0Kc6/intrinsic0010.png"]}