{"intrinsic":{"linear":[[951.0039646792957,0.0],[0.0,951.0039646792957]],"translation":[518.3133336730466,956.5760716016778]},"extrinsics":[{"linear":[[0.9808369846215912,0.18285612277110727,0.06724914842243251],[-0.1902466613918342,0.9733289164054559,0.12820697453041163],[-0.042012110488350754,-0.1385440682746778,0.9894647662843867]],"translation":[1.6962613511842655,-1.2258297723720566,29.06859568678417]},{"linear":[[0.9603970795923975,-0.04948093789643825,-0.274206284200933],[0.050682309268470956,0.9987111597851952,-0.002706076075299278],[0.27398677529692755,-0.011298500139357643,0.9616670894113992]],"translation":[1.4597615550994218,-0.5520238389760741,31.489928551870424]},{"linear":[[0.006487270833359038,0.9977379044682715,-0.0669103079084001],[-0.9942727196212731,0.013573791208857211,0.10600712810530959],[0.10667555640376018,0.06583939686449601,0.9921116366047056]],"translation":[4.8996063646777,-7.93055223331795,31.778176147333287]},{"linear":[[0.9894303812597922,-0.11945765574014094,-0.08220334010958527],[0.12004114732811741,0.9927665345715206,0.0021750363222016412],[0.08134890035059719,-0.012019830278487933,0.9966132048552361]],"translation":[6.534228979750354,-1.8930478243365458,31.090177226810297]},{"linear":[[0.8001769731841317,0.27300137963105403,-0.5340290800185158],[-0.2793350443346559,0.957567372021271,0.07096943741381179],[0.5307435770618775,0.09238492712460303,0.8424822138465267]],"translation":[-0.36664225229880726,-4.173083510283973,28.934987001623284]},{"linear":[[0.9950300104559903,0.0959630985396426,0.026577471862893526],[-0.09911801124625813,0.9289711609734997,0.35663454954075163],[0.009534051528007481,-0.3574963857135048,0.9338658554970528]],"translation":[1.1245494713287372,-3.007730508136144,22.605587146302973]},{"linear":[[0.9706839664056821,0.106200076699212,-0.21562509379015726],[-0.05161298399025804,0.9682636216357727,0.24454377706332717],[0.2347525021092512,-0.226245668965968,0.9453592756341833]],"translation":[0.42795924665272217,-3.45851151535906,21.37533572965693]}],"scale":{"linear":[[0.25641025641025644,0.0,0.0],[0.0,0.25641025641025644,0.0],[0.0,0.0,0.25641025641025644]]},"k":[0.0,0.0,0.0],"files":["/tmp/jl_XvJ5J6/220.5 extrinsic.png","/tmp/jl_XvJ5J6/intrinsic0003.png","/tmp/jl_XvJ5J6/intrinsic0004.png","/tmp/jl_XvJ5J6/intrinsic0005.png","/tmp/jl_XvJ5J6/intrinsic0006.png","/tmp/jl_XvJ5J6/intrinsic0007.png","/tmp/jl_XvJ5J6/intrinsic0008.png"]}