{"intrinsic":{"linear":[[943.0926395305335,0.0],[0.0,943.0926395305335]],"translation":[594.2930700013832,967.70518424108]},"extrinsics":[{"linear":[[0.9749361976863163,0.12424989939370214,-0.18455723486659337],[-0.12661696661995164,0.9919511293204287,-0.0010491920169826262],[0.18294139554761807,0.024390972522253897,0.9828212076743709]],"translation":[-4.867415785578508,-2.7659331400364944,37.53394692537333]},{"linear":[[0.9773450335521324,0.21129547632875167,-0.012284424039685798],[-0.10163093025908626,0.519420713360678,0.8484534616268338],[0.18565516261513876,-0.8279832994782506,0.5291274103459921]],"translation":[-8.939837170741216,-6.674601040655533,24.11495590946196]},{"linear":[[0.9772737839183732,0.2114300340259453,-0.015273898574116596],[-0.09904353131494625,0.5191279807836502,0.8489384656570552],[0.1874201968052804,-0.8281325257948015,0.5282709433143113]],"translation":[-8.946177271170706,-6.676539414941462,24.116748994968148]},{"linear":[[0.997784953901918,-0.06458486152001541,-0.015936794827941525],[0.04928675751159642,0.5568410818789543,0.8291554890766079],[-0.044676630366899485,-0.8281043443880222,0.5587908316219435]],"translation":[-7.849900968533011,-3.3239790086996126,28.767905334432974]},{"linear":[[0.9792349051771819,0.12665401547394475,-0.15829643346254288],[-0.1266246941660301,0.9918970912035906,0.010312482204373119],[0.1583198891800864,0.009945894941227136,0.9873377800245585]],"translation":[-4.877198163750651,-2.7635152555766958,37.52740667642592]},{"linear":[[0.9887147995148021,0.10192648018017271,-0.10979088240143418],[-0.04771092282985483,0.9089444114941293,0.4141783729944319],[0.1420095527178659,-0.4042660627008801,0.9035497980107127]],"translation":[-5.452721258696474,-1.9718083793795427,34.77502180615511]}],"scale":{"linear":[[0.24390243902439027,0.0,0.0],[0.0,0.24390243902439027,0.0],[0.0,0.0,0.24390243902439027]]},"k":[0.0,0.0,0.0],"files":["/tmp/jl_pZ2pyW/127.454 extrinsic.png","/tmp/jl_pZ2pyW/intrinsic0001.png","/tmp/jl_pZ2pyW/intrinsic0002.png","/tmp/jl_pZ2pyW/intrinsic0003.png","/tmp/jl_pZ2pyW/intrinsic0004.png","/tmp/jl_pZ2pyW/intrinsic0005.png"]}