{"intrinsic":{"linear":[[924.9089025568024,0.0],[0.0,924.9089025568024]],"translation":[539.4412721526907,959.4885122568149]},"extrinsics":[{"linear":[[0.9467467788387287,0.2998615604460826,-0.11727566382387918],[-0.30626738833640055,0.9510776583036935,-0.04063957082897471],[0.09935201860099073,0.07439309405047734,0.9922675264048024]],"translation":[-6.482193445767662,-5.832152117384861,31.487836600632676]},{"linear":[[0.9444348604128544,0.30422739128277865,-0.124452757423158],[-0.3136008837266735,0.9474041219125696,-0.06387421630769644],[0.09847476916856263,0.09935353127266344,0.9901674583932004]],"translation":[-6.51626303490291,-8.129483883695402,31.767307715599532]},{"linear":[[0.9443727979267693,0.30440015450833124,-0.12450126293041905],[-0.31376091689133323,0.9473634188796209,-0.06369175457016071],[0.09856016217252878,0.09921239087946501,0.9901731141212153]],"translation":[-6.515755145693157,-8.129678068215942,31.767414705736723]},{"linear":[[0.9444403965159615,0.3058739799612744,-0.12030563499447247],[-0.3146067505101424,0.947230158683375,-0.061462338176456674],[0.09515739573055979,0.09589647993184112,0.9908324455600249]],"translation":[-6.520462756738836,-8.1411781047374,31.82133246227942]},{"linear":[[0.9328852976296221,0.2980761175227439,-0.20217727278074205],[-0.32103269849757343,0.9426322277362585,-0.09155593770119308],[0.16328817459282624,0.15031670364781827,0.9750599266930197]],"translation":[-6.448965492906529,-8.08582430734575,31.896379941778186]},{"linear":[[0.983581440998419,-0.08066100138824393,-0.16143528665852153],[0.10449165105717416,0.983893017896566,0.14503800947935425],[0.1471361403014877,-0.15952533400508273,0.9761673135419703]],"translation":[-2.678129056899914,-9.234038272240928,27.66677901594039]},{"linear":[[0.9461546905157852,0.3029129798460469,-0.11417104823801574],[-0.30849426882097497,0.9506020385823404,-0.034453597021364316],[0.09809478946198413,0.06781954647361545,0.9928634958525377]],"translation":[-6.484831325087055,-5.839638132202962,31.583490406893564]},{"linear":[[0.9461200337427464,0.300685806040121,-0.12018705336527258],[-0.3068457964087184,0.9510744901040484,-0.036096696519537175],[0.10345307620812202,0.0710306998369504,0.9920948042922861]],"translation":[-6.473442743033124,-5.836872055939907,31.507526344419443]},{"linear":[[0.038226401200397386,0.9990221558007553,-0.02221428527947401],[-0.9987140238780168,0.038936593949252696,0.032469064677183884],[0.03330226359643413,0.020944542746086002,0.9992258430247443]],"translation":[-2.448204303332613,8.014490847968384,29.756482834183902]},{"linear":[[0.3836230507599758,0.9212096346400559,-0.06485494562439953],[-0.9130739221637881,0.3888776529472049,0.12276067653247043],[0.13830895701307824,0.012123534328244798,0.990314925831852]],"translation":[-4.5422134352695345,-8.458323141295585,25.778697197106055]},{"linear":[[0.9890695021707563,0.1069583080702289,-0.10149601081050655],[-0.11191783221935699,0.9927214004164093,-0.04448168147230222],[0.09599957659808878,0.05535468805835242,0.993841003281184]],"translation":[-6.326207520238523,-1.7067880102970512,30.9551417112187]},{"linear":[[0.8324348098975899,0.009808668460014523,0.5540361696620578],[-0.04441999291432386,0.9978068256459077,0.049075481902150775],[-0.5523397066120218,-0.06546242217851725,0.8310448362045618]],"translation":[-6.464079679288626,-2.4731300167141956,24.090461669385437]},{"linear":[[0.7596251095404394,0.25347160040376937,-0.5989339201818739],[-0.35145251950965595,0.934863853833249,-0.0501068989896641],[0.547220996934502,0.24855929390147008,0.7992292899595286]],"translation":[-7.5128199484324325,-1.998506331333298,24.32395922596149]},{"linear":[[0.9711356852001499,0.20961904456410818,0.11382151416523059],[-0.22654073048232076,0.9599177833409923,0.1650368039506707],[-0.07466443841194989,-0.18605833865147256,0.9796976657392228]],"translation":[-5.763567392057843,-0.6485196850546978,24.280386316010027]},{"linear":[[0.8149346897614267,-0.30730320881919776,-0.49137174244442633],[0.26215939811261085,0.9516098456535484,-0.1603469726451459],[0.5168693272043532,0.0018545901579803542,0.8560622986037085]],"translation":[-9.709233452164687,4.620378425469774,24.74099878376958]},{"linear":[[0.871602967972131,0.474346821866952,0.1237067451956223],[-0.47898000128012697,0.8777801029871964,0.00895819030141665],[-0.10433803043886788,-0.06706104222653342,0.9922783843355801]],"translation":[-4.440272193251805,-7.04909161303969,25.00693441682621]},{"linear":[[0.9576810440348774,0.18579565540395054,0.21983401085656326],[-0.24822524992428302,0.9197597212841774,0.3040169080878221],[-0.14570944786215598,-0.34571958222852883,0.9269556231381505]],"translation":[-5.142258361898217,-5.916764450212499,25.563043254149527]}],"scale":{"linear":[[0.25641025641025644,0.0,0.0],[0.0,0.25641025641025644,0.0],[0.0,0.0,0.25641025641025644]]},"k":[0.0,0.0,0.0],"files":["/tmp/jl_cZswtz/543.0 extrinsic.png","/tmp/jl_cZswtz/intrinsic0001.png","/tmp/jl_cZswtz/intrinsic0002.png","/tmp/jl_cZswtz/intrinsic0003.png","/tmp/jl_cZswtz/intrinsic0004.png","/tmp/jl_cZswtz/intrinsic0005.png","/tmp/jl_cZswtz/intrinsic0006.png","/tmp/jl_cZswtz/intrinsic0007.png","/tmp/jl_cZswtz/intrinsic0008.png","/tmp/jl_cZswtz/intrinsic0009.png","/tmp/jl_cZswtz/intrinsic0010.png","/tmp/jl_cZswtz/intrinsic0011.png","/tmp/jl_cZswtz/intrinsic0012.png","/tmp/jl_cZswtz/intrinsic0013.png","/tmp/jl_cZswtz/intrinsic0014.png","/tmp/jl_cZswtz/intrinsic0015.png","/tmp/jl_cZswtz/intrinsic0016.png"]}