{"intrinsic":{"linear":[[1307.2651152879685,0.0],[0.0,1307.2651152879685]],"translation":[539.4921893519593,959.5093545368644]},"extrinsics":[{"linear":[[0.9721054854472576,-0.14718061817230674,-0.1826165129383698],[0.1489414104368871,0.9888374721847123,-0.004112160067316626],[0.18118328129389552,-0.02320170764763118,0.9831756197861149]],"translation":[-7.508327236745008,-0.9104999182399783,49.79349751057982]},{"linear":[[0.9721751883237958,-0.14704526819880032,-0.18235430433070368],[0.14904384471389687,0.9888267017684377,-0.002772403768012901],[0.1807244741602305,-0.024483524462298546,0.9832289771306643]],"translation":[-7.508427989767728,-0.9106135629315529,49.78702314885522]},{"linear":[[0.9764222575528974,-0.1210245454957558,-0.17875299813667178],[0.12291238906587819,0.9924173905175031,-0.0005173128143520743],[0.177460191506212,-0.02146584230761611,0.9838938449063512]],"translation":[-7.192593167797188,-1.0898290218562108,49.69026049797443]}],"scale":{"linear":[[0.24390243902439027,0.0,0.0],[0.0,0.24390243902439027,0.0],[0.0,0.0,0.24390243902439027]]},"k":[0.0,0.0,0.0],"files":["/tmp/jl_PU8RZK/191.29 extrinsic.png","/tmp/jl_PU8RZK/intrinsic0003.png","/tmp/jl_PU8RZK/intrinsic0004.png"]}