{"intrinsic":{"linear":[[908.3770641032157,0.0],[0.0,908.3770641032157]],"translation":[574.1346843878866,954.249342506559]},"extrinsics":[{"linear":[[0.11786845992456735,-0.9930215195382521,-0.003909973011602813],[0.9125070207733317,0.10986312846235607,-0.3940317627347346],[0.3917115816444403,0.042876039210783895,0.9190885061120101]],"translation":[-0.8218230061524409,-2.4536498400031146,30.31442814794003]},{"linear":[[0.15518286793802266,0.9741836178853995,-0.16396510647770243],[-0.8313812506536291,0.21843666939996836,0.5109702902547825],[0.5335948777491571,0.05702368021412674,0.8438156234241574]],"translation":[5.277172236241935,-3.7350363000193454,20.951702851012087]},{"linear":[[0.14522067351810558,0.9741097848719986,-0.17326593144520983],[-0.8246419516218999,0.2159321848282471,0.5228182697463084],[0.5466960834029925,0.06695833459643466,0.8346496114058282]],"translation":[5.255385798082855,-3.7185190733566578,20.826606076789346]},{"linear":[[0.09237488489754458,-0.9952546176626083,0.030579840768406544],[0.9768193799986109,0.08462225858748212,-0.19662902179150205],[0.19310820671140588,0.04803456435535791,0.9800009699627323]],"translation":[-0.8287979918323709,-2.4900656466649833,30.77464571664457]},{"linear":[[0.7942794935685644,0.5953211734462459,-0.12129627588285459],[-0.5482905695264012,0.7883766754301078,0.27899761469622875],[0.26172034209224054,-0.15509647992251624,0.952600411741862]],"translation":[-2.6943207334469497,-0.33639424030691617,29.42698023541058]},{"linear":[[0.722790578757331,0.6907717398613555,0.02020353109133552],[-0.6671329542309155,0.7050868773544385,-0.24038743054015638],[-0.18029808828374763,0.1602713286632485,0.9704667436701493]],"translation":[5.5347889956923435,-1.976148508378043,25.551747621936236]},{"linear":[[0.9787057872748084,0.17038386578327644,-0.11447410290342522],[-0.1513107702403095,0.9756846359408129,0.15857030616836115],[0.13870844517938266,-0.13787251165402759,0.9806891137185771]],"translation":[-1.5367964831373973,-1.685956991744265,27.045634118088806]},{"linear":[[0.9232935555386984,0.15373664438664716,-0.3519858725480928],[-0.13768412778289627,0.9879741183164011,0.0703578175726964],[0.3585695068705254,-0.016498051692952122,0.9333572322712055]],"translation":[-3.123948284229752,-3.488753251393405,24.718095900177243]},{"linear":[[0.8422436005204402,0.07758005617272841,-0.5334857563858678],[-0.2243724795577967,0.9502540113932597,-0.21604236678972205],[0.4901864010756024,0.3016598228389969,0.8177521895325587]],"translation":[-1.3897533938899707,-3.7842505373632673,24.088308507020127]},{"linear":[[0.94463566511218,0.30345846614940586,-0.12480552680197785],[-0.29231947495128063,0.9510801869585467,0.09997901049272105],[0.14903954093554148,-0.05796065300827703,0.9871310844769184]],"translation":[0.879543638327182,-2.8973296838056593,9.87573362152766]}],"scale":{"linear":[[0.25641025641025644,0.0,0.0],[0.0,0.25641025641025644,0.0],[0.0,0.0,0.25641025641025644]]},"k":[0.0,0.0,0.0],"files":["/tmp/jl_P49vUf/226.7 extrinsic.png","/tmp/jl_P49vUf/intrinsic0001.png","/tmp/jl_P49vUf/intrinsic0002.png","/tmp/jl_P49vUf/intrinsic0003.png","/tmp/jl_P49vUf/intrinsic0004.png","/tmp/jl_P49vUf/intrinsic0005.png","/tmp/jl_P49vUf/intrinsic0006.png","/tmp/jl_P49vUf/intrinsic0007.png","/tmp/jl_P49vUf/intrinsic0008.png","/tmp/jl_P49vUf/intrinsic0009.png"]}