{"intrinsic":{"linear":[[1051.995866711226,0.0],[0.0,1051.995866711226]],"translation":[539.4660725953382,959.3239820545278]},"extrinsics":[{"linear":[[0.2564082193384647,0.9659872003755495,0.03351945354992961],[-0.9663113902388584,0.2569857564871314,-0.014163970396102128],[-0.022296236236696777,-0.028758471331852047,0.9993376947640535]],"translation":[-1.368051896460454,-6.61610324851419,31.479791933328194]},{"linear":[[0.2200797449379886,-0.9751962713176582,0.023603776735234755],[0.9161259301521921,0.1983161364203972,-0.3484020524309057],[0.33507937264297694,0.09830026675153705,0.9370479558623275]],"translation":[-0.4307500708892842,-3.4084852563621446,30.210872995858686]},{"linear":[[0.21450086437364319,-0.9766698464998954,0.010265969064356895],[0.9193679378992593,0.1983448945623249,-0.3397379836932036],[0.3297756418321753,0.08231229397198633,0.9404640941127129]],"translation":[-0.4216004440661389,-3.4324987157098112,30.398325343416783]},{"linear":[[0.4332105542801389,-0.8988354043797855,-0.0665096345932121],[0.8412196658969633,0.42972366359046343,-0.3281570457244394],[0.3235399347352603,0.08621188307778622,0.9422788450600416]],"translation":[-2.283179455837327,-5.634852959283223,34.87506123952492]},{"linear":[[0.747282278073657,0.6643639935765501,0.01377246949764014],[-0.6570054058752365,0.7417932288258211,-0.13448681094768677],[-0.09956451942213929,0.09145102354364722,0.9908196691452273]],"translation":[2.9606299903346307,-0.7500040042741644,31.970398284624338]},{"linear":[[0.5592998554444282,-0.8228382148618595,0.10060290186068299],[0.8289645225605135,0.5553440733973296,-0.06641370700752593],[-0.0012214891984722656,0.12054141323798111,0.9927075479005527]],"translation":[-0.5918807096787464,-5.152249802964309,33.11254427310047]},{"linear":[[0.2693879861494714,0.9607950702671344,-0.06559684343552144],[-0.9469007656655297,0.27667534152330736,0.16379772701412787],[0.17552507769650974,0.01798856145814033,0.984310600753797]],"translation":[-2.73439632246011,-10.8141984933881,36.418276881762935]},{"linear":[[0.9771161934110969,0.1439105516553548,-0.15663236477835396],[-0.12929921568529376,0.9865673172554882,0.09983306739991905],[0.16889540371773226,-0.07729606487758837,0.9825984230383559]],"translation":[0.6636654622049514,-3.431389925508263,30.357472052660267]},{"linear":[[0.9708818587059138,0.23288296036076211,-0.05615997871578501],[-0.1713722411662541,0.8389897290244164,0.5164569580799462],[0.16739167062134536,-0.49179442998588724,0.8544695823968522]],"translation":[0.46913404811968623,-4.149193112589586,27.980165305145484]},{"linear":[[0.9685627749054116,0.18268722465839826,-0.16885357270173743],[-0.19874228558249207,0.976486448942108,-0.08352076959582592],[0.1496250479999127,0.11445345332948147,0.9820961012202319]],"translation":[-0.4498468827472285,-2.7745056740528637,15.085336795725507]}],"scale":{"linear":[[0.25641025641025644,0.0,0.0],[0.0,0.25641025641025644,0.0],[0.0,0.0,0.25641025641025644]]},"k":[0.0,0.0,0.0],"files":["/tmp/jl_GnOZbB/311.5 extrinsic.png","/tmp/jl_GnOZbB/intrinsic0001.png","/tmp/jl_GnOZbB/intrinsic0002.png","/tmp/jl_GnOZbB/intrinsic0003.png","/tmp/jl_GnOZbB/intrinsic0004.png","/tmp/jl_GnOZbB/intrinsic0005.png","/tmp/jl_GnOZbB/intrinsic0006.png","/tmp/jl_GnOZbB/intrinsic0007.png","/tmp/jl_GnOZbB/intrinsic0008.png","/tmp/jl_GnOZbB/intrinsic0009.png"]}