{"intrinsic":{"linear":[[951.8645052168557,0.0],[0.0,951.8645052168557]],"translation":[539.4114448471645,959.6203632893287]},"extrinsics":[{"linear":[[0.9902201839486007,-0.0069834641767337995,-0.13933850339691387],[0.0038295388549461247,0.9997306487222728,-0.022890273862539647],[0.13946082580050198,0.022132808982049328,0.9899802103242297]],"translation":[-0.8852411188898015,-5.855603289008326,32.17635600478355]},{"linear":[[0.6701828865793524,-0.7414335041110178,-0.033634171876591866],[0.72792835602569,0.6654672571009286,-0.16514732277667424],[0.14482819832443966,0.08619564204891059,0.9856952390378442]],"translation":[-6.3651088098705655,2.0973920851805294,32.79318204330596]},{"linear":[[0.6697482065706079,-0.7415075738928273,-0.04004819165739708],[0.7285246943307967,0.6665540691165798,-0.15797924766990354],[0.14383709377512294,0.07663022121658541,0.986629970987413]],"translation":[-6.364509566290527,2.094788017540832,32.76252955098123]},{"linear":[[0.9699039092161877,-0.1770370256545632,-0.16716548218619298],[0.16254264139197494,0.9819376684896116,-0.0968416487390902],[0.18129064128210454,0.06675557466287756,0.981161249048775]],"translation":[-1.876248636816114,-4.8809668154180486,28.71776827940193]},{"linear":[[0.4835778040662588,0.8687336888629169,-0.10702469457598962],[-0.8530153295339169,0.4951449110613603,0.16491320332278087],[0.19625838834199727,0.011545340387641767,0.9804842426682518]],"translation":[-0.7180667278778898,-9.705486665248115,32.189786795710475]},{"linear":[[0.9165841333633561,0.356723780917789,-0.18061470204350177],[-0.35969270086758265,0.9329125943459934,0.017182905843073068],[0.17462728139992723,0.04921621113358357,0.9834038220143978]],"translation":[-7.166322034908597,-2.9230291431110538,33.14580379071277]},{"linear":[[0.3695696362033281,0.9178840294968632,0.14459319621317426],[-0.928651580978208,0.359490812132546,0.09150189691453178],[0.03200820431100244,-0.16809302301667442,0.985251343805174]],"translation":[1.0101004902330188,4.372282142298623,30.83028869168355]},{"linear":[[0.7021155570417477,0.1606120362395385,0.6937128500863636],[-0.1311597845402006,0.9867308331356337,-0.09570461775079775],[-0.6998791720570949,-0.023791526946527038,0.7138649086250339]],"translation":[-3.726342337462269,-1.7441393261878986,23.1913191806989]},{"linear":[[0.20737274415518725,-0.7567014094000877,0.6199996145107415],[0.8376156115756608,0.4647517975211467,0.28706419829995267],[-0.5053678187481655,0.4597920657349187,0.7302017694178352]],"translation":[-5.7643957711740565,0.5915245282267043,22.860940417528983]},{"linear":[[0.5554878830741936,-0.8191977774145117,0.1426471634378851],[0.7322432460850247,0.5632020563981102,0.38291418390000354],[-0.3940216241789488,-0.10825176741311743,0.9127039577712586]],"translation":[-6.0448275830529345,0.37552394024203073,21.53082326123652]},{"linear":[[0.7986698518662266,-0.04458848530276943,-0.6001152678430904],[-0.1938466466008149,0.9250310109696432,-0.32671257451481445],[0.569692851738196,0.3772658157359134,0.7301510521498394]],"translation":[-4.016054937039204,-0.8287597958663295,25.81148001763913]},{"linear":[[0.8072996762092581,0.420697339941524,0.4138610648014052],[-0.3862460739392985,0.9068868365814391,-0.1684346638960888],[-0.44618516689700155,-0.023874961810152653,0.894622145399754]],"translation":[-2.433730859608487,-10.876443011527664,24.10235891814055]}],"scale":{"linear":[[0.25641025641025644,0.0,0.0],[0.0,0.25641025641025644,0.0],[0.0,0.0,0.25641025641025644]]},"k":[0.0,0.0,0.0],"files":["/tmp/jl_O2GNU1/284.323 extrinsic.png","/tmp/jl_O2GNU1/intrinsic0001.png","/tmp/jl_O2GNU1/intrinsic0002.png","/tmp/jl_O2GNU1/intrinsic0003.png","/tmp/jl_O2GNU1/intrinsic0004.png","/tmp/jl_O2GNU1/intrinsic0005.png","/tmp/jl_O2GNU1/intrinsic0006.png","/tmp/jl_O2GNU1/intrinsic0007.png","/tmp/jl_O2GNU1/intrinsic0008.png","/tmp/jl_O2GNU1/intrinsic0009.png","/tmp/jl_O2GNU1/intrinsic0010.png","/tmp/jl_O2GNU1/intrinsic0011.png"]}