{"intrinsic":{"linear":[[886.1327073458749,0.0],[0.0,886.1327073458749]],"translation":[539.4750078564927,959.5601921287175]},"extrinsics":[{"linear":[[0.9672833198712703,-0.13691012606584632,-0.21358510359912222],[0.15897225711343774,0.9831985488892538,0.08971307000835721],[0.19771393619841968,-0.12073206219848734,0.9727964682245858]],"translation":[-5.75396570484207,-4.237517183061913,30.75163870107249]},{"linear":[[0.9569538935266082,-0.13466514004693303,-0.2571080428932651],[0.16522382331930557,0.9810591917520897,0.10111355243728459],[0.2386217380542184,-0.1392413815461356,0.9610783026336136]],"translation":[-5.732915678287024,-4.230380268997634,30.661896884381715]},{"linear":[[0.9729005422988993,-0.14726174047183518,-0.17826529271766178],[0.15991966383569475,0.9853787790847338,0.05877382791819886],[0.16700370029788614,-0.08568921473957805,0.98222559657348]],"translation":[-5.76542235400747,-4.22308840323557,30.667686467694715]},{"linear":[[0.9559985037363782,-0.13222811301054535,-0.2618827733614342],[0.16538360840880303,0.9802085150438374,0.10880960024390735],[0.24231203627448958,-0.14733293306394762,0.9589462361943367]],"translation":[-5.729102542792818,-4.233475473889765,30.670508370795293]},{"linear":[[0.9571836761538285,-0.1345486071956914,-0.25631247025133663],[0.16665776964938883,0.9800951642855212,0.10788260638132778],[0.23669515821016285,-0.14597993439454887,0.9605546631160714]],"translation":[-5.740165272268361,-4.225819425806919,30.702655917245462]},{"linear":[[0.9599186765883229,-0.14169390467966664,-0.241824257909649],[0.16537822632014665,0.9829371294435886,0.08052727376734058],[0.22628781804623344,-0.11729210091829458,0.9669727951013137]],"translation":[-5.737700069947382,-4.2170954574317125,30.689061404913094]},{"linear":[[0.9789548670589862,-0.16550430301153102,-0.11939721079736319],[0.15843332506160546,0.9851257129251926,-0.0665297771193823],[0.12863222679968778,0.04621315200566121,0.9906150083711912]],"translation":[-5.736925587231661,-4.169109225057574,30.509146933396764]},{"linear":[[0.9882301784449127,-0.08491062060091911,-0.1272450428107233],[0.07012725475643086,0.990715217883997,-0.1164711345930444],[0.13595323663327286,0.10617694458888516,0.9850092252800001]],"translation":[-1.4430490316858304,-11.997670654780261,28.137438550548726]},{"linear":[[0.9891208227372594,0.05359962819898635,-0.13699298480030833],[-0.05422376083549785,0.9985284684010465,-0.0008255625445455542],[0.13674714544889707,0.008244855947234874,0.990571673611752]],"translation":[-0.3905845495111839,-12.19130047171898,30.0991277691996]},{"linear":[[0.40489216470511763,0.9141146045030237,-0.021373460054103996],[-0.9115892615182191,0.4053727961400951,0.0683952807891666],[0.07118534431378304,-0.008208896627530195,0.9974293262036598]],"translation":[4.2485778691222125,1.2517952437376785,29.241880711825306]},{"linear":[[0.35748435506367915,0.9065274679666736,-0.2245281401219827],[-0.8083631711639564,0.1799478408811151,-0.5605066976120597],[-0.46771136333261926,0.3818726546692709,0.7971319565952593]],"translation":[-0.6602076388668199,1.901300468505561,25.076809763955296]},{"linear":[[0.11341325169717303,0.7727431778381152,-0.624504135650137],[-0.9696240957524268,0.22318905636415193,0.10007875926273294],[0.21671766719804442,0.5941840003096098,0.7745830016856212]],"translation":[3.1269390603286595,1.1787905240197667,28.249789115015098]},{"linear":[[0.3518880433498555,0.933886371746741,-0.06349054743123377],[-0.9347580619368917,0.3541476093382859,0.028404866554216514],[0.04901194335461811,0.049352968154755365,0.9975781242303379]],"translation":[3.048200150729132,-6.770542290425455,16.487842220209245]},{"linear":[[-0.05965352384604794,0.7423287020890622,-0.667375123260912],[-0.9464869164140931,0.1703723548659607,0.27410906178813005],[0.31718129539695544,0.6480133939604917,0.6924410928722485]],"translation":[5.0661628021449685,0.25139625055803055,17.057794021789494]},{"linear":[[0.20912126680168014,0.9773580557396919,-0.03224169120858209],[-0.9753616258390976,0.20609797120953582,-0.07869768169282632],[-0.07027086602406879,0.04790466724696401,0.9963770110977996]],"translation":[5.670783229944839,-0.5623136825174085,18.73195573603318]}],"scale":{"linear":[[0.25641025641025644,0.0,0.0],[0.0,0.25641025641025644,0.0],[0.0,0.0,0.25641025641025644]]},"k":[0.0,0.0,0.0],"files":["/tmp/jl_mlBAAR/321.0 extrinsic.png","/tmp/jl_mlBAAR/intrinsic0001.png","/tmp/jl_mlBAAR/intrinsic0002.png","/tmp/jl_mlBAAR/intrinsic0003.png","/tmp/jl_mlBAAR/intrinsic0004.png","/tmp/jl_mlBAAR/intrinsic0005.png","/tmp/jl_mlBAAR/intrinsic0006.png","/tmp/jl_mlBAAR/intrinsic0007.png","/tmp/jl_mlBAAR/intrinsic0008.png","/tmp/jl_mlBAAR/intrinsic0009.png","/tmp/jl_mlBAAR/intrinsic0019.png","/tmp/jl_mlBAAR/intrinsic0020.png","/tmp/jl_mlBAAR/intrinsic0022.png","/tmp/jl_mlBAAR/intrinsic0023.png","/tmp/jl_mlBAAR/intrinsic0024.png"]}