{"intrinsic":{"linear":[[990.8166735695024,0.0],[0.0,990.8166735695024]],"translation":[539.5664110774369,959.9337088991678]},"extrinsics":[{"linear":[[0.9929781012031312,0.11812355058884888,-0.006427855576151312],[-0.11818704062785265,0.992934717130954,-0.010605231902341188],[0.005129713311141756,0.011290452265334188,0.9999231029079135]],"translation":[-11.223113291202402,0.09053992641252415,34.19314043786221]},{"linear":[[0.9368462846222415,0.3471768555258314,-0.042276115913099016],[-0.3478362878580003,0.9123113853378132,-0.21609686030150047],[-0.03645484657309847,0.2171547079162592,0.975456240428619]],"translation":[-7.177571039338885,-3.0999665240493357,31.486160082407537]},{"linear":[[0.9374086855616157,0.34549436716909165,-0.04357291002529718],[-0.34626690165318075,0.9115238388922278,-0.2218637508712996],[-0.03693492998707614,0.22306486362850722,0.9741036277323092]],"translation":[-7.171097222930013,-3.0993488751761054,31.467232739450726]},{"linear":[[0.8164007695680865,0.5761246421062056,0.03962549944963094],[-0.551966061139401,0.7986566970123806,-0.23975184601485244],[-0.1697741169875171,0.1738616607400006,0.970025191490323]],"translation":[-4.698184974875757,-6.4083853323675575,32.158698986753144]},{"linear":[[0.06636391229728111,0.997420406356355,-0.02735624478107959],[-0.9977358811564474,0.06663467194723471,0.009106697944468535],[0.010906080761031877,0.026689950888077373,0.9995842655444441]],"translation":[-2.5190731404010434,6.934767913094891,33.022073773406724]},{"linear":[[0.9264916020264433,0.3531013350473306,0.13012593347318355],[-0.31676503812656304,0.9184473604514434,-0.2368846907262125],[-0.2031581206724252,0.17825233032857957,0.9627839242204241]],"translation":[-6.749558857364831,-1.2159443980242768,27.103491368244747]},{"linear":[[0.8474186446888023,0.23999333887264096,-0.4735872020341715],[-0.4168452125741644,0.8531954460520592,-0.31352448004905054],[0.3288186572988112,0.4630990478642658,0.8230538029068437]],"translation":[-3.2433509760462296,1.9330911652448923,23.48123812027392]},{"linear":[[0.895592924095704,0.4248702600393742,0.13190366349643692],[-0.3391513919522945,0.8439380339505519,-0.4156259474437301],[-0.28790562281158705,0.327496346522754,0.8999202716728413]],"translation":[-4.108207517715095,2.128764640582689,20.61114781903662]},{"linear":[[0.943643819971199,0.13774045192355625,0.30093838062642964],[-0.15083689906861922,0.9883438620333316,0.02060680131417357],[-0.294592211216669,-0.06483809285391676,0.9534209200586803]],"translation":[-3.0731542887833547,-0.3371608425897181,7.271972021240876]}],"scale":{"linear":[[0.25641025641025644,0.0,0.0],[0.0,0.25641025641025644,0.0],[0.0,0.0,0.25641025641025644]]},"k":[0.0,0.0,0.0],"files":["/tmp/jl_xG1zdW/233.037 extrinsic.png","/tmp/jl_xG1zdW/intrinsic0001.png","/tmp/jl_xG1zdW/intrinsic0002.png","/tmp/jl_xG1zdW/intrinsic0003.png","/tmp/jl_xG1zdW/intrinsic0004.png","/tmp/jl_xG1zdW/intrinsic0005.png","/tmp/jl_xG1zdW/intrinsic0006.png","/tmp/jl_xG1zdW/intrinsic0007.png","/tmp/jl_xG1zdW/intrinsic0008.png"]}