{"intrinsic":{"linear":[[963.7847721451191,0.0],[0.0,963.7847721451191]],"translation":[539.4745384414091,959.6674092652732]},"extrinsics":[{"linear":[[0.9501583854832644,-0.2768931072166471,-0.14328031850797524],[0.2834099501225262,0.9586226612004,0.026858771465026993],[0.129914751538783,-0.06612715485315894,0.9893176217593836]],"translation":[-10.235780295981886,0.18273249104938416,38.39225847951148]},{"linear":[[0.9510571813028534,-0.27598945909903144,-0.13899660556465124],[0.28304414085447444,0.9585235714459024,0.03344513881783672],[0.12400101701286012,-0.0711504142561094,0.9897279254072608]],"translation":[-10.22731344392048,0.18270154541676,38.33500641398681]},{"linear":[[0.9508978292921624,-0.2759061347040235,-0.14024665086959812],[0.28307108017558225,0.9585100540235345,0.0336041649804006],[0.12515622963193965,-0.07165389848770352,0.98954617730343]],"translation":[-10.228496219758382,0.18313003020731228,38.342074167941014]},{"linear":[[0.9481334344838107,-0.27521843144434605,-0.15905283841304835],[0.28236822067760164,0.9590108434522183,0.023798951498545932],[0.145983486618517,-0.06747604859784453,0.9869831834941883]],"translation":[-10.183637829498105,0.16427307281706632,38.20065699700607]},{"linear":[[0.9488999004873496,-0.3058479980499081,-0.07775590616770865],[0.29093090083381484,0.9432807672016718,-0.15993937966445476],[0.1222627899040551,0.1291448656210885,0.9840596597201757]],"translation":[-10.325473758954772,0.015954565852065415,37.88260181426527]}],"scale":{"linear":[[0.24390243902439027,0.0,0.0],[0.0,0.24390243902439027,0.0],[0.0,0.0,0.24390243902439027]]},"k":[0.0,0.0,0.0],"files":["/tmp/jl_Qo4RaF/323.0 extrinsic.png","/tmp/jl_Qo4RaF/intrinsic0001.png","/tmp/jl_Qo4RaF/intrinsic0002.png","/tmp/jl_Qo4RaF/intrinsic0003.png","/tmp/jl_Qo4RaF/intrinsic0005.png"]}