{"intrinsic":{"linear":[[872.3003101195754,0.0],[0.0,872.3003101195754]],"translation":[539.5903894566675,959.4796251599741]},"extrinsics":[{"linear":[[0.9970380889373011,0.01827558544600776,-0.07470644004943648],[-0.014217979154627369,0.9984131120321781,0.054489510834471074],[0.07558371700976978,-0.053265943142190096,0.9957157430834161]],"translation":[-2.3224581026083797,-8.03791808958689,29.32422254095931]},{"linear":[[0.9841799368701551,-0.17471362034872062,-0.02941092869836628],[0.17698900904007758,0.9770624250058026,0.11842258366034579],[0.008046274993350252,-0.12175454203611201,0.992527626291736]],"translation":[8.58571622102453,-6.902579005595741,28.748912042557663]},{"linear":[[0.9841760386693902,-0.17469617076895905,-0.02964410274725436],[0.17700050858370842,0.9770542157108401,0.11847311730001815],[0.008267095628795282,-0.12184542453591758,0.9925146586572545]],"translation":[8.586204086352774,-6.902711632859748,28.750542401707786]},{"linear":[[0.9847115994883351,0.1551842118135428,-0.07912601491882609],[-0.15283213660732048,0.9876322150962493,0.03499922462165698],[0.08357872847301606,-0.022371144536776452,0.9962500328928219]],"translation":[-0.5593552089415282,-7.981538102893449,24.87693822371981]},{"linear":[[0.9837227530110171,-0.046708103632488666,0.17351627665288905],[0.022361560941169624,0.9899409686858882,0.13970268111070638],[-0.17829611829958492,-0.13354861127058587,0.9748719211398995]],"translation":[-3.9905854633989772,-4.508902797719345,23.60489454251072]},{"linear":[[0.9946311723478288,0.012159628112167488,-0.10276660176417954],[-0.005185950023828755,0.9976816473950841,0.06785599732802902],[0.10335345623797026,-0.0669587477123409,0.9923883258021836]],"translation":[-5.159439560397683,0.7926551016729149,30.1060867691893]},{"linear":[[0.9950375776164893,0.05395789095785221,-0.08359883452829667],[-0.049596338539999146,0.9973407815276045,0.05340008151054387],[0.08625788273853463,-0.04898889165195988,0.9950676691362139]],"translation":[-12.758396809893162,-7.552447144265293,30.226068281278987]},{"linear":[[0.2478122120177466,-0.9660391878824011,-0.07319422825867061],[0.9655709667147248,0.2524492365198534,-0.06278607503368254],[0.07913163597742345,-0.05511506559965371,0.9953393962520938]],"translation":[-2.567688454780856,-8.018602709350349,29.295656099636812]},{"linear":[[0.4545958423792459,-0.8521876291638095,-0.25907308774102544],[0.46873988644872866,-0.018436776012428047,0.8831438184929452],[-0.7573807093817062,-0.5229113978394742,0.39107305080512816]],"translation":[-0.6776134610580503,-5.7908075968835,21.77282524384233]},{"linear":[[0.2574450156605314,-0.9656611657273879,-0.034936755968051646],[0.9626465182541692,0.2531677872271351,0.09600912666846642],[-0.08386742397781369,-0.05834881761045776,0.994767143948164]],"translation":[-1.8138366934471388,-6.820376511560136,27.992954868414873]},{"linear":[[0.20209834138962413,-0.9664634058700671,-0.1584447712030692],[0.9716425332226543,0.17758638071597688,0.156121315062561],[-0.12274790442295241,-0.18550353769734457,0.9749468649426715]],"translation":[-0.8763576765202895,-1.0727246931223855,25.844588669002924]},{"linear":[[0.14991015126031154,-0.8907380375522278,0.4290835524775057],[0.9886853507652096,0.13738687354844797,-0.060217307801469916],[-0.005312601188186106,0.43325580830981203,0.9012553360920681]],"translation":[-1.2898373499607625,-2.2119732726262287,26.979067372807727]},{"linear":[[0.200392697819068,0.8289640380375993,0.5221698864365827],[-0.9741283544276815,0.11175024335823713,0.19643276765700837],[0.10448308839622403,-0.5480241844570116,0.8299113070017871]],"translation":[3.4385992105094343,-5.97724678046017,24.506659517286476]},{"linear":[[0.12914825170951788,-0.991600461894771,0.007018051756157304],[0.991458907885879,0.12925299196264411,0.01740396628487356],[-0.018164885194113658,0.004710418111143482,0.9998239089495224]],"translation":[0.8338604067557851,0.040071224125052915,20.780873949988777]},{"linear":[[0.032774465039916434,-0.9991155548100672,0.026342789865900433],[0.9899009653732862,0.028812533221245662,-0.13880171714503717],[0.13791995212580227,0.030625905144930847,0.9899697675887229]],"translation":[-1.0106648810552648,0.10344102929309294,21.886014592646724]},{"linear":[[0.6644460709798156,0.7464822105509068,0.03571733599413348],[-0.7471580454396911,0.6624850147844646,0.053558008932076406],[0.016317901036186397,-0.06227290355410953,0.9979257545472578]],"translation":[0.07204683216344725,-10.492039785049823,21.35548453361061]}],"scale":{"linear":[[0.25641025641025644,0.0,0.0],[0.0,0.25641025641025644,0.0],[0.0,0.0,0.25641025641025644]]},"k":[0.0,0.0,0.0],"files":["/tmp/jl_hu588y/366.3 extrinsic.png","/tmp/jl_hu588y/intrinsic0001.png","/tmp/jl_hu588y/intrinsic0002.png","/tmp/jl_hu588y/intrinsic0003.png","/tmp/jl_hu588y/intrinsic0004.png","/tmp/jl_hu588y/intrinsic0005.png","/tmp/jl_hu588y/intrinsic0006.png","/tmp/jl_hu588y/intrinsic0007.png","/tmp/jl_hu588y/intrinsic0008.png","/tmp/jl_hu588y/intrinsic0009.png","/tmp/jl_hu588y/intrinsic0010.png","/tmp/jl_hu588y/intrinsic0011.png","/tmp/jl_hu588y/intrinsic0012.png","/tmp/jl_hu588y/intrinsic0014.png","/tmp/jl_hu588y/intrinsic0016.png","/tmp/jl_hu588y/intrinsic0017.png"]}