{"intrinsic":{"linear":[[810.586222175023,0.0],[0.0,810.586222175023]],"translation":[460.17107706962344,1010.3704653840422]},"extrinsics":[{"linear":[[0.9693093839487491,0.001458645900498377,-0.2458397659879976],[-0.000679236668481968,0.9999944712756502,0.003255158318872959],[0.2458431549310345,-0.00298827212109232,0.9693050156701376]],"translation":[-5.002500478092692,-1.1448505340561281,33.2195898158072]},{"linear":[[0.8709143381954464,-0.0471657212882083,0.4891662399031136],[0.2677260605751325,0.880241606083492,-0.39178753350314116],[-0.4121055350447357,0.47217593082972525,0.779242528568978]],"translation":[-8.045087055722167,1.9939154305567848,16.79169609102202]},{"linear":[[0.8852082708248779,-0.06390232478749311,0.46078499340797063],[0.26078953417180917,0.8884031467014835,-0.3777944782515397],[-0.38522089264431203,0.4545947006044572,0.8030868708008265]],"translation":[-8.112304946956518,2.0567819698115213,16.991240399789437]},{"linear":[[0.9666665283276267,0.0016702245846793484,-0.25603326612151556],[0.00046392147673126086,0.9999656556245095,0.008274802010227747],[0.25603829359663666,-0.008117753462736743,0.9666325539163477]],"translation":[-5.001341382011715,-1.1440855367100333,33.23277133752654]},{"linear":[[0.9705605902139214,0.0023728548370977945,-0.24084540743706692],[-0.0016687527796850812,0.9999937173707281,0.003127376413665177],[0.24085131510491073,-0.0026333968547329794,0.9705584522496522]],"translation":[-5.002087045041646,-1.1461634612560743,33.21366920066438]},{"linear":[[0.9680415720768168,0.02762386190099829,-0.24926378995899018],[-0.10679965246339294,0.9446944016177085,-0.31007470355683403],[0.22691264611022338,0.3267864896317389,0.9174536725248977]],"translation":[-5.190935906818094,-3.3425502082754526,32.38964777918777]}],"scale":{"linear":[[0.24390243902439027,0.0,0.0],[0.0,0.24390243902439027,0.0],[0.0,0.0,0.24390243902439027]]},"k":[0.0,0.0,0.0],"files":["/tmp/jl_GxcgbN/191.65 extrinsic.png","/tmp/jl_GxcgbN/intrinsic0001.png","/tmp/jl_GxcgbN/intrinsic0002.png","/tmp/jl_GxcgbN/intrinsic0003.png","/tmp/jl_GxcgbN/intrinsic0004.png","/tmp/jl_GxcgbN/intrinsic0005.png"]}