{"intrinsic":{"linear":[[999.892399086105,0.0],[0.0,999.892399086105]],"translation":[539.4253579663406,959.4020143694444]},"extrinsics":[{"linear":[[0.12035012100322018,0.9919094785572813,-0.040391022798789936],[-0.9870959927535625,0.12389697133533117,0.10144477110127868],[0.1056283553993385,0.027660926270720462,0.9940208869503077]],"translation":[-2.756296354627338,-6.947192784005806,34.079344122388974]},{"linear":[[0.04206731620637527,0.9985209673145476,0.034441526394936334],[-0.9768994680404728,0.033878592825742015,0.21099684900582957],[0.2095179473205914,-0.04252197997939225,0.9768797832738675]],"translation":[-4.870447166058882,-6.075909365780244,32.031792426487684]},{"linear":[[0.04039662464344207,0.9987858975303276,0.02819297096715763],[-0.9760536019935429,0.033409777710060484,0.21494918652740963],[0.21374629529619366,-0.03620107246895456,0.976218215154404]],"translation":[-4.862331602410317,-6.079006611352853,32.0310577690438]},{"linear":[[0.12463505050865592,0.9919348080811112,-0.023052997674780855],[-0.986046127289683,0.12641251758593158,0.10831855914202555],[0.11035913664813929,0.00923102998994453,0.9938489065464637]],"translation":[-2.789769795128925,-6.934325236710256,33.941734780431254]},{"linear":[[0.6767325407129654,-0.7351982705174345,0.0389431812818104],[0.7200650656440342,0.6499252259265618,-0.24311211805124028],[0.15342545284022252,0.19256350571300057,0.9692161403362471]],"translation":[-4.514358986438677,5.721841336513601,29.716345384195172]},{"linear":[[0.9612252669111132,-0.23562694641151166,-0.1432687278384415],[0.23328496560405154,0.9718423677090386,-0.033174344738158654],[0.14705138923102798,-0.0015344218703892132,0.9891276633856463]],"translation":[-9.675035142122546,-0.5502573134333798,34.516507333348386]},{"linear":[[0.0756538748216421,0.9833285727431708,0.1653523790314197],[-0.9967818272983541,0.07017228462098568,0.03875357065904894],[0.026504339120714315,-0.1677521043025999,0.9854728568102847]],"translation":[1.460989840964869,-9.956905064967826,32.71140142167913]},{"linear":[[0.7405449789995515,0.04509015370435379,0.6704923654430911],[-0.09673179044342592,0.9945080677230704,0.03995827763222566],[-0.6650083418996809,-0.09444882885797283,0.7408396074260573]],"translation":[-7.04277871482331,-3.6131390657091536,28.037760387309056]},{"linear":[[0.9482757095087175,0.27702149860047437,0.155023443610589],[-0.09431876954832401,0.7121576607236719,-0.6956546815651263],[-0.30311243535465227,0.6450508162817365,0.7014501378912381]],"translation":[-5.836694641547995,-4.303137516063203,28.928110518568346]},{"linear":[[0.6924326422764883,-0.08175615409096018,0.7168353835981147],[-0.20214530245657578,0.9317800632420675,0.3015347250970414],[-0.6925852385120119,-0.3536973918660753,0.6286683087148545]],"translation":[-4.101672721744819,-2.0824639445886817,25.068600007912284]},{"linear":[[0.9162830794205497,-0.392372041634423,0.08043319781799865],[0.33361935842845286,0.8587870166228551,0.38882256076750943],[-0.22163808799342719,-0.32943746147584785,0.9177949209529146]],"translation":[-0.33679855109144685,2.492192438132618,27.695008525766717]},{"linear":[[0.9696877272545352,-0.06192641191957496,-0.23637011469029073],[0.0796390089657723,0.9946277715215985,0.06613035890518176],[0.23100506458275694,-0.08295007911235311,0.9694101013051033]],"translation":[-1.3167463691798094,-5.786536856215529,31.424977848236765]},{"linear":[[0.7619222403954891,-0.6309371506532543,-0.14626281658805637],[0.6387107842505141,0.769402936405551,0.008225298329475751],[0.10734539427852471,-0.09968667602076203,0.9892115713795102]],"translation":[-13.941990392922579,-28.013723526091816,36.2071037977317]}],"scale":{"linear":[[0.25641025641025644,0.0,0.0],[0.0,0.25641025641025644,0.0],[0.0,0.0,0.25641025641025644]]},"k":[0.0,0.0,0.0],"files":["/tmp/jl_LgedO9/255.354 extrinsic.png","/tmp/jl_LgedO9/intrinsic0001.png","/tmp/jl_LgedO9/intrinsic0002.png","/tmp/jl_LgedO9/intrinsic0003.png","/tmp/jl_LgedO9/intrinsic0004.png","/tmp/jl_LgedO9/intrinsic0005.png","/tmp/jl_LgedO9/intrinsic0006.png","/tmp/jl_LgedO9/intrinsic0007.png","/tmp/jl_LgedO9/intrinsic0008.png","/tmp/jl_LgedO9/intrinsic0009.png","/tmp/jl_LgedO9/intrinsic0010.png","/tmp/jl_LgedO9/intrinsic0011.png","/tmp/jl_LgedO9/intrinsic0012.png"]}