{"intrinsic":{"linear":[[932.2338941205333,0.0],[0.0,932.2338941205333]],"translation":[538.8210589690128,959.5378751292898]},"extrinsics":[{"linear":[[0.4650822666472625,0.8850972247582546,-0.017360529239632175],[-0.8477389592236909,0.4509300237552911,0.27928618062909183],[0.2550238072505736,-0.11517385294105661,0.9600509576757548]],"translation":[-2.178766821255545,-1.9052740182051422,29.507775665727294]},{"linear":[[0.039391386083597324,0.9990918304183635,0.01624293981079495],[-0.9908004183845466,0.03694789166543361,0.13018980079286924],[0.12947142399549244,-0.021221868267509172,0.991356032248665]],"translation":[-0.47954659280613193,-9.101547090498375,30.28916395700871]},{"linear":[[0.038613396842546666,0.9991483264863972,0.014547414330782778],[-0.9910236414928937,0.036426603264095914,0.12862831949770676],[0.1279888572745455,-0.0193836078703531,0.9915861677935429]],"translation":[-0.47810388860268016,-9.101197182491576,30.305500508567768]},{"linear":[[0.38162682654767727,0.9241244065164635,0.018842678677487592],[-0.922787537549026,0.3797443471781759,0.06524868834256889],[0.05314250467708351,-0.042288438926199295,0.9976911155913093]],"translation":[-1.2812182229981868,-1.5974490089617057,30.845649986040677]},{"linear":[[0.9455220086779988,0.32366137179731486,-0.03509198643283855],[-0.297198879750257,0.9021292609863484,0.3127868640902573],[0.13289453329883255,-0.28531756496666144,0.9491748680516042]],"translation":[-6.912201364979295,-8.208294420561673,29.040258368308148]},{"linear":[[0.9983531390159999,-0.05183260244638143,-0.02458436780832293],[0.05652025996235344,0.8153430380208753,0.5762127997230517],[-0.00982191583590072,-0.5766533722042428,0.8169298735477772]],"translation":[-3.9834239970197216,-6.0818644897877325,16.83171596370573]},{"linear":[[0.994072444013778,0.10870379151986993,-0.0018605810056928594],[-0.1006060774645499,0.9262382744470283,0.36326447132439],[0.04121156669760413,-0.36092401507602156,0.9316842072890001]],"translation":[-3.801239616939659,-6.493878148444462,15.183791369516337]}],"scale":{"linear":[[0.25641025641025644,0.0,0.0],[0.0,0.25641025641025644,0.0],[0.0,0.0,0.25641025641025644]]},"k":[0.0,0.0,0.0],"files":["/tmp/jl_HZ9hLZ/293.958 extrinsic.png","/tmp/jl_HZ9hLZ/intrinsic0001.png","/tmp/jl_HZ9hLZ/intrinsic0002.png","/tmp/jl_HZ9hLZ/intrinsic0003.png","/tmp/jl_HZ9hLZ/intrinsic0004.png","/tmp/jl_HZ9hLZ/intrinsic0005.png","/tmp/jl_HZ9hLZ/intrinsic0006.png"]}