{"intrinsic":{"linear":[[909.1852144508914,0.0],[0.0,909.1852144508914]],"translation":[508.5335191258671,940.0408088666368]},"extrinsics":[{"linear":[[0.06841864945247145,-0.9976557837068537,-0.0013511637072909088],[0.9971925961015738,0.0684280643685975,-0.03040602385993426],[0.030427203080527015,0.0007329686426846751,0.9995367167191338]],"translation":[-4.949012900621726,10.17679352438441,29.9609624499146]},{"linear":[[0.06826099242850203,-0.9976639344022773,-0.002666628141308757],[0.9971788443358047,0.068310960927082,-0.03111213631892324],[0.03122161625836495,-0.0005353598665230625,0.9995123431294024]],"translation":[-4.949322917962837,10.176793469178504,29.96465916792301]},{"linear":[[0.06827803652297254,-0.9976625879324538,-0.002733197484032123],[0.9971735054962364,0.06833015214252108,-0.031240842570705293],[0.03135457964819968,-0.000592408726314754,0.9995081487346593]],"translation":[-4.949242979690261,10.176486245630082,29.964151028262428]},{"linear":[[0.4345946461469729,0.893451135668934,0.11345731229092244],[-0.8847780786092679,0.4000170111053451,0.23906932559163338],[0.16821190550279042,-0.20428279173302535,0.9643512305425248]],"translation":[-1.3566710290737638,4.3946571380957655,24.64847210043564]},{"linear":[[0.5159986652121269,-0.8565478079736557,-0.0084397958997042],[0.8492907970776533,0.5128607075134446,-0.12521596019682568],[0.11158189592629894,0.057443427337984396,0.9920936110857475]],"translation":[-5.203830607415147,-6.103217436884657,30.50319033889543]},{"linear":[[0.8366066585054592,-0.445282552624217,0.3190810982693762],[0.5219072122813929,0.824860928649318,-0.21729544439874912],[-0.16643966087743328,0.3483215421363516,0.9224803209666637]],"translation":[-8.754695681459632,-1.1995348186111823,28.77986036491373]},{"linear":[[0.9824334436347056,-0.18369163245049394,0.03289244587631792],[0.1831636789293277,0.9829096876029074,0.018428584791821124],[-0.035715480524949154,-0.012080156622652806,0.9992889843618035]],"translation":[-3.9072125056642437,4.802285175831328,29.409452359325332]},{"linear":[[0.9884335988967933,-0.039145167093521845,-0.14651510661073008],[0.02962899668688499,0.9973411625138341,-0.06657873617666994],[0.14873178250549512,0.061467564200758065,0.986965346617582]],"translation":[-4.216480041964626,-1.3172606730323757,21.293502504842323]},{"linear":[[0.8358100014641837,0.09028428196612848,-0.5415444486672369],[-0.16331897618192365,0.9826188115098732,-0.08824501847590321],[0.5241646243989853,0.16220055393488902,0.8360277667828299]],"translation":[-5.088281234237456,0.09250143414685877,22.294360163272955]},{"linear":[[0.8860659673362185,0.1418880075752099,0.44131042910276713],[-0.2134695186194647,0.9699482684998931,0.11675239207156837],[-0.4114825222884993,-0.1976566460820288,0.8897269154694031]],"translation":[-3.4653597482072067,1.2209952608733217,18.937621310367486]},{"linear":[[0.3501694272082093,0.5295913602492123,-0.7726023319910854],[-0.878495208675193,0.47187327090536113,-0.07471134144026809],[0.3250039085663484,0.7048890745035452,0.6304790655225057]],"translation":[-0.9998089547038761,8.022787871634224,19.50208756717492]},{"linear":[[0.9136010587768392,-0.04614416474235179,0.4039849272708937],[0.005542675864199195,0.9948607414771456,0.1011008595997515],[-0.4065739590112763,-0.09012669486769688,0.9091615888972225]],"translation":[-4.340259858205314,-0.25185939031944454,12.199330804848373]}],"scale":{"linear":[[0.25641025641025644,0.0,0.0],[0.0,0.25641025641025644,0.0],[0.0,0.0,0.25641025641025644]]},"k":[0.0,0.0,0.0],"files":["/tmp/jl_fulZsI/462.408 extrinsic.png","/tmp/jl_fulZsI/intrinsic0001.png","/tmp/jl_fulZsI/intrinsic0002.png","/tmp/jl_fulZsI/intrinsic0003.png","/tmp/jl_fulZsI/intrinsic0004.png","/tmp/jl_fulZsI/intrinsic0005.png","/tmp/jl_fulZsI/intrinsic0006.png","/tmp/jl_fulZsI/intrinsic0007.png","/tmp/jl_fulZsI/intrinsic0008.png","/tmp/jl_fulZsI/intrinsic0009.png","/tmp/jl_fulZsI/intrinsic0010.png","/tmp/jl_fulZsI/intrinsic0011.png"]}