{"intrinsic":{"linear":[[935.6266117633002,0.0],[0.0,935.6266117633002]],"translation":[539.1265303551156,959.6259750604819]},"extrinsics":[{"linear":[[0.44882535361603015,-0.8874616504510555,0.10472640989804893],[0.8478311817465729,0.45992615094401124,0.26391328677434267],[-0.2823793356633153,-0.02966065839652432,0.9588441771913877]],"translation":[-11.328470757055067,-3.2369599372744897,24.933363272333573]},{"linear":[[0.8199199929504977,-0.5718177513270065,0.027489351163346346],[0.5377936799827695,0.7858153628741118,0.3054049332306513],[-0.19623751662372452,-0.23562401137904818,0.9518256995537575]],"translation":[-9.49041646971583,-8.228025195258487,30.35087062371102]},{"linear":[[0.8261038286905736,-0.5630720296945372,-0.022413246048927506],[0.5542479739795131,0.8046867331280266,0.2128108194320697],[-0.10179217829666701,-0.1882263289325335,0.9768363227963021]],"translation":[-9.53687776523884,-8.279640133267412,30.59008971015495]},{"linear":[[0.26497081360875213,-0.9636505657987656,0.03417681920885657],[0.9127536707785434,0.26208928008698945,0.31335274969876664],[-0.31091993248392785,-0.05183431584580339,0.9490216010634254]],"translation":[-9.494027090003662,2.18015328970813,30.009742885722464]},{"linear":[[0.8483895414338423,0.45869787354601194,0.26425640349865054],[-0.3446846895308539,0.8575250328509456,-0.38189433464900174],[-0.4017806003140192,0.23291002305257652,0.8856214035201242]],"translation":[-7.603618599659341,1.2305106110459374,28.090396437793515]},{"linear":[[0.9925508339744694,0.02378029811760754,0.11948782112844446],[0.0009052715618610777,0.9792986979423274,-0.20241847912644162],[-0.12182783942919086,0.20101879919524968,0.9719822117251505]],"translation":[-6.06016754313538,-2.6024338778235974,24.705481521051702]},{"linear":[[0.8178443109231626,0.196452859891612,0.5408668569352569],[-0.17695900717955354,0.980234848313835,-0.08845988881509803],[-0.5475547396093324,-0.023364845207265277,0.8364435971061028]],"translation":[-3.213401333767268,-1.7960935186013012,8.849430056146323]}],"scale":{"linear":[[0.25641025641025644,0.0,0.0],[0.0,0.25641025641025644,0.0],[0.0,0.0,0.25641025641025644]]},"k":[0.0,0.0,0.0],"files":["/tmp/jl_HT35A6/261.654 extrinsic.png","/tmp/jl_HT35A6/intrinsic0001.png","/tmp/jl_HT35A6/intrinsic0002.png","/tmp/jl_HT35A6/intrinsic0003.png","/tmp/jl_HT35A6/intrinsic0004.png","/tmp/jl_HT35A6/intrinsic0005.png","/tmp/jl_HT35A6/intrinsic0007.png"]}