{"intrinsic":{"linear":[[785.5401885099128,0.0],[0.0,785.5401885099128]],"translation":[493.9130201232687,917.6691946397091]},"extrinsics":[{"linear":[[0.3259287697825062,-0.9453735218821006,0.006272252569483737],[0.9423953976583356,0.3254157535908666,0.07743062564176731],[-0.07524195306110285,-0.019325926604478856,0.9969780123254619]],"translation":[-6.778861410123935,14.008532878330264,26.094209994825217]},{"linear":[[0.9862917059405916,0.16293686675004007,0.02608156909538967],[-0.16296359325360096,0.9866314565986016,-0.0011118111335811551],[-0.025914051529484904,-0.0031537761178532715,0.9996591997423552]],"translation":[-9.218047313002714,-0.6334229110932937,25.828601028175132]},{"linear":[[0.9862367784050651,0.16306706561443313,0.02731572867592706],[-0.16312695320112502,0.9866050860456391,-3.644441040321451e-5],[-0.026955779723774848,-0.0044199887754656445,0.9996268552008335]],"translation":[-9.21858596352659,-0.6334832048513793,25.82666076854733]},{"linear":[[0.986135950611048,0.16309788420795432,0.030577231387647653],[-0.16307426399639632,0.9866083398904603,-0.003281475372999968],[-0.030702953188230332,-0.0017503786672280835,0.9995270205652486]],"translation":[-9.214955107550274,-0.6338912032345444,25.827925237976867]},{"linear":[[0.5826353835917055,0.812418315745191,0.022638242614950066],[-0.8124044297921049,0.5829661482702997,-0.012227527348409659],[-0.023131196274969228,-0.011267218496075105,0.9996689439740791]],"translation":[-5.371800767488895,2.1611947245817555,25.993153996009944]},{"linear":[[0.32583299927090387,-0.9454100148798842,0.005723665865911359],[0.9424448015794221,0.32527964606750465,0.07740121336337492],[-0.07503767428466167,-0.019825630356089877,0.9969835965646239]],"translation":[-6.777284155993854,14.004125280163505,26.077045242307136]},{"linear":[[0.8042298886279425,0.5925532227789836,0.04577078120075067],[-0.5930267941790133,0.8051733158183215,-0.0038926700208944086],[-0.03916002583309943,-0.024012698065180978,0.9989443841918234]],"translation":[-8.539699477485156,-7.698117621443666,25.753172045814665]},{"linear":[[0.9608691646049392,-0.10456194558123559,0.2565097425979624],[0.0500353149858863,0.9763029419013776,0.2105446102111815],[-0.27244617040007985,-0.18947127795785287,0.9433311820688155]],"translation":[-2.8060968102719794,-3.315675754271573,5.044791633688784]}],"scale":{"linear":[[0.25641025641025644,0.0,0.0],[0.0,0.25641025641025644,0.0],[0.0,0.0,0.25641025641025644]]},"k":[0.0,0.0,0.0],"files":["/tmp/jl_DxvNAc/282.799 extrinsic.png","/tmp/jl_DxvNAc/intrinsic0001.png","/tmp/jl_DxvNAc/intrinsic0002.png","/tmp/jl_DxvNAc/intrinsic0003.png","/tmp/jl_DxvNAc/intrinsic0004.png","/tmp/jl_DxvNAc/intrinsic0006.png","/tmp/jl_DxvNAc/intrinsic0009.png","/tmp/jl_DxvNAc/intrinsic0013.png"]}