{"intrinsic":{"linear":[[1254.9982841105177,0.0],[0.0,1254.9982841105177]],"translation":[539.4764544222885,959.456434595021]},"extrinsics":[{"linear":[[0.5940075500837112,0.7932308812482354,-0.13393953664879957],[-0.7980247893336132,0.6020479484469443,0.026357226331080064],[0.10154538912520591,0.0912306790776733,0.9906389337909334]],"translation":[-1.8313826516292397,-3.228534287850488,42.60210205481741]},{"linear":[[0.7802883546704508,0.6016727035854682,-0.17070454395192292],[-0.622447465923447,0.7736723943980325,-0.11828008417267244],[0.0609034952294198,0.1985471830738691,0.978197209340873]],"translation":[8.445509592946262,-1.6371008717018247,41.52035180576888]},{"linear":[[0.7811952575850916,0.6044852431437303,-0.15598576969719868],[-0.6218400001882177,0.7755522842042546,-0.10878266696252788],[0.055217603103354156,0.18197869459645055,0.9817508701399211]],"translation":[8.450935365140792,-1.6470237632298246,41.52225841396131]},{"linear":[[0.7890636601614683,0.6096791894910938,-0.07529824774899976],[-0.6138611432450363,0.7872319497903865,-0.05865453130938218],[0.02351673928256056,0.09250482760758551,0.9954344879713616]],"translation":[8.482270723326208,-1.7841197462134122,42.01381702804902]},{"linear":[[0.4211588251471103,0.9069760078824837,-0.004445798720029048],[-0.906038412507003,0.4209374520627717,0.04365840712499662],[0.04146853099033057,-0.014359059037937019,0.9990366251349594]],"translation":[5.737249390101585,6.003475331107015,40.15552393591228]},{"linear":[[0.36063113055256196,0.9150651201857494,-0.18055750744796278],[-0.9326628831300969,0.35187697880959384,-0.07951438998878138],[-0.00922681460940089,0.19707464982405246,0.9803450659277533]],"translation":[5.995658294481018,5.470705895787582,41.2023041710224]},{"linear":[[0.3357590800517719,0.9148488438554223,-0.22431547663766993],[-0.907248035898564,0.378127981884797,0.18417445717017467],[0.2533117476963627,0.14167152929268395,0.9569547200713765]],"translation":[4.923593086849018,5.057444556342243,36.727114485590455]},{"linear":[[0.25305453770462805,0.9647565864774756,-0.07216737348293836],[-0.9586315963257757,0.2600987448706693,0.11564646748862462],[0.13034133447602894,0.039917061077080464,0.99066531420151]],"translation":[6.2447070944548715,4.745804946555647,37.53661043490855]},{"linear":[[0.4397962471457193,0.8973122638157783,0.037549463409540816],[-0.8861237699427774,0.4267487462606012,0.18074891951932814],[0.1461640357233644,-0.11276616855603487,0.9828122231078789]],"translation":[2.085499089295417,4.037418429407452,31.7367934248451]},{"linear":[[0.5976914438120728,0.8016569693645482,-0.010537621320185556],[-0.7944430232990817,0.593978244520933,0.12668909884929125],[0.10782031684823867,-0.06734945066649423,0.9918865009514279]],"translation":[-0.47681816040881725,6.632874664762873,41.95662949838594]},{"linear":[[0.5940702154243128,0.7928310269213189,-0.1360130210553301],[-0.7982235943694126,0.6019462390333509,0.022356625540977393],[0.09959755286996841,0.09528739719653907,0.9904547639331253]],"translation":[-1.8318361322057224,-3.2279448099705346,42.6256508680014]},{"linear":[[0.7046302176752961,0.6908339351070688,-0.16200225443908817],[-0.7095725314338192,0.6865825272294435,-0.15846531462068386],[0.0017547003922697285,0.22661179891548622,0.9739835797480474]],"translation":[-2.0723172998849635,-1.3360856278032958,34.53004243675611]}],"scale":{"linear":[[0.25641025641025644,0.0,0.0],[0.0,0.25641025641025644,0.0],[0.0,0.0,0.25641025641025644]]},"k":[0.0,0.0,0.0],"files":["/tmp/jl_mIzFhP/498.0 extrinsic.png","/tmp/jl_mIzFhP/intrinsic0001.png","/tmp/jl_mIzFhP/intrinsic0002.png","/tmp/jl_mIzFhP/intrinsic0003.png","/tmp/jl_mIzFhP/intrinsic0005.png","/tmp/jl_mIzFhP/intrinsic0006.png","/tmp/jl_mIzFhP/intrinsic0009.png","/tmp/jl_mIzFhP/intrinsic0010.png","/tmp/jl_mIzFhP/intrinsic0011.png","/tmp/jl_mIzFhP/intrinsic0012.png","/tmp/jl_mIzFhP/intrinsic0013.png","/tmp/jl_mIzFhP/intrinsic0014.png"]}