{"intrinsic":{"linear":[[858.4930176691029,0.0],[0.0,858.4930176691029]],"translation":[573.1792862262378,983.9998001623596]},"extrinsics":[{"linear":[[0.6981839870544123,0.7158502148560357,-0.009878770741947089],[-0.708465381595643,0.6888639470711243,-0.15343814879661194],[-0.10303360277765863,0.11412682557645609,0.9881088727374615]],"translation":[2.2534367187038256,-4.1422389441505425,27.34665815839835]},{"linear":[[0.2597765978569704,0.9594369487413347,-0.10953018120945235],[-0.96559714800025,0.2594621713789804,-0.017364601840758172],[0.011758698041932518,0.1102729477851308,0.9938317815441085]],"translation":[-0.13949478236124294,3.98908721445475,25.127551270735438]},{"linear":[[0.25836325603750854,0.9597384422365051,-0.1102295351670475],[-0.9660469407920492,0.2565199809357327,-0.03083516769946385],[-0.001317617554379119,0.11445357956035196,0.9934277235963381]],"translation":[-0.13220967458608907,4.007762477061636,25.210325606903165]},{"linear":[[0.19249326561348284,0.9790617462655203,-0.06621510169868286],[-0.981297835620003,0.19198919795220243,-0.013953697616315222],[-0.0009489472876369684,0.06766272880382347,0.9977078002250286]],"translation":[0.5826744369959718,4.334254028888756,26.74390277321848]},{"linear":[[0.7189187188814108,0.690334290001707,-0.08120618012041957],[-0.6750886498103822,0.7212731698546311,0.15498493263878121],[0.16556325238139658,-0.056600198724841615,0.984573626990487]],"translation":[-0.547233586306555,-5.603804183821111,24.92560744273702]},{"linear":[[0.2556854185213325,-0.966237175329632,0.03179131589891616],[0.9600230919099945,0.2576417557916522,0.1094366879623502],[-0.11393256670129545,0.002539032021922863,0.9934852407364925]],"translation":[-1.0553013876190538,-3.4732722410702297,26.7498381992371]},{"linear":[[0.9469320089511695,0.3211384021085843,-0.013780316209994627],[-0.3140695408847424,0.915261769656992,-0.25230183608685525],[-0.06841121188920204,0.24324066209311412,0.9675504567682007]],"translation":[-2.7029497483281144,-0.8764404473916885,21.816196021350674]},{"linear":[[0.911006990880549,0.18900774536839665,-0.3665273997363943],[-0.26736553175151945,0.9473858105122747,-0.17599942747414793],[0.31397760270120306,0.25833350195194577,0.9136092527832945]],"translation":[-0.6367484988802704,0.16261832756874195,21.27380841084268]},{"linear":[[0.9702506229051145,0.23375501065779847,-0.06302637340518633],[-0.2044239622313604,0.6515269511916412,-0.7305638066155181],[-0.12970956949226525,0.7217140894171995,0.6799295557032611]],"translation":[-1.372786710506442,1.5806937889163148,23.825110414394192]},{"linear":[[0.9744656953827381,0.21586026988978635,0.06181385285957521],[-0.22451948676023242,0.933359406725743,0.28005574077581485],[0.00275836675560593,-0.2867831266997366,0.9579915603246013]],"translation":[-1.6076437728738386,-0.39535311328291306,19.645396343784167]},{"linear":[[0.882980452926752,0.13423127947245847,0.449808274001774],[0.28579443783322167,0.6064400052921486,-0.7419919536523639],[-0.3723802613631139,0.7837170941050385,0.49711211748929784]],"translation":[-6.216539282393393,5.051121434798601,21.552487331065045]}],"scale":{"linear":[[0.25641025641025644,0.0,0.0],[0.0,0.25641025641025644,0.0],[0.0,0.0,0.25641025641025644]]},"k":[0.0,0.0,0.0],"files":["/tmp/jl_6o5ZVT/382.319 extrinsic.png","/tmp/jl_6o5ZVT/intrinsic0001.png","/tmp/jl_6o5ZVT/intrinsic0002.png","/tmp/jl_6o5ZVT/intrinsic0003.png","/tmp/jl_6o5ZVT/intrinsic0004.png","/tmp/jl_6o5ZVT/intrinsic0005.png","/tmp/jl_6o5ZVT/intrinsic0006.png","/tmp/jl_6o5ZVT/intrinsic0007.png","/tmp/jl_6o5ZVT/intrinsic0008.png","/tmp/jl_6o5ZVT/intrinsic0009.png","/tmp/jl_6o5ZVT/intrinsic0010.png"]}