{"intrinsic":{"linear":[[784.7088809608106,0.0],[0.0,784.7088809608106]],"translation":[582.03625722837,958.8115478258552]},"extrinsics":[{"linear":[[0.990076893264912,0.04421079363326772,-0.13339097101834357],[-0.042657438280077835,0.9989847921592712,0.014481988602373494],[0.13389581166818215,-0.008648165170401173,0.9909576786406693]],"translation":[-2.778640867286337,0.8703226982425125,26.0206637150051]},{"linear":[[0.013352655111110778,0.9970854999798358,0.07511466122831656],[-0.9962689844318044,0.00686077012158931,0.08602930019801187],[0.08526322337740153,-0.07598312683286824,0.9934569679538192]],"translation":[0.37024634529467837,-4.695868946832367,24.808446855872905]},{"linear":[[0.012657675968421656,0.9975388039387418,0.06896461321244765],[-0.9946247883096864,0.005472156660446592,0.10340012563529587],[0.10276825248582308,-0.0699027191026758,0.9922460864841254]],"translation":[0.3548185915921139,-4.6998869776067975,24.833322681630126]},{"linear":[[0.07304792301821633,0.9969582410140718,-0.027171062122272722],[-0.9955561875884609,0.07451447972642739,0.057580115191173134],[0.059429607916035194,0.022844211197314227,0.9979710735876659]],"translation":[0.3199955826773575,-5.041910513960206,26.694362908401434]},{"linear":[[0.9983717744486755,-0.004365312558133321,-0.0568748101576873],[0.005792349982563336,0.9996719140694372,0.024950208464603083],[0.05674723487433255,-0.025239022703295314,0.9980695081341278]],"translation":[-2.958859816405983,0.7603256526587745,26.752091499597963]},{"linear":[[0.9808590767624293,0.07337012451199112,-0.18036711552234067],[-0.08178339548161806,0.9958611170716262,-0.03964986416559359],[0.17671148167635212,0.05364196429986215,0.9827998737839766]],"translation":[-0.20276382449169317,-0.004832511912725816,19.829106624168]},{"linear":[[0.9896080890910839,0.0819646076798186,-0.11814242715209039],[-0.0345491417262212,0.9330959899650046,0.3579640070135675],[0.13957860441871112,-0.35016235748452657,0.9262311464150856]],"translation":[-3.2375292885078903,-1.2899165863680435,20.54827558888885]},{"linear":[[0.9430910467876819,0.2996495414719499,-0.14418540066374533],[-0.3005618891458285,0.9536292176443317,0.015933174453031867],[0.14227377924974552,0.028310202237182915,0.9894224093820012]],"translation":[0.1278493069865151,-3.373720226168364,10.175848380083817]}],"scale":{"linear":[[0.25641025641025644,0.0,0.0],[0.0,0.25641025641025644,0.0],[0.0,0.0,0.25641025641025644]]},"k":[0.0,0.0,0.0],"files":["/tmp/jl_k91Kqr/189.043 extrinsic.png","/tmp/jl_k91Kqr/intrinsic0001.png","/tmp/jl_k91Kqr/intrinsic0002.png","/tmp/jl_k91Kqr/intrinsic0003.png","/tmp/jl_k91Kqr/intrinsic0004.png","/tmp/jl_k91Kqr/intrinsic0005.png","/tmp/jl_k91Kqr/intrinsic0006.png","/tmp/jl_k91Kqr/intrinsic0007.png"]}