{"intrinsic":{"linear":[[848.7877683821067,0.0],[0.0,848.7877683821067]],"translation":[506.36021873623105,994.335678422137]},"extrinsics":[{"linear":[[0.20064028575515314,-0.9738753842768308,0.10634947875634039],[0.9764116386985406,0.2076318944894976,0.05923941428417877],[-0.07977335110248852,0.09195505581726844,0.9925625824921681]],"translation":[-8.041286333707943,1.0801538246535132,27.706396491896527]},{"linear":[[0.20539239557452954,0.9065740387935071,-0.3686969975817338],[-0.8664511449533037,-0.00672551041695163,-0.49921656715171314],[-0.4550564550132933,0.4219932223333219,0.7841207452015757]],"translation":[-6.1463381721937385,3.1446751671487307,21.908453085706302]},{"linear":[[0.18934713695947153,0.917099342339259,-0.35082254489435183],[-0.881350430167444,0.001233262172980698,-0.472461531035146],[-0.43286150321888484,0.39865683908006777,0.8085194145385602]],"translation":[-6.178199776092527,3.162724537108343,22.05043169137506]},{"linear":[[0.19439687876152406,-0.9719861751835532,0.13210877631642962],[0.974274119445613,0.2069743347053024,0.08917154788256768],[-0.11401663784839865,0.11137549113402195,0.9872161395907195]],"translation":[-7.981418482768809,1.0724736698950301,27.514548289832753]},{"linear":[[0.85439683800913,-0.510947014200986,0.0945472996922581],[0.5122244766068158,0.858766767335696,0.012071656252231132],[-0.0873620556355779,0.03811545616801524,0.9954471775218563]],"translation":[-7.959444474368804,8.312347093698243,28.53645851072713]},{"linear":[[0.10185282974043547,0.9937669152298143,-0.04531356605350076],[-0.9946951194860225,0.10107666756420158,-0.01910828471640495],[-0.014409036905816571,0.04701941586977647,0.9987900450979232]],"translation":[-2.151123836000757,-7.3774526370400295,28.66123892880645]},{"linear":[[0.9767656104127754,-0.19281930254509258,0.09353961129373052],[0.1914271486397913,0.9812201698845965,0.02371971701523417],[-0.0963565725760178,-0.005262582794370247,0.9953329674755754]],"translation":[-12.409623372074012,-0.4584241886795952,28.243071396162957]},{"linear":[[0.9413614978319812,0.33358654630019574,-0.0505820771324806],[-0.3372080419304276,0.9352460005267419,-0.10772954541898139],[0.011369558345679577,0.1184691294229884,0.9928926419894465]],"translation":[-3.2994077258826815,2.0171072409000486,16.457810151969174]},{"linear":[[0.9275237910115157,0.36837826803014895,0.06322237539616589],[-0.32042490575558447,0.8707843535634563,-0.37291083298906497],[-0.19242530207628838,0.3256256458453191,0.925710776586655]],"translation":[-4.076445191345341,2.291256398766872,17.284648857443017]},{"linear":[[0.9144584560221646,0.40362702594049943,0.02917115253098735],[-0.4006641023055925,0.91315864655639,-0.07489701825143336],[-0.056868350892323775,0.05680237802882207,0.9967645060479723]],"translation":[-2.6319900845386335,1.1631896295032333,9.023265658915184]}],"scale":{"linear":[[0.25641025641025644,0.0,0.0],[0.0,0.25641025641025644,0.0],[0.0,0.0,0.25641025641025644]]},"k":[0.0,0.0,0.0],"files":["/tmp/jl_08XR29/210.725 extrinsic.png","/tmp/jl_08XR29/intrinsic0001.png","/tmp/jl_08XR29/intrinsic0002.png","/tmp/jl_08XR29/intrinsic0003.png","/tmp/jl_08XR29/intrinsic0004.png","/tmp/jl_08XR29/intrinsic0005.png","/tmp/jl_08XR29/intrinsic0006.png","/tmp/jl_08XR29/intrinsic0007.png","/tmp/jl_08XR29/intrinsic0008.png","/tmp/jl_08XR29/intrinsic0009.png"]}