{"intrinsic":{"linear":[[900.0941195106369,0.0],[0.0,900.0941195106369]],"translation":[539.5082183248851,959.5826368574709]},"extrinsics":[{"linear":[[0.16194736366680512,-0.9867983558925781,-0.0014339487705413642],[0.984676809956397,0.16169410584244742,-0.06531918607809813],[0.06468872649438517,0.0091662938811919,0.9978633913121668]],"translation":[3.1389676085132896,6.763473371323032,29.407269946079815]},{"linear":[[0.0204087374105254,0.9992461963287246,-0.033023061031407314],[-0.98724230897934,0.014924669607000784,-0.15852405999804334],[-0.15791170570432578,0.03583703893596268,0.9868027157653412]],"translation":[4.3783488142304385,6.30322771091058,25.25231688425303]},{"linear":[[0.017438656986124956,0.9994799437044688,-0.027124442391171552],[-0.9860341478345862,0.012697469797967542,-0.16605852451726466],[-0.16562775294811427,0.029641464087345762,0.9857427813887947]],"translation":[4.393394361304516,6.295293034208895,25.22597596536034]},{"linear":[[0.165106294056803,-0.9862529476534003,0.006710805302471576],[0.9843613872361863,0.16435826588072155,-0.06339573925062142],[0.06142125838241437,0.01707289318367438,0.9979659038950476]],"translation":[3.1034763476480056,6.7529399412880915,29.39779381052909]},{"linear":[[0.14589236867215877,-0.9893004163839084,-0.0003207894203437825],[0.9872778883932994,0.1456148146730683,-0.0638646759750289],[0.06322806222631194,0.009000660550940964,0.9979585163005285]],"translation":[3.1947801579311936,6.889616684231038,29.4230357866556]},{"linear":[[-0.1358945125823287,0.9510957240512911,0.2773979184156964],[-0.7959924862397395,0.06188637326329377,-0.6021345685593827],[-0.5898547645818325,-0.3026334424607867,0.7486550315094691]],"translation":[5.551039601314185,6.35668439948959,23.57419752217464]},{"linear":[[0.5508213653934932,0.8338454345511555,-0.036022419466807946],[-0.8288185953065585,0.5515622252254069,0.09401514653746473],[0.09826270655803843,-0.021929500281412287,0.9949188597656073]],"translation":[1.8225928942540628,-6.727432592153134,29.39679947437698]},{"linear":[[-0.0018733722994330182,-0.9988865805008397,0.04713904720682355],[0.9651855010646481,-0.014135859812904605,-0.2611840845111625],[0.261559628021627,0.0450086298690521,0.9641373264356581]],"translation":[-4.120324393300139,5.02390543940229,27.246324604386757]},{"linear":[[0.1255550792551291,-0.9919353129670361,0.017327924348482952],[0.991927076136095,0.12520247709025056,-0.02012499338045143],[0.017793192556035085,0.019714832473389673,0.9996473016415391]],"translation":[-3.1439609432191538,5.750345676262104,29.52925910469665]},{"linear":[[0.08791061047202237,-0.9961282873758185,-0.000399569962750701],[0.993804675672341,0.08773291463761174,-0.06822904294347691],[0.06799993513401059,0.005600962319843014,0.9976696036478521]],"translation":[8.655967364477164,-2.714485346638684,29.240809770371136]},{"linear":[[0.9923128319998632,0.07363506633429412,-0.09946416668507066],[-0.10469195034849499,0.9280621939858412,-0.35740755395824414],[0.06599120381262696,0.3650731996464969,0.9286370226946744]],"translation":[-2.0121727575566366,0.09915720863117396,28.993284711753496]},{"linear":[[0.8388688824093231,0.14833941670940579,0.5237312436504495],[-0.1763443728149328,0.9843217346050297,0.0036585462486058637],[-0.5149773396003374,-0.09542609828793411,0.8518756948426809]],"translation":[-0.6173272873547128,-0.45013013468986013,26.855801366291438]},{"linear":[[0.9548135306011989,0.1480517616525166,-0.25770486540315796],[-0.0778354197123237,0.9613942963148723,0.26393683799621026],[0.28683230156152173,-0.2319518977823155,0.929475953371631]],"translation":[-1.0740186603555286,0.043338278807415045,26.77504264033946]},{"linear":[[0.9710881450348652,0.21879783401778305,-0.09547419757123576],[-0.21787222141360854,0.9757694236199801,0.02014266776351615],[0.09756797481266197,0.0012408696380004133,0.9952280897028063]],"translation":[5.55182733313997,-2.1025479361412227,21.467219180186696]},{"linear":[[0.9807765244140526,0.15533008052736322,-0.11811001329969346],[-0.15981566209146505,0.9867075441056571,-0.029447861641365636],[0.11196590243711509,0.04775760136716675,0.9925637753832733]],"translation":[0.575345249669831,-5.179509058242906,19.755078163983438]}],"scale":{"linear":[[0.25641025641025644,0.0,0.0],[0.0,0.25641025641025644,0.0],[0.0,0.0,0.25641025641025644]]},"k":[0.0,0.0,0.0],"files":["/tmp/jl_9hVrgc/408.6 extrinsic.png","/tmp/jl_9hVrgc/intrinsic0001.png","/tmp/jl_9hVrgc/intrinsic0002.png","/tmp/jl_9hVrgc/intrinsic0003.png","/tmp/jl_9hVrgc/intrinsic0004.png","/tmp/jl_9hVrgc/intrinsic0005.png","/tmp/jl_9hVrgc/intrinsic0011.png","/tmp/jl_9hVrgc/intrinsic0012.png","/tmp/jl_9hVrgc/intrinsic0013.png","/tmp/jl_9hVrgc/intrinsic0014.png","/tmp/jl_9hVrgc/intrinsic0016.png","/tmp/jl_9hVrgc/intrinsic0017.png","/tmp/jl_9hVrgc/intrinsic0018.png","/tmp/jl_9hVrgc/intrinsic0019.png","/tmp/jl_9hVrgc/intrinsic0020.png"]}