{"intrinsic":{"linear":[[853.3437836517112,0.0],[0.0,853.3437836517112]],"translation":[538.8882117776174,959.3524780733992]},"extrinsics":[{"linear":[[0.5366603772476783,0.8417515265839995,-0.05873676009013541],[-0.8406058492013885,0.5393825922019524,0.04947954646027934],[0.07333106968258547,0.022820752025488972,0.9970465222326383]],"translation":[-2.0096142967048274,-6.455145599406976,28.76414174180867]},{"linear":[[0.4484638017659264,-0.18544769321700688,0.8743508286644113],[0.8738806347979404,0.29635277336400945,-0.38536692884134294],[-0.18765088497206867,0.9369013751724088,0.29496263927699135]],"translation":[-7.689174266190029,9.030171228410513,14.438585671969411]},{"linear":[[0.4492917879871253,-0.1889588281453446,0.873173207624507],[0.8728169289150586,0.3013580097489156,-0.3838931603447216],[-0.19059773830404658,0.9346004018970411,0.30032414309753985]],"translation":[-7.731812798388788,9.11598280910818,14.572669822664912]},{"linear":[[0.7173051402375095,-0.6939355815765488,0.06266374079851543],[0.6962669499919433,0.7172735533003574,-0.02703671734504673],[-0.026185303850887968,0.06302426800761869,0.9976684176139587]],"translation":[3.245637976213454,-3.055908292838559,28.22027078533657]},{"linear":[[0.5369745084165916,0.8415358032345932,-0.058956502483337295],[-0.8404131984389052,0.5397064496203636,0.04921995660168042],[0.07323956035128308,0.02311796082031943,0.9970464014713962]],"translation":[-2.011398396826458,-6.456127019059667,28.771423652928643]},{"linear":[[0.9852251885210074,-0.129010778976167,-0.11263901105615114],[0.10883695643354149,0.9794441764790077,-0.16983410162756318],[0.13223405317099124,0.15506554765427638,0.9790142139482197]],"translation":[-6.606904578161845,2.8029916794017105,28.7490227803054]},{"linear":[[0.9915251579051765,0.04580292668101574,0.1215728306348428],[-0.024581449491311316,0.9850283835592313,-0.1706307004134778],[-0.12756807430552827,0.16619619577517833,0.9778063258784113]],"translation":[-0.5616498273680117,-1.8515538114732308,21.29349414576418]},{"linear":[[0.9850456285848561,-0.0771251658411117,-0.15406757738033916],[0.01126674393505455,0.9211354642703833,-0.38907906258816755],[0.17192489664666866,0.38152478983332955,0.9082294119085035]],"translation":[-2.263237364195601,-1.217425787121451,19.652893395404632]}],"scale":{"linear":[[0.25641025641025644,0.0,0.0],[0.0,0.25641025641025644,0.0],[0.0,0.0,0.25641025641025644]]},"k":[0.0,0.0,0.0],"files":["/tmp/jl_YTvAu9/177.607 extrinsic.png","/tmp/jl_YTvAu9/intrinsic0001.png","/tmp/jl_YTvAu9/intrinsic0002.png","/tmp/jl_YTvAu9/intrinsic0003.png","/tmp/jl_YTvAu9/intrinsic0004.png","/tmp/jl_YTvAu9/intrinsic0005.png","/tmp/jl_YTvAu9/intrinsic0006.png","/tmp/jl_YTvAu9/intrinsic0007.png"]}