{"intrinsic":{"linear":[[1006.7713797972995,0.0],[0.0,1006.7713797972995]],"translation":[539.4502735045891,959.5925919386387]},"extrinsics":[{"linear":[[0.9347176231762158,-0.35456733931809103,-0.024186087172082905],[0.35339037690152864,0.9345115928571954,-0.04246556639093534],[0.03765908173603587,0.03114618282225127,0.9988051405846894]],"translation":[-5.343983719906193,3.074356296096604,33.20842061895703]},{"linear":[[0.9347567984717224,-0.35442981497388143,-0.024682665343834658],[0.353245263223887,0.9345757538197934,-0.04226043518530575],[0.0380461787934396,0.030784194479388148,0.9988016928547292]],"translation":[-5.344006710377375,3.07383206400869,33.19055933361163]},{"linear":[[0.934738494286728,-0.35449769409495935,-0.02439942991008334],[0.35330931029656343,0.934536493330277,-0.04259194632457563],[0.037900904426505504,0.03119178602301408,0.9987945704339541]],"translation":[-5.344059149714925,3.073987850364745,33.19020842332594]},{"linear":[[0.9348153193069532,-0.3543231615739022,-0.023987829441475608],[0.3531970639802735,0.934638264890486,-0.04126921126234894],[0.03704258069780645,0.03010665997377009,0.9988600683982066]],"translation":[-5.342744997652576,3.0731298885683427,33.199727644828045]},{"linear":[[0.9777587219595503,-0.20006404758067223,-0.06294647327424452],[0.20780740116087007,0.964695597949736,0.16179767402273273],[0.028354288119998305,-0.171279829991858,0.9848143247248022]],"translation":[-6.24547562423475,4.854071923301804,29.299883210333775]},{"linear":[[0.8719230390853996,0.4760809118123791,-0.11444290856131854],[-0.4750821317212458,0.8791369393089659,0.03761927779291867],[0.11852080843158931,0.021568665938291293,0.9927172863501295]],"translation":[-5.11325860581376,8.88777098886862,32.94589916370439]},{"linear":[[0.9964491555381398,-0.08395912064831182,-0.006320323353309679],[0.08355457505209757,0.99531306910668,-0.04868806273928664],[0.010378507368189623,0.0479870870693725,0.998794035854943]],"translation":[-5.520108433654332,-2.0324137803652937,33.120300167017476]},{"linear":[[0.915020355988668,-0.40320395240541335,0.012818771041901912],[0.39539212737955626,0.9026893310931905,0.16975581620903926],[-0.08001758389654276,-0.15026158622609295,0.9854027815934854]],"translation":[-7.287468401938221,0.16740379798956487,31.692813868544476]},{"linear":[[0.6579374291184944,-0.34282839248354213,0.6705125149257816],[0.40449871758424794,0.9119062050417527,0.06933873866063427],[-0.6352158112308326,0.22560090095897067,0.7386508692534354]],"translation":[-5.934087195071133,1.3520375858947944,25.547363892328146]},{"linear":[[0.7904371828802665,-0.08360353565359023,-0.606810933278667],[0.2715911074737255,0.9357781880246328,0.22484984580499578],[0.5490421935165851,-0.34253413208548134,0.7623798515798688]],"translation":[-6.890349482179268,1.0872034254126477,28.648910952655786]},{"linear":[[0.9387704247435461,-0.13991247259412484,0.314856458786254],[0.10318995912373158,0.9860628239260248,0.1305064734297728],[-0.3287277322692207,-0.09002559238145372,0.9401241783687427]],"translation":[-6.682955135933428,1.3866616244889365,25.799177014440332]},{"linear":[[0.641242439233538,-0.5678713626397136,0.5160719422905464],[0.6372162783110731,0.7687786912739368,0.05417322676855972],[-0.4275085365009772,0.29411127033292606,0.8548303994839824]],"translation":[-6.577062846261346,7.73400043898582,28.868643575057977]},{"linear":[[0.5297555417013042,-0.038610086033986,0.8472711061361681],[-0.02051696224383752,0.9980876123243303,0.058310997118916644],[-0.8479021879303311,-0.04827400316076509,0.5279502820548465]],"translation":[-7.776767867074088,-2.848526848244512,25.403667043165623]}],"scale":{"linear":[[0.25641025641025644,0.0,0.0],[0.0,0.25641025641025644,0.0],[0.0,0.0,0.25641025641025644]]},"k":[0.0,0.0,0.0],"files":["/tmp/jl_AXzLvR/238.0 extrinsic.png","/tmp/jl_AXzLvR/intrinsic0001.png","/tmp/jl_AXzLvR/intrinsic0002.png","/tmp/jl_AXzLvR/intrinsic0003.png","/tmp/jl_AXzLvR/intrinsic0004.png","/tmp/jl_AXzLvR/intrinsic0005.png","/tmp/jl_AXzLvR/intrinsic0006.png","/tmp/jl_AXzLvR/intrinsic0007.png","/tmp/jl_AXzLvR/intrinsic0008.png","/tmp/jl_AXzLvR/intrinsic0009.png","/tmp/jl_AXzLvR/intrinsic0010.png","/tmp/jl_AXzLvR/intrinsic0011.png","/tmp/jl_AXzLvR/intrinsic0012.png"]}