{"intrinsic":{"linear":[[889.0706243253535,0.0],[0.0,889.0706243253535]],"translation":[517.255618970087,987.1154339797199]},"extrinsics":[{"linear":[[0.3915775940911691,-0.9197785889855477,-0.025967961982537965],[0.914759176872922,0.3921795346878495,-0.09700959178759525],[0.09941144869956182,0.014232351027739218,0.9949446236106195]],"translation":[-6.41448098770488,-2.122740781999587,30.780411698019954]},{"linear":[[0.38608388005086214,-0.9223090881251094,-0.016887377733109013],[0.9167305754107052,0.3856579237316571,-0.10427376453425102],[0.10268539171678047,0.024777244092442648,0.994405248630132]],"translation":[-6.622925631486231,-2.0438973576654123,30.593504125207037]},{"linear":[[0.9793247461366245,0.20228823905642415,0.001584280242554987],[-0.20039373942027797,0.9711645670797012,-0.12915778276996823],[-0.02766569727286287,0.12616993298067317,0.9916227897774731]],"translation":[-6.781320569783786,-1.590480051876905,28.617119005745657]},{"linear":[[0.9669972497475268,-0.11980718778393601,-0.22486119437560628],[0.07432305804050487,0.9768035359008502,-0.20082563405876272],[0.24370556420448677,0.17748546421299136,0.9534707693311169]],"translation":[-2.8205419174459525,0.4049574990295788,24.325256799506786]},{"linear":[[0.9999041130056774,-0.004681568343140693,0.013032563530570775],[0.010991142686613112,0.8407899852103289,-0.5412498457759204],[-0.00842375075440694,0.541341189720368,0.8407608201714469]],"translation":[-1.9026536438073338,0.8254785808144351,23.70207956804355]},{"linear":[[0.888517836730021,-0.07996032125773121,0.4518212045012541],[0.1356351397745254,0.9864639382496823,-0.0921520883717366],[-0.4383368141862472,0.14316160643583117,0.8873362337759929]],"translation":[-1.583646802110239,-1.2312984780041074,11.008136124752053]},{"linear":[[0.9793556987036262,-0.16268499107974327,0.119983370073173],[0.09130973904409734,0.8855734071148299,0.4554363535849225],[-0.18034674095317327,-0.43507853806918073,0.8821460869601777]],"translation":[-2.130585498202773,0.15444884717766016,9.830289464304398]},{"linear":[[0.210029830080533,-0.9577243982343734,0.19659971389335704],[0.96245745619273,0.16717006541910995,-0.2138453044768332],[0.17193927851239063,0.2341327534848081,0.9568796884928954]],"translation":[-9.301161595980695,1.4805059639090963,22.28232868113077]},{"linear":[[0.1964401707952924,-0.8381941497148321,0.508765001431649],[0.9687949977468503,0.08593108327680088,-0.2324910778235492],[0.15115393358624996,0.5385595754516904,0.8289186160599232]],"translation":[-12.071905876541,6.939587620132634,27.55236056882704]}],"scale":{"linear":[[0.25641025641025644,0.0,0.0],[0.0,0.25641025641025644,0.0],[0.0,0.0,0.25641025641025644]]},"k":[0.0,0.0,0.0],"files":["/tmp/jl_qIxwT1/200.463 extrinsic.png","/tmp/jl_qIxwT1/intrinsic0003.png","/tmp/jl_qIxwT1/intrinsic0004.png","/tmp/jl_qIxwT1/intrinsic0005.png","/tmp/jl_qIxwT1/intrinsic0006.png","/tmp/jl_qIxwT1/intrinsic0007.png","/tmp/jl_qIxwT1/intrinsic0008.png","/tmp/jl_qIxwT1/intrinsic0009.png","/tmp/jl_qIxwT1/intrinsic0010.png"]}