{"intrinsic":{"linear":[[925.053199233868,0.0],[0.0,925.053199233868]],"translation":[541.1942445478328,962.9767158224737]},"extrinsics":[{"linear":[[0.9355036655062949,0.35273022377694335,0.02035389541473022],[-0.35328423669017656,0.9330791572431827,0.06747988162846079],[0.00481039816705627,-0.07031838701662062,0.9975129996731147]],"translation":[-0.46084027890988183,-11.533319998532127,29.433230218035074]},{"linear":[[0.7795173612254347,0.6263732023936037,-0.003048749139728045],[-0.6193783074961852,0.7715197426050155,0.14535404698133303],[0.09339805004011814,-0.11141767406418135,0.9893750078483039]],"translation":[-3.2592536709572526,-3.6643957637603024,25.200338097668716]},{"linear":[[0.5924835301907723,0.805061710434348,-0.02896392316662432],[-0.7949904183912919,0.5901264819926457,0.14050256195892746],[0.13020561093408742,-0.060219412513785146,0.9896565673190756]],"translation":[-0.7969658260126834,-5.07829419659198,26.211742943967355]},{"linear":[[0.5601878448686806,0.8269099019439522,-0.04908760055682821],[-0.8283075326116563,0.5598658880761149,-0.021373319525356687],[0.009808663526344769,0.05263270310165219,0.9985657658281903]],"translation":[-3.5192134641864046,-4.157515545018591,30.70565218749552]},{"linear":[[0.02286848440493172,0.9993369335843899,0.0283324124488174],[-0.9989758482037691,0.02173512513289133,0.039684241721587556],[0.039042119903781286,-0.029210914220648053,0.9988105102389605]],"translation":[4.671467680760104,-5.082000850060289,29.85315513895529]},{"linear":[[0.6259350578673475,0.6748094809137174,0.3909443282637053],[-0.7355886869195171,0.6773748238106985,0.008522425913206899],[-0.2590648316708024,-0.2929087102432849,0.9203748695259961]],"translation":[-3.4293816798421504,-5.854824724409029,18.833209829570087]},{"linear":[[0.3576481243473717,-0.9101403946538567,-0.2091226462393042],[0.8454565618250369,0.22046709749605986,0.486412850353124],[-0.39659932074802484,-0.35076875707648913,0.8483338127419067]],"translation":[-7.448221288722119,-2.855655969855009,19.541691409179684]},{"linear":[[0.8309328558327231,-0.40641198040615334,0.37997354023671637],[0.21916904650955485,0.8668267276279775,0.44785751453097766],[-0.5113858798889227,-0.2888610850428295,0.8093477345357258]],"translation":[-6.384488995046187,-4.497860737126617,16.171648077635716]},{"linear":[[0.903471340708219,0.42451139981966907,0.05941050363393986],[-0.4286183663698217,0.8930451856395271,0.1369547093623577],[0.005082571136600777,-0.14919908789670144,0.9887941138788366]],"translation":[-5.361634364012766,-5.887361467731536,13.675448507352879]},{"linear":[[0.9819835214355402,0.06839043733656802,0.17615649777958475],[-0.1539059249908511,0.8303426578597825,0.5355782265841869],[-0.10964182542153522,-0.5530405216792573,0.8259085006821084]],"translation":[-3.2566781141358407,-4.397190107216106,7.207878135501935]}],"scale":{"linear":[[0.25641025641025644,0.0,0.0],[0.0,0.25641025641025644,0.0],[0.0,0.0,0.25641025641025644]]},"k":[0.0,0.0,0.0],"files":["/tmp/jl_nfprY1/205.776 extrinsic.png","/tmp/jl_nfprY1/intrinsic0003.png","/tmp/jl_nfprY1/intrinsic0004.png","/tmp/jl_nfprY1/intrinsic0005.png","/tmp/jl_nfprY1/intrinsic0006.png","/tmp/jl_nfprY1/intrinsic0007.png","/tmp/jl_nfprY1/intrinsic0008.png","/tmp/jl_nfprY1/intrinsic0009.png","/tmp/jl_nfprY1/intrinsic0010.png","/tmp/jl_nfprY1/intrinsic0011.png"]}