{"intrinsic":{"linear":[[1084.0398717685223,0.0],[0.0,1084.0398717685223]],"translation":[539.4867061485551,959.5264650559615]},"extrinsics":[{"linear":[[0.8562588499192652,0.49939537320041966,-0.13200395130809933],[-0.4917299620151309,0.8663137254406366,0.08776202806318491],[0.15818478558804383,-0.010236715253386111,0.9873564621094479]],"translation":[-0.44835257726861105,-0.30393248902013914,40.28201053321546]},{"linear":[[0.8562138398673091,0.4995913041751432,-0.13155375027819377],[-0.49174778216363024,0.8661856663600163,0.08891855897170921],[0.15837291168892703,-0.011442035878025072,0.9873130712484957]],"translation":[-0.4481103637777209,-0.3045103125407091,40.27335763257178]},{"linear":[[0.856165239929001,0.4995864491883255,-0.13188806513372234],[-0.49166478179116613,0.8661853005429327,0.089379905289691],[0.15889249284834475,-0.01167925129234896,0.9872268081883153]],"translation":[-0.44830250401194366,-0.30384533226115107,40.268214007228934]},{"linear":[[0.616779764586662,0.4217351111418396,-0.6646218609304104],[-0.5196109959849561,0.8523859797265319,0.05867328537897076],[0.591258940607196,0.30915633196785797,0.7448726250549391]],"translation":[-0.8670937015409579,-0.4027441275484789,39.33911175987094]},{"linear":[[0.8822706139444209,0.4435232154434459,0.1577520875704711],[-0.4583412902818739,0.8857704359855799,0.07303421360337126],[-0.10733976613018087,-0.13674023583650322,0.9847742292071294]],"translation":[-0.4280032009699691,0.0268509079253144,38.50897790881285]},{"linear":[[0.8988707699840405,0.3977134448627278,-0.1839982463061006],[-0.28351169303075224,0.8479627423138446,0.44786192912818695],[0.3341443681750973,-0.3504043427570592,0.8749653351955485]],"translation":[-1.9330007975523384,0.32381388005630946,36.19567778555272]},{"linear":[[0.8101225105293174,-0.5602971996986053,-0.1725356946941047],[0.5460833483197749,0.8282571674482838,-0.1256305745366506],[0.21329438488047328,0.0075572865796368,0.9769587467227129]],"translation":[-10.029723457229437,3.2541214939243446,42.34125221493744]},{"linear":[[0.7968092822742505,-0.5836665014136836,-0.15629581827132993],[0.42523991475204576,0.7254511960151158,-0.5411945834003803],[0.42926213737443336,0.3647656471321674,0.8262445401265806]],"translation":[-10.227957296517754,2.9734407486639673,41.10324612031228]},{"linear":[[0.7875706599066561,-0.5836494157530959,-0.19770132813227093],[0.44136217806222466,0.7581593573161585,-0.479993559008992],[0.4300370721581608,0.29077095522940266,0.8547048427174246]],"translation":[-10.186623180707,3.0356610237275667,41.51824507814875]},{"linear":[[0.7769546398254936,-0.39898021762583025,0.48698693370241736],[0.5051573449927251,0.856733554637426,-0.10403688364335786],[-0.3757093882957124,0.32683696593495326,0.8671908978102201]],"translation":[-9.62744688004608,2.149369455788792,38.7971631104761]},{"linear":[[0.8660087169741996,-0.46806915498314106,-0.1758981758804483],[0.45759001009105793,0.8836782031456777,-0.09861143924561686],[0.20159435703800413,0.00490911790394289,0.9794567962763029]],"translation":[-10.16286924371699,2.7989409114862207,42.568842374596024]},{"linear":[[0.8109667644951623,-0.41254636319322097,-0.4148956556777803],[0.41890696397805954,0.9044517648506588,-0.0805230438397197],[0.40847259689596427,-0.1085011671576657,0.9062988658883401]],"translation":[-10.191320451054864,2.8208933873323367,41.856883447373455]},{"linear":[[0.482261092235355,0.8719425736215174,-0.08450081196205951],[-0.8137285340828628,0.4816015131392453,0.32543179832546265],[0.32445355867260517,-0.08818237266185504,0.9417822239862081]],"translation":[2.412291608458352,3.2722950605206655,35.880502418278745]},{"linear":[[0.45770388007100415,0.8890930418389111,-0.004552045867557392],[-0.8481952033745521,0.4351031351664766,-0.3020764120892352],[-0.2665934266638067,0.14212256936157364,0.9532728466382091]],"translation":[1.0651495158326982,2.381357415512028,31.0552658340667]},{"linear":[[0.5031870077305511,0.8486584163783645,-0.16303903692472327],[-0.8563189162316814,0.46427143078221467,-0.22620776349019123],[-0.11627875538968169,0.2534382190388856,0.9603376073941001]],"translation":[-0.8285782531459209,0.21521221142797478,32.38448398201146]}],"scale":{"linear":[[0.24390243902439027,0.0,0.0],[0.0,0.24390243902439027,0.0],[0.0,0.0,0.24390243902439027]]},"k":[0.0,0.0,0.0],"files":["/tmp/jl_191s2m/277.709 extrinsic.png","/tmp/jl_191s2m/intrinsic0003.png","/tmp/jl_191s2m/intrinsic0004.png","/tmp/jl_191s2m/intrinsic0006.png","/tmp/jl_191s2m/intrinsic0007.png","/tmp/jl_191s2m/intrinsic0009.png","/tmp/jl_191s2m/intrinsic0011.png","/tmp/jl_191s2m/intrinsic0012.png","/tmp/jl_191s2m/intrinsic0013.png","/tmp/jl_191s2m/intrinsic0014.png","/tmp/jl_191s2m/intrinsic0015.png","/tmp/jl_191s2m/intrinsic0016.png","/tmp/jl_191s2m/intrinsic0018.png","/tmp/jl_191s2m/intrinsic0019.png","/tmp/jl_191s2m/intrinsic0020.png"]}