{"intrinsic":{"linear":[[896.5095580537053,0.0],[0.0,896.5095580537053]],"translation":[521.9689313823051,939.7351813079079]},"extrinsics":[{"linear":[[0.8980749928819474,0.4393268749626012,0.02128859073975741],[-0.4397059404393508,0.89794962707777,0.018578298448451182],[-0.010954136316295835,-0.02604542505870498,0.9996007416619275]],"translation":[-3.5540684390837605,-8.028133881642749,30.440888794489922]},{"linear":[[0.9007237530245876,0.3755469203700614,0.21831452388209172],[-0.41866204928671075,0.8845292892645545,0.20574261814265338],[-0.11583958401320921,-0.2767172691280845,0.9539437843719839]],"translation":[-4.090498490889512,-6.965820040502036,26.45746595163476]},{"linear":[[0.8980825551522423,0.37450621493088415,0.23063568481343427],[-0.4201311085162724,0.8856232314334015,0.1978922525071359],[-0.1301444420177349,-0.2746208057005191,0.9527044858130406]],"translation":[-4.087295263521551,-6.978079092001541,26.52749378068427]},{"linear":[[0.898176722667127,0.43898390513017665,0.023910372134263797],[-0.43943557593030164,0.8980776582465898,0.018785482829179658],[-0.013226846402034986,-0.02737975155076022,0.9995375929595022]],"translation":[-3.554575027991852,-8.029263130675307,30.439363313910476]},{"linear":[[0.7789781553969373,0.6267578409367337,0.01917399902756723],[-0.6270407231930272,0.7787766408632408,0.018079687589463475],[-0.0036006765962210635,-0.02610655990534131,0.99965268101374]],"translation":[-6.723686879140002,-1.2173777752959707,30.437986869464524]},{"linear":[[0.11466534440617909,0.9771324456316851,0.17906435291831357],[-0.9915659877766746,0.12353892412305462,-0.03917940927305749],[-0.060404889509706794,-0.17306160151911287,0.9830569319235585]],"translation":[3.4815118948873938,-0.7971171278674374,28.460419266998638]},{"linear":[[0.9868751146443829,0.1611715618924101,0.010061596930771126],[-0.15950925319816145,0.9826223379238165,-0.09492175281408496],[-0.025185437057972763,0.09207099787823764,0.9954338878649373]],"translation":[-5.065143455193141,-5.16189933957199,25.089755403041895]},{"linear":[[0.7360177764340289,0.10132696458989951,0.6693359985986898],[-0.13373861641554097,0.9910122157682083,-0.0029615329549331493],[-0.6636202342095701,-0.08733632946937725,0.7429539355185163]],"translation":[-2.4045445214853305,-0.5592088018812467,17.007918580590303]}],"scale":{"linear":[[0.25641025641025644,0.0,0.0],[0.0,0.25641025641025644,0.0],[0.0,0.0,0.25641025641025644]]},"k":[0.0,0.0,0.0],"files":["/tmp/jl_NAEmLl/198.215 extrinsic.png","/tmp/jl_NAEmLl/intrinsic0001.png","/tmp/jl_NAEmLl/intrinsic0002.png","/tmp/jl_NAEmLl/intrinsic0003.png","/tmp/jl_NAEmLl/intrinsic0004.png","/tmp/jl_NAEmLl/intrinsic0005.png","/tmp/jl_NAEmLl/intrinsic0006.png","/tmp/jl_NAEmLl/intrinsic0007.png"]}