{"intrinsic":{"linear":[[939.0500684970906,0.0],[0.0,939.0500684970906]],"translation":[539.1734277064928,959.4652040835895]},"extrinsics":[{"linear":[[0.5799371915336569,-0.7089536581634047,0.40131977829753274],[0.7463558702728449,0.659825883596693,0.08707880479834139],[-0.3265360145302797,0.24902713489210254,0.9117892943559447]],"translation":[-10.553786186413438,2.5894440407515757,29.655714185222262]},{"linear":[[0.45164392377550056,-0.8454089886747927,0.2851340175856504],[0.8190533925178699,0.5196020365057012,0.2432391084182307],[-0.35379274486857104,0.12368251908411282,0.9271102028083664]],"translation":[-10.854440482432643,2.538425340267379,26.458038509287995]},{"linear":[[0.46529484108681907,-0.8489723810197081,0.2504927286843265],[0.8264399169304273,0.5180237779910967,0.22056388902052756],[-0.31701383970107744,0.10438995019425365,0.9426584555057155]],"translation":[-10.915063348682233,2.5545204506829333,26.61714868146381]},{"linear":[[0.6126878716405271,-0.7874012960774636,0.06791738275384096],[0.7901827499100821,0.6086811989197523,-0.07154313262748423],[0.01499312139422333,0.09750075393115488,0.9951225096910001]],"translation":[-9.17914083957343,-1.4572321199306553,25.8197936548848]},{"linear":[[0.9731892592657246,-0.22999681536182906,-0.002032381176563248],[0.22828721262447313,0.9669581317540891,-0.11347651733636524],[0.02806446511121717,0.10997016121684339,0.9935385998741885]],"translation":[-10.218776673059544,-7.344575521000528,27.77977341612009]},{"linear":[[0.6851796453059253,-0.6948303144590682,0.2184941366882846],[0.624015171283993,0.7146959265218014,0.31593480121783535],[-0.37567794673876637,-0.08012843890814637,0.9232797591262836]],"translation":[-9.622439999604747,3.637529252158378,28.142520922736246]},{"linear":[[0.4685861951596581,-0.7832808449069482,0.40853163366825396],[0.8111813648634851,0.5646475628751162,0.15217727503607567],[-0.3498739358740637,0.260085077890004,0.8999688779368664]],"translation":[-6.430148277038542,-0.28318059171209503,17.78388592609134]},{"linear":[[0.8060493262134977,0.5480864417973857,-0.2233511496022517],[-0.5484510036818445,0.8335588235237498,0.06619051507640247],[0.22245444538409162,0.0691443420937902,0.9724880871688214]],"translation":[-5.3822424910909525,-1.8706883454284036,14.956772461161492]}],"scale":{"linear":[[0.25641025641025644,0.0,0.0],[0.0,0.25641025641025644,0.0],[0.0,0.0,0.25641025641025644]]},"k":[0.0,0.0,0.0],"files":["/tmp/jl_o7smrn/170.053 extrinsic.png","/tmp/jl_o7smrn/intrinsic0001.png","/tmp/jl_o7smrn/intrinsic0002.png","/tmp/jl_o7smrn/intrinsic0003.png","/tmp/jl_o7smrn/intrinsic0004.png","/tmp/jl_o7smrn/intrinsic0005.png","/tmp/jl_o7smrn/intrinsic0006.png","/tmp/jl_o7smrn/intrinsic0007.png"]}