{"intrinsic":{"linear":[[805.5087753446046,0.0],[0.0,805.5087753446046]],"translation":[539.3133489501934,959.5891258916956]},"extrinsics":[{"linear":[[0.9823555709460973,0.00687241536209004,-0.18689650113969014],[0.001991290802120054,0.9988836298120177,0.047196703852170105],[0.18701221081017327,-0.04673611024314031,0.9812452134951958]],"translation":[-5.106689033640769,1.8169397387978194,33.02134419300965]},{"linear":[[0.7920680056480536,0.5828942907862873,-0.18128022561069906],[-0.4909472401958437,0.43180859884694317,-0.7566453206793287],[-0.36276587735452653,0.6883135765990605,0.6281921190978201]],"translation":[-7.999440457250199,10.954733695819622,21.170847028837127]},{"linear":[[0.7857046596516022,0.5956232450217743,-0.1670363367399184],[-0.4861843020679854,0.4276235950961018,-0.7620780047605042],[-0.38248269532676366,0.6799786841562143,0.6255685229203571]],"translation":[-7.986842501169434,10.91977533451715,21.130749291304518]},{"linear":[[0.9853400660745006,0.0019994815092970086,-0.17059002392283373],[0.0028445229661446963,0.9995997629075339,0.028146450651854615],[0.17057802577528586,-0.02821907278590477,0.9849400088602909]],"translation":[-5.119556432854604,1.8294916239295163,33.09053542024633]},{"linear":[[0.9895586080545213,0.06381165989291587,-0.12923557283855483],[-0.12134654235365522,0.8526923060341329,-0.5081248349461038],[0.07777388947462467,0.5185015943002524,0.8515323357477891]],"translation":[-5.08726401020721,1.087524154601709,32.17745667326953]},{"linear":[[0.9467662153135713,0.07356389811391573,0.3134040306618634],[-0.08337641163809459,0.9963554939060574,0.018002881590783504],[-0.3109374656151487,-0.04317502353794599,0.9494492139231704]],"translation":[-4.44498614388567,0.9681217723013951,30.682096061324156]},{"linear":[[0.9824510760824081,-0.009425811858331565,-0.1862821440056175],[0.0177462095760023,0.9989153547357892,0.043048648280253246],[0.1856743255008696,-0.04559899279461864,0.9815527376080786]],"translation":[-4.672077942190341,1.3973762793102864,32.97071437912713]}],"scale":{"linear":[[0.24390243902439027,0.0,0.0],[0.0,0.24390243902439027,0.0],[0.0,0.0,0.24390243902439027]]},"k":[0.0,0.0,0.0],"files":["/tmp/jl_df1uVh/213.967 extrinsic.png","/tmp/jl_df1uVh/intrinsic0001.png","/tmp/jl_df1uVh/intrinsic0002.png","/tmp/jl_df1uVh/intrinsic0003.png","/tmp/jl_df1uVh/intrinsic0004.png","/tmp/jl_df1uVh/intrinsic0005.png","/tmp/jl_df1uVh/intrinsic0006.png"]}