{"intrinsic":{"linear":[[881.5839471210653,0.0],[0.0,881.5839471210653]],"translation":[539.5999868478568,959.6679802803094]},"extrinsics":[{"linear":[[0.7485702084629315,0.6602878253870006,-0.06051967157436402],[-0.661843253485159,0.7495994614853407,-0.008009691446398487],[0.040076811474249636,0.04605035273038466,0.998134867738556]],"translation":[-0.3972193824247514,6.603899063651026,28.851375221687412]},{"linear":[[0.7484525045401238,0.6602871257803935,-0.06196579682601344],[-0.6618816996434147,0.7495725124450217,-0.007325589669258399],[0.04161086546517147,0.04649688285814999,0.9980513893381016]],"translation":[-0.39875966573921423,6.604364164222362,28.850306074129428]},{"linear":[[0.7650919545105391,0.6251959355130019,-0.1541568790591761],[-0.6074918652146069,0.6214355232744003,-0.4947438974972305],[-0.21351331303064222,0.47217362551363945,0.8552567640936751]],"translation":[-0.440471107159956,6.502377671148581,28.140822252295884]},{"linear":[[0.9508322176422482,0.30824275911963156,-0.030074829074178244],[-0.3095409070092106,0.9426578667562752,-0.12482216602200054],[-0.010125254635785707,0.12799432679937578,0.9917232131626924]],"translation":[-0.4294195803346202,-4.345008292951371,29.089109793606]},{"linear":[[0.9990829359995539,-0.006502910563283543,-0.04232019788135798],[0.006693968991472309,0.9999680269763427,0.004374449014601932],[0.04229039812596434,-0.004653727457219636,0.9990945225788705]],"translation":[-5.218808919340938,4.100097432693802,25.61353603526476]},{"linear":[[0.6389900811558012,0.14608409285648583,0.7552159386551638],[0.03832556004472128,0.9745351787881221,-0.2209351415046081],[-0.7682596095277696,0.170119437803857,0.6171195583106556]],"translation":[-3.3999462903831215,0.23990185918620258,19.582214604685763]},{"linear":[[0.9824160391718275,-0.18075737740864742,0.04674929400842149],[0.13883107948440984,0.5398178915627276,-0.8302545244188462],[0.12483852509194235,0.8221456163363756,0.5554204967335554]],"translation":[-3.2847210076302655,5.054636702361748,25.565945698259462]},{"linear":[[0.9766511693586305,0.14616439237682083,-0.15744352572123876],[-0.14653948196155225,0.9891612255247207,0.009287095610163065],[0.15709447354015837,0.014001439909779496,0.987484321933059]],"translation":[-1.9594579794897877,1.8748292753458584,19.41632314319124]}],"scale":{"linear":[[0.25641025641025644,0.0,0.0],[0.0,0.25641025641025644,0.0],[0.0,0.0,0.25641025641025644]]},"k":[0.0,0.0,0.0],"files":["/tmp/jl_Vx3teR/285.0 extrinsic.png","/tmp/jl_Vx3teR/intrinsic0003.png","/tmp/jl_Vx3teR/intrinsic0004.png","/tmp/jl_Vx3teR/intrinsic0005.png","/tmp/jl_Vx3teR/intrinsic0006.png","/tmp/jl_Vx3teR/intrinsic0007.png","/tmp/jl_Vx3teR/intrinsic0008.png","/tmp/jl_Vx3teR/intrinsic0009.png"]}