{"intrinsic":{"linear":[[876.1574000199611,0.0],[0.0,876.1574000199611]],"translation":[527.2496208472346,923.5496714552393]},"extrinsics":[{"linear":[[0.8852281633852283,0.40672380799452773,0.22571407302170288],[-0.4039155954013774,0.9127825360705674,-0.060664929210659926],[-0.2307017350198452,-0.037467130327983725,0.9723028970458841]],"translation":[0.3733717534258686,-6.40321526827531,26.93274382257721]},{"linear":[[0.24088114179830705,0.9580556195786725,0.15526012147254611],[-0.9635093843358007,0.2552929092863155,-0.08046860732593379],[-0.11673020955515344,-0.13021121404032399,0.9845908276616002]],"translation":[-0.456217809615735,-4.3758183614391095,25.96013180333069]},{"linear":[[0.5813981966111689,0.812623103336326,0.040247098048420915],[-0.8136152055096058,0.5805293885824355,0.03187359966595566],[0.002536600252781452,-0.05127690431512421,0.998681252824451]],"translation":[-0.3493776395298222,0.5538861158325505,28.10623607414209]},{"linear":[[0.8282891034551596,0.5257316891119057,0.19376106977664573],[-0.37387033178034984,0.7761605282240847,-0.5077359642977449],[-0.41732258040022074,0.3481106512166101,0.8394407890957223]],"translation":[1.2090415062277964,-0.7078850035926213,25.80115051932192]},{"linear":[[0.07377610060812606,0.6628058788243347,-0.7451479409989408],[-0.9851665028664054,0.16451689667183078,0.048797052569254984],[0.15493240012675252,0.7304947348922997,0.665111564841262]],"translation":[2.713040536602084,-3.55281625710041,19.625507556066825]},{"linear":[[0.5202393635381695,0.7676164804509027,0.37432064271900545],[-0.8462404626319149,0.5223729087879725,0.10489815808161401],[-0.1150134080441193,-0.371337424863912,0.9213470751380912]],"translation":[1.678210681344913,-3.399100267695227,19.229725064598398]},{"linear":[[0.5180058298341578,0.057179567004241004,-0.8534637996863328],[0.02866158408817624,0.9960426709389075,0.0841279458113863],[0.8548967621036949,-0.06804039084319446,0.5143170533421223]],"translation":[0.01232574242220837,-4.9065212844631825,22.77838453411582]},{"linear":[[0.9861588356015076,-0.023636576567629547,0.16410991198962158],[-0.04900625329914508,0.9040119064237377,0.42468913358090465],[-0.1583955116240949,-0.4268533533806218,0.8903409889503344]],"translation":[-2.3044255311109634,-4.7205288961763605,20.782128091296666]},{"linear":[[0.9759842064667309,0.16744307350652204,0.13934721332769887],[-0.18878703692779952,0.9693019278454039,0.157522148802018],[-0.10869352977766167,-0.18004607690775407,0.9776344545762489]],"translation":[-1.9015816843674194,-7.065982010504703,22.832700524090534]}],"scale":{"linear":[[0.25641025641025644,0.0,0.0],[0.0,0.25641025641025644,0.0],[0.0,0.0,0.25641025641025644]]},"k":[0.0,0.0,0.0],"files":["/tmp/jl_SNd3oj/341.372 extrinsic.png","/tmp/jl_SNd3oj/intrinsic0003.png","/tmp/jl_SNd3oj/intrinsic0004.png","/tmp/jl_SNd3oj/intrinsic0005.png","/tmp/jl_SNd3oj/intrinsic0006.png","/tmp/jl_SNd3oj/intrinsic0007.png","/tmp/jl_SNd3oj/intrinsic0014.png","/tmp/jl_SNd3oj/intrinsic0015.png","/tmp/jl_SNd3oj/intrinsic0016.png"]}