{"intrinsic":{"linear":[[949.3059388664375,0.0],[0.0,949.3059388664375]],"translation":[539.2184387072202,960.1916477825176]},"extrinsics":[{"linear":[[0.9453045470105189,0.300261821133271,-0.12744470240449055],[-0.3158253375971137,0.9402238614002744,-0.12741054346178213],[0.08157002839834449,0.1606920322333659,0.9836281824164067]],"translation":[-4.860606399795605,-3.349129227051779,30.821774371511296]},{"linear":[[0.8911206748669663,-0.4536490313513955,0.010319843922418203],[0.44906354515947794,0.8849227891439962,0.12350542361536898],[-0.06516038085711294,-0.10542397074456455,0.992290235343977]],"translation":[-9.414064931992616,-1.3255142511129354,24.634188717239784]},{"linear":[[0.8906536973745212,-0.4538038167270889,0.028250438527953038],[0.44680274420500576,0.8850448531989337,0.1306250955863928],[-0.08428107215722355,-0.10371935089463674,0.9910292614882892]],"translation":[-9.391251530826578,-1.3320899961244892,24.567570563095753]},{"linear":[[0.026257984840138526,0.9994506900342057,-0.020219703812996592],[-0.9538096236412528,0.018993468582285566,-0.29981069027062046],[-0.29926195896148783,0.027158172644049322,0.9537844167196113]],"translation":[-0.4770425622824167,-4.21602424739424,27.62417461308549]},{"linear":[[0.9725618920818051,0.19612719387734104,-0.1251298920804267],[-0.180354371125612,0.9753691877572201,0.12699310370924008],[0.14695464227490182,-0.10094093022961838,0.9839792994358341]],"translation":[-5.250824899502022,-4.289308232233199,32.50998262312559]},{"linear":[[0.06880290872712669,0.9976279198723554,0.0021663891255669504],[-0.9917193127688504,0.06815905232195596,0.10884460605768051],[0.10843875890089058,-0.009637275430823829,0.9940564161506651]],"translation":[-0.007468551493636174,-12.482191398526364,31.853916771844506]},{"linear":[[0.8263635694425958,0.4736878105292161,-0.3045375334078374],[-0.5521831914535515,0.5754387753492117,-0.6032942390747404],[-0.11053042194012762,0.6667008879404894,0.7370840873639185]],"translation":[-2.4615068333336083,-5.400540141979827,27.040463757366798]},{"linear":[[0.8535255486011022,0.20500157676760505,-0.4790286958084907],[-0.3301329517822254,0.9240388733819873,-0.192780690491819],[0.4031207908713499,0.32268640194737586,0.8563685619904049]],"translation":[-0.8261027816926813,0.09645902878616068,17.56654295503436]},{"linear":[[0.9839836529048692,0.17634796570420985,0.02603009427521707],[-0.16818052436903552,0.9668050345107647,-0.19236251315574784],[-0.05908876406683514,0.1849038134723723,0.9809786428482671]],"translation":[-3.425517175926075,-0.010703238985680697,17.90375771360521]},{"linear":[[0.671933641341977,0.44742066593591967,-0.590186351355544],[-0.3870337144605638,0.8915520845562326,0.23524409534416646],[0.6314349416240522,0.07035359420025862,0.7722307208854975]],"translation":[-1.2601955989123441,1.6335503214759897,15.780459601000983]},{"linear":[[0.9727418693429283,0.1705579224670887,0.15710904083131538],[-0.12276597120660684,0.9535530663970316,-0.27507283740587096],[-0.19672765931846986,0.24828722208065543,0.9484997013233832]],"translation":[-2.0608015179452535,0.9255740004073228,17.767047072837983]},{"linear":[[0.9760645778793374,0.19663708192392965,-0.09290746913823697],[-0.18983174351907467,0.9787744064252041,0.07723063174348321],[0.10612185901942603,-0.05774529711960136,0.9926749879486386]],"translation":[-2.436352614578507,1.1950243541399428,10.237521908729732]}],"scale":{"linear":[[0.25641025641025644,0.0,0.0],[0.0,0.25641025641025644,0.0],[0.0,0.0,0.25641025641025644]]},"k":[0.0,0.0,0.0],"files":["/tmp/jl_vT4jMc/212.79 extrinsic.png","/tmp/jl_vT4jMc/intrinsic0001.png","/tmp/jl_vT4jMc/intrinsic0002.png","/tmp/jl_vT4jMc/intrinsic0004.png","/tmp/jl_vT4jMc/intrinsic0005.png","/tmp/jl_vT4jMc/intrinsic0007.png","/tmp/jl_vT4jMc/intrinsic0008.png","/tmp/jl_vT4jMc/intrinsic0009.png","/tmp/jl_vT4jMc/intrinsic0010.png","/tmp/jl_vT4jMc/intrinsic0011.png","/tmp/jl_vT4jMc/intrinsic0012.png","/tmp/jl_vT4jMc/intrinsic0013.png"]}