{"intrinsic":{"linear":[[871.8786328576473,0.0],[0.0,871.8786328576473]],"translation":[539.3234544636477,959.4305668748256]},"extrinsics":[{"linear":[[0.9380705998691805,0.3455459218187601,-0.024931216887654324],[-0.34567856136796915,0.9383523612261344,-0.001085537613080576],[0.023019163139590446,0.009636498106760219,0.9996885795249397]],"translation":[-2.2041145499719783,-12.068970641152019,29.475468421089975]},{"linear":[[0.8102493053383447,0.5838099286692308,-0.051594867825759096],[-0.5810876975409608,0.8116931412023701,0.05908749691410113],[0.07637506769407629,-0.017894460379031474,0.9969185710590752]],"translation":[0.4612306188146893,3.204154556567966,27.962883092029642]},{"linear":[[0.9376059770752471,0.34421895717258033,-0.04907485380306865],[-0.3446090266428642,0.9387461435134176,0.0005447888982981052],[0.04625635641756685,0.016400840274427807,0.9987949548977827]],"translation":[-2.2138109115002687,-12.071643311467863,29.57775868537276]},{"linear":[[0.9997399841711768,0.02278159589698598,0.0009812939425666138],[-0.022740933871591013,0.9992732583853182,-0.030590930071458217],[-0.001677491002423233,0.03056066040476471,0.9995315062866009]],"translation":[-2.8928639576643467,-5.186104347395076,29.03360205650497]},{"linear":[[0.36422361535904174,0.8927762108021284,0.2651259991788467],[-0.9307169820213397,0.3387594463125832,0.1378692747173243],[0.033272471983273974,-0.2969725154956012,0.9543061708112008]],"translation":[-1.270514283148401,3.650055676544874,25.752497645973314]},{"linear":[[-0.013190365520587444,0.8608431915560102,-0.5086993353731609],[-0.996237226772408,0.03226799567159783,0.08043733242816631],[0.08565863791968023,0.5078462129493535,0.8571784071841433]],"translation":[-0.7744111367882157,-0.788959112331496,22.30299870175129]},{"linear":[[0.943302983632147,0.15226531658666462,0.2949487318763243],[-0.23381571744667876,0.9355178951031192,0.2648329250994373],[-0.23560494762543494,-0.31878133776397904,0.918078845931995]],"translation":[-3.521898430524617,-2.4038292190495496,21.91632327017116]},{"linear":[[0.9152611887130455,0.1517449335081253,-0.37318953842544605],[-0.17460767126639198,0.9842392032670122,-0.028024130445824143],[0.3630552541563205,0.09081115518994129,0.9273317726264738]],"translation":[-2.6609726081476994,-3.8646996022622577,21.080259787461745]},{"linear":[[0.07646881815269019,-0.9920021064838572,-0.1004208174728745],[0.9629340567468966,0.04734644491465295,0.2655490849370559],[-0.25867068292965634,-0.1170048498376597,0.9588531393843227]],"translation":[-6.835755024321636,0.9819148757248447,22.84370728328304]}],"scale":{"linear":[[0.25641025641025644,0.0,0.0],[0.0,0.25641025641025644,0.0],[0.0,0.0,0.25641025641025644]]},"k":[0.0,0.0,0.0],"files":["/tmp/jl_Stt0wI/309.25 extrinsic.png","/tmp/jl_Stt0wI/intrinsic0004.png","/tmp/jl_Stt0wI/intrinsic0005.png","/tmp/jl_Stt0wI/intrinsic0006.png","/tmp/jl_Stt0wI/intrinsic0007.png","/tmp/jl_Stt0wI/intrinsic0008.png","/tmp/jl_Stt0wI/intrinsic0009.png","/tmp/jl_Stt0wI/intrinsic0010.png","/tmp/jl_Stt0wI/intrinsic0011.png"]}