{"intrinsic":{"linear":[[915.5924799019366,0.0],[0.0,915.5924799019366]],"translation":[539.453165056878,959.589364183407]},"extrinsics":[{"linear":[[0.7657019647127117,0.6431894383389455,-0.002801364725499869],[-0.642753271934145,0.7650067167294718,-0.04040983514869903],[-0.023848116341644694,0.03274247651027158,0.9991792619840196]],"translation":[-6.191556082395756,-7.288192608580881,30.96121754784502]},{"linear":[[0.7807647277401358,0.6246346205413105,-0.015428244815419337],[-0.6120316465177016,0.7595740459767341,-0.22014661555282966],[-0.1257923033325279,0.1813252864322767,0.9753447784873562]],"translation":[-6.073387086367355,-7.2935324734566205,30.521657116604302]},{"linear":[[0.7716199131106489,0.6304773996140115,0.0842671838088143],[-0.6311259106443022,0.7423489566684376,0.22494023972309285],[0.07926408142730722,-0.2267515713489902,0.9707218604143255]],"translation":[-7.512394347313064,1.0573659416874543,26.08001920349652]},{"linear":[[0.9746923682873662,0.22167967152643306,0.028860187703794178],[-0.21905567211055274,0.9728603301758839,-0.07454790732317094],[-0.044602687346834695,0.06633928852499722,0.9967997286714306]],"translation":[-10.893371361484855,-0.42536310941505434,29.490535175436367]},{"linear":[[0.9975868391035504,0.024811863433175076,0.06484496804194248],[-0.006049247756927428,0.9614739471380703,-0.274829502739998],[-0.06916577946472072,0.2737740316533194,0.9593038489150999]],"translation":[-5.340500248335556,-1.2485587631290536,21.826892447342477]},{"linear":[[0.9661775235953523,8.260952989943855e-5,-0.25787785107453076],[-0.0066914185646817295,0.9996712734322646,-0.024750151351180992],[0.257791035175284,0.025638608581194558,0.9658604681491398]],"translation":[-3.0500065759309805,1.4793312474693863,18.471053267063603]},{"linear":[[0.97799325761591,0.1810823002566893,-0.1036261964542095],[-0.17827981554228517,0.9833293240375895,0.03577356367467526],[0.10837663691049361,-0.016511844885520766,0.9939727680125081]],"translation":[-2.3644225413787976,0.8098340758065325,14.851995431874606]}],"scale":{"linear":[[0.25641025641025644,0.0,0.0],[0.0,0.25641025641025644,0.0],[0.0,0.0,0.25641025641025644]]},"k":[0.0,0.0,0.0],"files":["/tmp/jl_FXGYv6/171.475 extrinsic.png","/tmp/jl_FXGYv6/intrinsic0003.png","/tmp/jl_FXGYv6/intrinsic0004.png","/tmp/jl_FXGYv6/intrinsic0005.png","/tmp/jl_FXGYv6/intrinsic0006.png","/tmp/jl_FXGYv6/intrinsic0007.png","/tmp/jl_FXGYv6/intrinsic0008.png"]}