{"intrinsic":{"linear":[[933.7279696179432,0.0],[0.0,933.7279696179432]],"translation":[552.0309163243477,935.4929495182389]},"extrinsics":[{"linear":[[0.13267402294525077,0.9900651725572707,-0.04656777560357453],[-0.9734160272474877,0.13900523937581588,0.18204060350314877],[0.18670522631474884,0.021177759919639938,0.9821876913052539]],"translation":[-4.304073124325307,-7.391446897907555,31.378302508382117]},{"linear":[[0.7875486300916946,0.6119827963723692,-0.07241693299878448],[-0.6081773933784342,0.7908050050194505,0.06890357189290136],[0.09943547367065932,-0.010222572105017605,0.9949915002629165]],"translation":[-0.5903216031290109,-7.099660532959498,31.100623551927413]},{"linear":[[0.9938578067738021,-0.012301475929584372,-0.10997878706697027],[0.013369831058676946,0.9998702771215849,0.008982012372925768],[0.10985402829314257,-0.010397240920494752,0.993893349333323]],"translation":[-2.7056536263617534,0.22104464283526284,31.193665192148902]},{"linear":[[0.18357455533097417,0.9785178742144717,-0.09382511645517055],[-0.9816212888321184,0.187543071979334,0.03531630592410606],[0.05215388716678565,0.08561755658359771,0.9949621128756856]],"translation":[0.1709165208812815,-5.709269971669081,28.020113582760708]},{"linear":[[0.8077787722205108,0.5627880463004765,-0.17539404234812722],[-0.45379801674959375,0.7835876154514898,0.42433219169087744],[0.3762456845520749,-0.2631730682504211,0.888357541198137]],"translation":[1.6047642381707399,-0.47898400198267543,28.119787232677588]},{"linear":[[0.6390677085837675,0.320608923241002,-0.699144035363056],[-0.36984675000426026,0.925089549236422,0.08615513568464876],[0.67439294580888,0.20351718411917774,0.7097710267483603]],"translation":[-1.8714349026136339,-4.740299694961895,26.831152095175952]},{"linear":[[0.9340982318403757,0.2815496333507589,-0.21952288544189852],[-0.25974499125816164,0.9577902782563426,0.12316786266691185],[0.24493475210549687,-0.058030912776648215,0.9678013124465825]],"translation":[-0.9355405446521862,-3.5057936252945465,24.189525337569588]}],"scale":{"linear":[[0.25641025641025644,0.0,0.0],[0.0,0.25641025641025644,0.0],[0.0,0.0,0.25641025641025644]]},"k":[0.0,0.0,0.0],"files":["/tmp/jl_Vp9Liz/152.23 extrinsic.png","/tmp/jl_Vp9Liz/intrinsic0003.png","/tmp/jl_Vp9Liz/intrinsic0004.png","/tmp/jl_Vp9Liz/intrinsic0005.png","/tmp/jl_Vp9Liz/intrinsic0006.png","/tmp/jl_Vp9Liz/intrinsic0007.png","/tmp/jl_Vp9Liz/intrinsic0008.png"]}