{"intrinsic":{"linear":[[938.4587900049588,0.0],[0.0,938.4587900049588]],"translation":[539.8920201073553,958.9167014551889]},"extrinsics":[{"linear":[[0.33878444433288735,0.9390981773513382,0.05761695560728188],[-0.9383515687647931,0.3327732973449695,0.09358560771191393],[0.06871268932816178,-0.08577030878778075,0.9939426645716241]],"translation":[-1.0870903052047916,1.5275416836156057,30.83002740985275]},{"linear":[[0.9929729481434729,-0.04710264279824266,-0.10856364629414877],[0.048827498277971636,0.9987188938003034,0.013283319547952812],[0.10779888527797754,-0.0184908682251404,0.9940007485535943]],"translation":[-5.792798075993102,-4.070027301207239,30.99523802453967]},{"linear":[[0.33734058847886034,0.9184693554503188,0.20643490611670295],[-0.940560124827399,0.31967710036938285,0.11468741467175522],[0.03934436362941708,-0.23285316102234752,0.9717157127743161]],"translation":[-1.059855660753387,1.6363711844793143,30.027726765089447]},{"linear":[[0.10186615199650606,0.9935909712724091,0.04899253905825689],[-0.9917160083309542,0.09755358868314112,0.08356228907323554],[0.07824733795819001,-0.05709885411276309,0.9952974806365511]],"translation":[-2.147390270110389,-6.996474124519518,29.606294521559445]},{"linear":[[0.4249719070742581,0.7063682545857846,0.5660766442020908],[-0.898556379575173,0.40484936434287405,0.1693913366023443],[-0.10952310679681271,-0.5806383393340498,0.8067613079300289]],"translation":[-2.1752141336234163,-1.0946295129520183,27.550631794467968]},{"linear":[[0.31097325191768166,0.7552818013414677,0.5769272373134502],[-0.9184795078457442,0.39486400083084294,-0.02185896876112159],[-0.24431747841524082,-0.5230982903912496,0.8165029995845517]],"translation":[-2.6595600814775704,-6.6425772072468865,19.952025368430014]},{"linear":[[0.3407849551644356,-0.8841049159496133,0.31972505677112845],[0.8170092264934439,0.44675967180326964,0.36455688098679384],[-0.4651467920540336,0.13698282098118109,0.8745708482437999]],"translation":[-6.885952470228235,-5.433240401048223,20.080947948039924]},{"linear":[[0.8077753775861862,-0.1701273212326433,0.5644073298033071],[-0.07625790836987624,0.9192469221503727,0.38622509955739315],[-0.5845371423413107,-0.35502364806766273,0.7295714759611855]],"translation":[-6.6142323886994525,-8.823890696664488,19.913605902579047]},{"linear":[[0.8808863204107141,-0.22386624795001092,0.4170409974355717],[0.10705761528200702,0.9524824823169501,0.2851592325166246],[-0.46106177191717174,-0.20654545240243083,0.8629953757515002]],"translation":[-5.976508379704356,-11.945959578938568,15.560656192052768]}],"scale":{"linear":[[0.25641025641025644,0.0,0.0],[0.0,0.25641025641025644,0.0],[0.0,0.0,0.25641025641025644]]},"k":[0.0,0.0,0.0],"files":["/tmp/jl_zg5G3o/432.176 extrinsic.png","/tmp/jl_zg5G3o/intrinsic0003.png","/tmp/jl_zg5G3o/intrinsic0004.png","/tmp/jl_zg5G3o/intrinsic0005.png","/tmp/jl_zg5G3o/intrinsic0006.png","/tmp/jl_zg5G3o/intrinsic0007.png","/tmp/jl_zg5G3o/intrinsic0008.png","/tmp/jl_zg5G3o/intrinsic0009.png","/tmp/jl_zg5G3o/intrinsic0011.png"]}