{"intrinsic":{"linear":[[3414.2870396210055,0.0],[0.0,4552.382719494674]],"translation":[617.825023502629,803.9943919428955]},"extrinsics":[{"linear":[[-0.933862934324229,0.20487858521336844,0.2931292977788291],[-0.3576311212649588,-0.5350608454389322,-0.7653821743292325],[3.1592868355995174e-5,-0.8195942026388082,0.5729444493166392]],"translation":[0.9510202236712919,0.2613403050918711,86.79477656395788]},{"linear":[[-0.9335297778874833,0.20904894117093947,0.2912399251350263],[-0.35846306261554445,-0.5326650024547059,-0.7666630471727542],[-0.005136782809393142,-0.8201015396615456,0.572194965118649]],"translation":[0.698853848170414,0.4549761693374027,81.39041825726585]},{"linear":[[-0.9338018062639358,0.20819483081135276,0.2909795508994456],[-0.35776343416185946,-0.5332880736936707,-0.7665566878142848],[-0.004417215743391184,-0.8199138630853403,0.5724698641199815]],"translation":[0.7324389549432884,0.42749814800268776,82.21480993411488]},{"linear":[[-0.9338863088196776,0.20496118770936797,0.29299705413522903],[-0.3575700652112638,-0.5350722332013573,-0.7654027395572373],[-0.00010326649809941357,-0.8195661149594197,0.5729846180713344]],"translation":[0.951779094744998,0.2603708675051094,86.78842551329772]},{"linear":[[-0.9339046614454248,0.20495290978560282,0.29294434300890776],[-0.35752211998809275,-0.5350702856622558,-0.7654264975296657],[-0.00013057459878934585,-0.8195694565878636,0.5729798327851929]],"translation":[0.9508288031559299,0.2615067843062048,86.78880228854756]},{"linear":[[-0.9338561789367672,0.20495572865754486,0.2930968890180774],[-0.3576487591633052,-0.5350538440181403,-0.7653788271636206],[-4.615808149635581e-5,-0.8195794856460636,0.5729655003379917]],"translation":[0.9529232254024519,0.26341230646577374,86.79995924202915]},{"linear":[[-0.988388409711993,0.14785374098858092,-0.03503744886087431],[-0.11039054222973141,-0.5402609482853731,0.8342254107518032],[0.10441398246031344,0.8284065300524077,0.550309314143697]],"translation":[-0.231907178511838,0.7623683256831715,76.3625509294414]},{"linear":[[-0.9545338107234254,0.12580762036877607,-0.2702547813507879],[-0.29328257860574314,-0.5586957957886562,0.7757862700863212],[-0.053390385578139035,0.819775243847499,0.5701912102993096]],"translation":[1.055735149334107,0.8112697646346173,70.2320947738767]},{"linear":[[-0.940827501158699,0.15966039898228102,0.29891833342954494],[-0.3388826238209665,-0.44709426986530243,-0.8278075145381497],[0.001476595982344009,-0.8801223044841157,0.47474471962716336]],"translation":[1.6905568129072077,0.2649714922700691,64.97321379158373]},{"linear":[[-0.8592034404166159,0.1295058844662614,0.4949723970736772],[-0.46794551687595365,-0.5900826740384759,-0.6578977360010431],[0.20687300745130371,-0.7968881124023705,0.5676027617091373]],"translation":[0.7161592309860444,0.6571594131976494,75.16637813059036]},{"linear":[[-0.9896001063981013,0.07164701427078864,-0.12473305401114665],[-0.14337968241229893,-0.5610587837262971,0.8152639498192693],[-0.01157134772679979,0.8246694771541196,0.5654965582230682]],"translation":[1.375486024283324,0.6001405448281446,57.81361720316402]},{"linear":[[-0.9512603727859282,0.05793252135221459,-0.3028985409950863],[-0.25405616595362984,-0.7039788964949509,0.6632263398197427],[-0.17481180654669312,0.7078541772565352,0.6843853417719838]],"translation":[1.2022281729880848,0.98186609285646,75.91971177813889]},{"linear":[[-0.9866954161869846,0.12176495043051799,0.10772860586792617],[0.04092489675477513,-0.45526332203856956,0.8894157972692058],[0.15734455345262027,0.8819912723224983,0.44422301498879624]],"translation":[1.3400856656538105,0.2906873178856435,63.45129366928932]},{"linear":[[-0.9857949465895093,0.09251675187572171,0.140174797666887],[0.09354724351999806,-0.3907046600431479,0.9157503927656151],[0.13948919853664926,0.9158550754584124,0.37649999236211]],"translation":[1.3053563409177034,0.0558576927344461,61.58608281994202]},{"linear":[[-0.9810032970088414,0.10297428269658898,0.16440446575718598],[0.1244627587161771,-0.31596211443747935,0.9405726787085386],[0.14880037953762565,0.9431671322429128,0.2971434126918151]],"translation":[1.2906057858963065,0.03655226420573546,61.95499626474185]},{"linear":[[-0.6583146144712351,0.08930906254723858,0.7474260898045523],[-0.38708702528821487,-0.8917559955170169,-0.2343819090991773],[0.6455892682093701,-0.4436159778529032,0.6216263837438871]],"translation":[0.9485275151398669,1.7952868011791785,103.86073327782583]},{"linear":[[-0.9201694822149644,0.12791313533003018,0.3700356115433835],[-0.38709400999977067,-0.4389434805059161,-0.8108556273120697],[0.05870563365250259,-0.8893631714498831,0.45341680366530784]],"translation":[1.8079442929712446,0.1817561539331655,65.92889177809573]},{"linear":[[-0.92940580679837,0.13161043706415188,0.3447949233171137],[-0.3687939356254316,-0.295768100208791,-0.8811993326965176],[-0.013995689885689194,-0.9461500535087793,0.32342572085404425]],"translation":[2.4518009087504566,0.03459988603828509,67.65364413467005]},{"linear":[[-0.9749321112678353,0.11677426723689871,-0.1893968028508567],[-0.2217670436942638,-0.5791282996839181,0.7844933338380385],[-0.01807641418941819,0.8068297112876416,0.5905074599304849]],"translation":[0.7367186791973828,0.5528214454431318,51.02804043386955]}],"scale":{"linear":[[0.25,0.0,0.0],[0.0,0.25,0.0],[0.0,0.0,0.25]]},"k":[-1.9636628949793145,0.0,0.0],"files":["/tmp/jl_MiQLqp/38.0 extrinsic.png","/tmp/jl_MiQLqp/intrinsic0001.png","/tmp/jl_MiQLqp/intrinsic0002.png","/tmp/jl_MiQLqp/intrinsic0003.png","/tmp/jl_MiQLqp/intrinsic0004.png","/tmp/jl_MiQLqp/intrinsic0005.png","/tmp/jl_MiQLqp/intrinsic0006.png","/tmp/jl_MiQLqp/intrinsic0007.png","/tmp/jl_MiQLqp/intrinsic0008.png","/tmp/jl_MiQLqp/intrinsic0009.png","/tmp/jl_MiQLqp/intrinsic0010.png","/tmp/jl_MiQLqp/intrinsic0011.png","/tmp/jl_MiQLqp/intrinsic0012.png","/tmp/jl_MiQLqp/intrinsic0013.png","/tmp/jl_MiQLqp/intrinsic0014.png","/tmp/jl_MiQLqp/intrinsic0015.png","/tmp/jl_MiQLqp/intrinsic0016.png","/tmp/jl_MiQLqp/intrinsic0017.png","/tmp/jl_MiQLqp/intrinsic0019.png"]}