{"intrinsic":{"linear":[[1378.7663451540732,0.0],[0.0,1378.7663451540732]],"translation":[538.6203482734651,972.0351887773975]},"extrinsics":[{"linear":[[0.248376268566961,0.9650764890636184,0.08328625018208419],[-0.967977955650868,0.2505158506193725,-0.016139577516735167],[-0.03644045261408357,-0.07661056614522667,0.9963949591242363]],"translation":[3.463112209696205,-4.143451846654116,37.76471968880031]},{"linear":[[0.2486614105082579,0.9652239346199993,0.08068617577212925],[-0.967947760552132,0.25066687920578495,-0.015596426236325112],[-0.035279395773685364,-0.0742217737993356,0.9966175256977594]],"translation":[3.4623972373567216,-4.144995318001088,37.77321241943627]},{"linear":[[0.24857568680098951,0.9653789556211916,0.07907970646856284],[-0.9678808677891542,0.25073131663667036,-0.018450816387242237],[-0.037639788776378455,-0.0719533105658065,0.9966975305475029]],"translation":[3.462623541456583,-4.145791289340059,37.79210219706504]},{"linear":[[0.24835618474528576,0.9646842113495913,0.08777002832164564],[-0.9679209404934441,0.25070337840768664,-0.016639381276314015],[-0.038055991027061045,-0.080821955109916,0.9960017836927597]],"translation":[3.461639348201703,-4.142705093017328,37.739879939443604]},{"linear":[[0.24851885743213642,0.9650150983142259,0.08357175076669413],[-0.9680386250988248,0.25044865506934544,-0.01329253515072424],[-0.033757929696630544,-0.07759723706125773,0.9964131025749594]],"translation":[3.4621856982302206,-4.142567234280199,37.75684265947996]},{"linear":[[0.24796031978195804,0.9647876850520143,0.0877519377883167],[-0.9679342706278511,0.2504899935812586,-0.018921174905145013],[-0.04023589886853758,-0.08024640731918477,0.9959626431521438]],"translation":[3.464558991843742,-4.142939967796537,37.76018983861145]},{"linear":[[0.24873970014967106,0.9652399866206873,0.08025166539048958],[-0.9678850874829183,0.25082527285869916,-0.01688608668527808],[-0.03642827195510815,-0.07347415003832647,0.9966315920532071]],"translation":[3.4620453285361314,-4.1444846017778305,37.77178633599098]},{"linear":[[0.15091640190575817,0.6807981024438357,0.7167553162305059],[-0.9738130094791464,0.22710010447296397,-0.010666073201362036],[-0.1700366495935145,-0.6963759661685932,0.6972431796280052]],"translation":[4.0450253079288725,-2.630033158813271,33.10095893929289]},{"linear":[[0.24348315287965966,0.9291587492383845,-0.2781725597134651],[-0.9666242106717865,0.25603553918789584,0.009134441193046017],[0.0797094072674364,0.2666642484221019,0.9604876829020503]],"translation":[3.3033712306814724,-5.438597549625223,36.57010896420974]},{"linear":[[0.23662076235822238,0.9641436871895509,0.1201564200263604],[-0.9452343815335066,0.19981682578506943,0.25807983280401575],[0.22481676714156168,-0.17464302615826577,0.9586225715193131]],"translation":[3.079403738924465,-4.637961862286338,34.787037828018335]},{"linear":[[0.23946121261499148,0.9629546949770287,0.12400235108519309],[-0.6288434102312435,0.05651652447733263,0.7754752400107583],[0.7397393412964447,-0.2636743026589825,0.6190812297716684]],"translation":[-0.2872547954857654,-3.1176765396503496,29.400747512357345]},{"linear":[[0.20652916734949506,0.9736501374204565,0.09670115270797014],[-0.9763893258927208,0.21148326171990223,-0.044030833458719706],[-0.06332130223457558,-0.08532432193365035,0.9943390632826812]],"translation":[3.7614884409771068,-4.869768543890855,37.661476866188806]},{"linear":[[0.20792139286627176,0.9733276908192803,0.0969633986252385],[-0.6466405094644294,0.2111552757024434,-0.732986699103475],[-0.7339105844093902,0.08970315394361866,0.6732968129023298]],"translation":[4.548912553812849,-4.878764570522184,36.17906033608494]},{"linear":[[0.24605113839559972,0.9574994471304258,0.15051128209924405],[-0.9665371091705978,0.25400918501379494,-0.035851785517201674],[-0.0725593129127696,-0.13665336685774138,0.9879579967974703]],"translation":[4.056866289891619,-2.9506864779375928,27.11538681806497]},{"linear":[[0.31420901713118343,0.942473153191039,0.11409228312027236],[-0.7323425251420147,0.16415351391819216,0.6608540305823425],[0.6041085328168057,-0.29120092613597665,0.7417916831533475]],"translation":[3.1003006750534627,-2.751114273502928,22.851719788532595]},{"linear":[[0.20309820326592365,0.9710246904331709,-0.12594510867563785],[-0.9293407337682181,0.23166911135190071,0.2874982146111005],[0.30834545624883675,0.058655548881459796,0.949464378582004]],"translation":[3.7764222025493073,-3.0639048863121605,24.002861354994625]},{"linear":[[0.22414519587679943,0.8377536742883274,0.49792340011467473],[-0.9709856425512802,0.23566811338803445,0.04058845022173724],[-0.0833415450098515,-0.49257417872695247,0.8662706651658241]],"translation":[4.3462417487116225,-3.029352783159448,25.454656682147487]},{"linear":[[0.23611715752787282,0.9715015182313672,-0.020820374518877357],[-0.9711830586630202,0.23521617257152733,-0.03842939925034091],[-0.03243693091058947,0.029294235524247182,0.9990443900438817]],"translation":[4.332091680142444,-2.294070963116922,26.501215784814065]},{"linear":[[0.19424698715219746,0.6035553188410863,-0.7732975398130584],[-0.9660289869913512,0.25468081840939494,-0.04388253669495906],[0.17045851188707967,0.7555518895701043,0.6325229149147776]],"translation":[4.300154921588624,-2.582990506200863,26.536354340970536]},{"linear":[[0.02007149804836783,0.9560337534918899,0.29256896135834787],[-0.9341818142052274,0.12219779452503948,-0.3352193864045546],[-0.3562323300520662,-0.2665842478418864,0.8955620390728111]],"translation":[1.614738201568025,-3.7049210676286064,20.475342989457644]},{"linear":[[0.09021177247289874,0.9894714385945608,0.11317291333578068],[-0.993811347526436,0.09683277988341848,-0.054428101820096386],[-0.06481390001371086,-0.10756246996819846,0.9920834004353429]],"translation":[3.9158748896034496,-3.545586073485833,15.964603590484174]},{"linear":[[0.029913291119322005,0.997944463067187,0.05667489433562584],[-0.9979451636813659,0.03303136370163767,-0.054903363257469084],[-0.05666255641410966,-0.054916096415839694,0.996881927338972]],"translation":[4.064835652509923,-3.591571439521726,15.09270945095787]},{"linear":[[-0.021862214406212,0.7260796004883341,0.6872630190370772],[-0.9962982295161689,0.04134229713809562,-0.07537010236355501],[-0.08313772575795042,-0.6863666864162673,0.722487986290256]],"translation":[3.9492687998828746,-3.336638908100925,13.984403924584846]},{"linear":[[-0.04711858002486308,0.37927570184915843,0.9240832112982407],[-0.996004867039171,0.05241415830352619,-0.07229841522202352],[-0.07585607589853166,-0.923797974665544,0.3752907642789988]],"translation":[3.975054443520919,-2.779895270400572,14.770203019015652]},{"linear":[[-0.023937850166593166,0.4957624190993681,0.8681282181441541],[-0.995839548391362,0.06454790097095181,-0.0643207768915463],[-0.08792367820496144,-0.8660561138223011,0.49215468556331315]],"translation":[3.949650260915872,-3.2066029917645054,14.604230823905596]},{"linear":[[0.13334894397927655,0.9875329125922013,0.08364691080234332],[-0.8971543638472569,0.0844198416883204,0.4335750658872607],[0.42110818867535127,-0.13286096822047602,0.8972267587149205]],"translation":[3.4237480852773152,-4.2990022180823075,13.998110190545585]},{"linear":[[-0.003920959283230441,0.9999727964079773,-0.006247601324457508],[-0.4650547493825766,0.0037074801214574404,0.8852741579125971],[0.8852732381332942,0.006376600595859261,0.46502756134430656]],"translation":[1.4242134250855836,-3.6736990603897244,9.988389914687508]},{"linear":[[0.028472949898195987,0.9995872953571062,-0.0038118348285346437],[-0.8439209249614911,0.026082190015362328,0.535833175322454],[0.535711455483487,-0.012039863980450094,0.844315271767067]],"translation":[2.4198490282270084,-2.995322867232553,12.645568162731804]},{"linear":[[-0.0032576453889801016,0.990750625867158,-0.13565612809731215],[-0.6715823242066891,-0.1026793470392896,-0.7337807121373026],[-0.7409227824541915,0.08871386044705659,0.6657051009305238]],"translation":[3.180032633410272,-2.7781671276130404,17.056659173632163]},{"linear":[[-0.04936269090880929,0.9910816353084935,-0.12377607563856657],[-0.636354945630063,-0.12672556193067297,-0.760915905422876],[-0.7698153726176176,0.04120466123629646,0.6369352148955192]],"translation":[3.452499346428279,-2.6750670217906434,16.698119480215986]},{"linear":[[-0.0011174123270319969,0.9225033222739258,-0.3859875280151687],[-0.9990235853018192,-0.01807732217552105,-0.04031236080485695],[-0.04416590767084888,0.3855655985906052,0.9216227762935757]],"translation":[3.8416382885471205,-2.638050463075338,20.817082831191534]},{"linear":[[0.07623886664189505,0.6120681594301938,-0.7871214667539528],[-0.9970071365531277,0.03664420713673072,-0.06807328217041664],[-0.012822046454920022,0.789955549569123,0.6130300358299361]],"translation":[3.592651852246193,-2.5369520610891847,18.035666930809803]},{"linear":[[0.09464060887011022,0.42072522061619866,-0.9022380195326207],[-0.9953055202898833,0.05842469895625918,-0.07715877028799079],[0.020250344026195244,0.9053048344559534,0.4242794836867549]],"translation":[3.3627772259610853,-2.315880048007774,18.988847622706523]},{"linear":[[0.09056353867525918,0.9938081885253609,-0.06437025619457737],[-0.9899344270929531,0.08277504417129483,-0.11479600218904436],[-0.10875695618562384,0.07411866487181822,0.9913013406622919]],"translation":[3.2229701732557277,-2.81684088743028,25.36365857970751]}],"scale":{"linear":[[0.25,0.0,0.0],[0.0,0.25,0.0],[0.0,0.0,0.25]]},"k":[-0.009539750650725496,0.0,0.0],"files":["/tmp/jl_fKw66N/16.0 extrinsic.png","/tmp/jl_fKw66N/intrinsic0001.png","/tmp/jl_fKw66N/intrinsic0002.png","/tmp/jl_fKw66N/intrinsic0003.png","/tmp/jl_fKw66N/intrinsic0004.png","/tmp/jl_fKw66N/intrinsic0005.png","/tmp/jl_fKw66N/intrinsic0006.png","/tmp/jl_fKw66N/intrinsic0007.png","/tmp/jl_fKw66N/intrinsic0009.png","/tmp/jl_fKw66N/intrinsic0011.png","/tmp/jl_fKw66N/intrinsic0012.png","/tmp/jl_fKw66N/intrinsic0013.png","/tmp/jl_fKw66N/intrinsic0014.png","/tmp/jl_fKw66N/intrinsic0016.png","/tmp/jl_fKw66N/intrinsic0017.png","/tmp/jl_fKw66N/intrinsic0018.png","/tmp/jl_fKw66N/intrinsic0019.png","/tmp/jl_fKw66N/intrinsic0022.png","/tmp/jl_fKw66N/intrinsic0023.png","/tmp/jl_fKw66N/intrinsic0024.png","/tmp/jl_fKw66N/intrinsic0025.png","/tmp/jl_fKw66N/intrinsic0026.png","/tmp/jl_fKw66N/intrinsic0027.png","/tmp/jl_fKw66N/intrinsic0028.png","/tmp/jl_fKw66N/intrinsic0029.png","/tmp/jl_fKw66N/intrinsic0030.png","/tmp/jl_fKw66N/intrinsic0032.png","/tmp/jl_fKw66N/intrinsic0033.png","/tmp/jl_fKw66N/intrinsic0034.png","/tmp/jl_fKw66N/intrinsic0035.png","/tmp/jl_fKw66N/intrinsic0036.png","/tmp/jl_fKw66N/intrinsic0038.png","/tmp/jl_fKw66N/intrinsic0039.png","/tmp/jl_fKw66N/intrinsic0040.png"]}