{"intrinsic":{"linear":[[1363.3994308222766,0.0],[0.0,1363.3994308222766]],"translation":[536.7296629115568,981.825045454533]},"extrinsics":[{"linear":[[0.41046002628957284,0.899759008370531,0.14817656250042266],[-0.9114480138142734,0.4098064768685091,0.03634789719689677],[-0.028019367094550794,-0.14997459242384573,0.9882927383599063]],"translation":[2.913900614218183,-7.986358039063988,36.73557637654042]},{"linear":[[0.4101351823687596,0.8975310804145733,0.1619478060153727],[-0.9115100505649834,0.4093543997266054,0.03972912210824729],[-0.03063592502872592,-0.1639113635911772,0.9859992418776573]],"translation":[2.9141169710143906,-7.978634636200054,36.66067823384169]},{"linear":[[0.41016774719640453,0.8977587615454291,0.16059771240040724],[-0.9114563751489703,0.40964849788118346,0.03788646702966399],[-0.03177570392809825,-0.16191761563248014,0.9862925480747415]],"translation":[2.9144083868050825,-7.979953268920585,36.66961103722662]},{"linear":[[0.40989737635084866,0.8985516741472583,0.1568088956272894],[-0.9115027555746897,0.4098991628920716,0.03384380061586163],[-0.03386543134876767,-0.1568042255410811,0.9870489184493461]],"translation":[2.9158238215170154,-7.980598877658696,36.69277272984162]},{"linear":[[0.41005734857265197,0.8983931992234452,0.15729790357989412],[-0.9116962775357905,0.4086204216718574,0.04288646080170732],[-0.025746230965898786,-0.16099382156398623,0.9866195421788857]],"translation":[2.9154600396215633,-7.976496903222062,36.66307992797141]},{"linear":[[0.41040295852555186,0.8998227162429879,0.14794759533890778],[-0.9116006097128113,0.4090173992740217,0.04109860657426148],[-0.023531680872911534,-0.15173610784584723,0.9881408875110315]],"translation":[2.9154410612549877,-7.984325401841751,36.70694107055295]},{"linear":[[0.410060114153418,0.8989134659052206,0.15428960948408066],[-0.9115824094103372,0.4094043459981052,0.03749123006128606],[-0.029465465109692467,-0.1560213520391613,0.9873140959561664]],"translation":[2.9160962766923872,-7.982215314763134,36.69887677466195]},{"linear":[[0.41067981107167206,0.9000740313391526,0.1456325200187841],[-0.9114718719828363,0.40942018719361695,0.03992664401683899],[-0.023687958169489216,-0.1491370122646604,0.988532767393439]],"translation":[2.911872326422239,-7.9855880538200275,36.722200836321775]},{"linear":[[0.20622785694505663,0.39037105765651264,0.8972627866817975],[-0.9188805078547528,0.39245680882210054,0.04045077865461422],[-0.33634607668953226,-0.8328193624990409,0.4396398823380909]],"translation":[4.52137448819302,-3.9846533554536427,31.27019787535174]},{"linear":[[0.3986499075200536,0.8826602082737806,0.24897632008755183],[-0.917097498233899,0.3846317358458029,0.10483609356213282],[-0.0032295460016136257,-0.27012845927508417,0.9628188747227033]],"translation":[2.9780837362700305,-7.763444508769232,35.61090979331751]},{"linear":[[0.41124346618416696,0.8948681950164039,0.17346390134236928],[-0.5725815048852048,0.10553461612486487,0.8130269768358069],[0.7092455370210138,-0.4336742537290641,0.5557853991140045]],"translation":[-0.563198416807203,-4.967339950379773,28.82248886155683]},{"linear":[[0.39093894489236025,0.9065607824073617,0.15910464847829],[-0.9051395895137558,0.4100266640533986,-0.11225176283743032],[-0.16700019419544834,-0.10012833048739739,0.9808594458802388]],"translation":[3.5400158041758707,-7.991449288573862,36.514268150837225]},{"linear":[[0.3941792553689991,0.9102944769800998,0.126438442794382],[-0.8696110572029594,0.41394322565659003,-0.26912379144804127],[-0.2973202378363989,-0.0038692521944477254,0.9547699749470357]],"translation":[3.5604812667153114,-7.951901608313508,36.203780878911225]},{"linear":[[0.2315750649097567,0.6587949590194413,-0.7157947969094319],[-0.9331838059623883,0.3583166058688511,0.02787820381908429],[0.2748471822697005,0.6615122160090465,0.6977539784689206]],"translation":[2.930528406760658,-8.332124352892764,34.7102216383822]},{"linear":[[0.18297032287796938,0.5087704262616894,0.8412339236546695],[-0.940616151017188,0.33947125639438697,-0.0007228607244866847],[-0.28594250714355535,-0.7911459533129871,0.5406708454919154]],"translation":[4.15987749052342,-5.259174570154235,22.44917112534858]},{"linear":[[0.4177403450057455,0.880799785523795,0.22290074467286428],[-0.7973882487414674,0.2378227502976486,0.5546280917965459],[0.4355054361583749,-0.4094289648548316,0.8016875562302339]],"translation":[3.747052112824671,-4.9221026159401315,19.018849772763566]},{"linear":[[0.3218691607300954,0.915273970538473,0.24222675786469666],[-0.9467814530432416,0.31054440056972377,0.08465846353507302],[0.0022635247363929772,-0.2565847503838243,0.96651908533988]],"translation":[4.224701008454268,-5.33716198037441,21.607323118958153]},{"linear":[[0.239221736173857,0.7732161641401071,-0.5872901535479929],[-0.9438178394304665,0.3272009268792381,0.04634047283071521],[0.22799308523455775,0.5432092754747723,0.8080487832571751]],"translation":[4.314035246368467,-6.030742190530119,22.54171204655312]},{"linear":[[0.16891564277816462,0.9374156026367839,0.3044987578923016],[-0.9843605754479963,0.17612328997401838,0.003852821358075048],[-0.05001762817776245,-0.3003873743382748,0.9525049407796413]],"translation":[3.318781291683746,-4.978355706526527,14.518717134942655]},{"linear":[[0.24309474540815057,0.9600090694169554,0.13887955714264696],[-0.9694886500033713,0.24512267816772193,0.002574910197237476],[-0.031570591847270624,-0.13526810150613716,0.9903059317429833]],"translation":[3.6762965916220933,-5.921722271580976,14.30599812891648]},{"linear":[[0.17627616409412916,0.971669416701046,0.15743334659502184],[-0.9834905714463544,0.18050260455634304,-0.012849343348958861],[-0.04090244306129725,-0.15256917905076717,0.9874460166284494]],"translation":[3.992650107176464,-5.331472067199978,15.02571258222647]},{"linear":[[0.20744557838764588,0.964788201912154,0.16170979394745377],[-0.9778786354497969,0.20904799986144607,0.007232432839090502],[-0.02682734310844527,-0.15963288885765886,0.9868118536259585]],"translation":[2.576456015429877,-5.150020471934789,14.95772840813932]},{"linear":[[0.22496179738538696,0.9639585610167792,0.14204253714854737],[-0.9733152678921418,0.2290915755725273,-0.013207546696681643],[-0.04527227634197511,-0.13528097665288097,0.989772437659616]],"translation":[2.946138095492137,-5.356983712020604,14.906414694040635]},{"linear":[[0.24081984723230926,0.9538024951174813,0.1796290663747775],[-0.9697714814579201,0.24396998088405336,0.00468211259428114],[-0.03935828921482848,-0.1753266914508503,0.9837232722341076]],"translation":[3.3901024538288485,-5.621321220971425,14.952018984132199]},{"linear":[[0.07349506700660269,0.3839681377779271,0.9204167231732838],[-0.9601363478228302,0.27682405818143446,-0.03881538871889245],[-0.2696973650504059,-0.8808728114678716,0.3890069681915165]],"translation":[3.7807574960141572,-4.617934462344421,14.05188635432855]},{"linear":[[0.17745254702829116,0.7599935423525292,0.6252362826449105],[-0.9668395625947888,0.2531960297833348,-0.03336211479319323],[-0.18366233624423292,-0.5985829817864945,0.7797221044454873]],"translation":[3.6154487421849746,-5.1169269012018725,14.818096696675688]},{"linear":[[0.21555681767648,0.8497386398905239,-0.4811231674220141],[-0.9695651193760119,0.2448254656013627,-0.0019926571345137978],[0.11609796571244704,0.4669097720867262,0.8766507440750582]],"translation":[3.8517153374504134,-4.977587374500601,16.87593429938682]},{"linear":[[0.1886350536662228,0.733299211716357,-0.6532144231601984],[-0.9649595084666134,0.2619464927306724,0.015400713164393287],[0.18240055797122254,0.627420354341704,0.7570163376107002]],"translation":[3.347753685335459,-5.336811141310045,18.08772175182596]},{"linear":[[0.1938288009359213,0.7554674505732791,-0.625858871513421],[-0.9627697620520269,0.26901526033757245,0.026555131025684908],[0.18842712439037584,0.5974108475997217,0.7794841229711839]],"translation":[2.651215895628863,-5.071127745854353,18.30980193287188]},{"linear":[[0.2764920822361553,0.9460082823464206,0.16917582035471326],[-0.9605967119750454,0.27725614797093756,0.019570011626196912],[-0.028391643197373084,-0.16792069004233146,0.985391575188392]],"translation":[2.3920183526124377,-4.980539785612795,15.840257187507737]},{"linear":[[0.3041029482287632,0.9409033821022581,0.14907119918718856],[-0.9506936551728393,0.3097389021912225,-0.015600848806494566],[-0.06085204099026554,-0.13697677911934047,0.9887033888327736]],"translation":[2.564398176177851,-4.925506710455014,15.585992833921914]},{"linear":[[0.27354618569041583,0.9497760695678954,0.15197993936827697],[-0.5213997434671414,0.279197458505911,-0.8063442730473378],[-0.8082789071889875,0.1413300988466391,0.5715863988526806]],"translation":[0.9105575079805031,-4.851950316791249,18.218231575182603]}],"scale":{"linear":[[0.25,0.0,0.0],[0.0,0.25,0.0],[0.0,0.0,0.25]]},"k":[-0.03680890543378818,0.0,0.0],"files":["/tmp/jl_3riBJu/16.0 extrinsic.png","/tmp/jl_3riBJu/intrinsic0001.png","/tmp/jl_3riBJu/intrinsic0002.png","/tmp/jl_3riBJu/intrinsic0003.png","/tmp/jl_3riBJu/intrinsic0004.png","/tmp/jl_3riBJu/intrinsic0005.png","/tmp/jl_3riBJu/intrinsic0006.png","/tmp/jl_3riBJu/intrinsic0007.png","/tmp/jl_3riBJu/intrinsic0008.png","/tmp/jl_3riBJu/intrinsic0009.png","/tmp/jl_3riBJu/intrinsic0010.png","/tmp/jl_3riBJu/intrinsic0011.png","/tmp/jl_3riBJu/intrinsic0012.png","/tmp/jl_3riBJu/intrinsic0013.png","/tmp/jl_3riBJu/intrinsic0015.png","/tmp/jl_3riBJu/intrinsic0016.png","/tmp/jl_3riBJu/intrinsic0017.png","/tmp/jl_3riBJu/intrinsic0018.png","/tmp/jl_3riBJu/intrinsic0020.png","/tmp/jl_3riBJu/intrinsic0022.png","/tmp/jl_3riBJu/intrinsic0023.png","/tmp/jl_3riBJu/intrinsic0024.png","/tmp/jl_3riBJu/intrinsic0025.png","/tmp/jl_3riBJu/intrinsic0026.png","/tmp/jl_3riBJu/intrinsic0027.png","/tmp/jl_3riBJu/intrinsic0028.png","/tmp/jl_3riBJu/intrinsic0029.png","/tmp/jl_3riBJu/intrinsic0030.png","/tmp/jl_3riBJu/intrinsic0031.png","/tmp/jl_3riBJu/intrinsic0032.png","/tmp/jl_3riBJu/intrinsic0035.png","/tmp/jl_3riBJu/intrinsic0036.png"]}